0 1.0418036102131984 0.10388474339521674 0.2006175006947076 -0.11450707854657882 0.1582463024760217 0.04869529354001116 0.9994324119945125 0.26708711548180675
0 0.95357748541072 0.16886155343952847 0.2185788023315911 -0.004632164928188537 0.1875524762038332 0.12680953255363198 0.9225511592829619 0.30030325092134896
0 0.8119763220545195 0.20839249945738442 0.2046692847167241 0.09760512187233884 0.19712912686965273 0.13893826850855234 0.8044361642074481 0.24972564609359793
0 0.9540270992677244 0.24679408452797932 0.19717097103600673 0.12011374033669489 0.17616773669705243 0.24559829536854078 0.9330238649287701 0.3722786395598252
0 0.9488354125726819 0.3129282644334418 0.19877489385716124 0.1377127829773876 0.1744887340369905 0.2416767105992404 0.924549252752511 0.4168921920552945
0 0.8839097899025893 0.3458048673736103 0.1907479324351565 0.2123091139236048 0.18119091753256703 0.26193285123749455 0.8743527749999999 0.3954286046875001
0 0.9704877005692516 0.40086537734523847 0.18915825716828852 0.24568201178997057 0.1731881278464634 0.32608967796872124 0.9545175712474265 0.48127304352398914
0 0.9395078580018366 0.420197874882588 0.18854645754082236 0.2702797166531861 0.1730404276526309 0.3479516281677907 0.9240018281136452 0.49786978639719254
0 0.953793065817082 0.47011419571497515 0.19348241525442042 0.2603232478439371 0.16597768929655418 0.3600040791609684 0.9262883398592157 0.5697950270320064
0 0.7477402079109674 0.4717361295005281 0.18082420614213807 0.3540289262615022 0.17515247781941973 0.3813458062429682 0.7420684795882491 0.49905300948199416
0 0.9223089924468887 0.5435040319490335 0.17990358829287884 0.39592667866299086 0.16318609946081927 0.48002599184656136 0.9055915036148292 0.627603345132604
0 0.7533280852163967 0.4962261840056705 0.17709734178637287 0.37977493214984126 0.17341348810003426 0.3980035876132826 0.7496442315300581 0.5144548394691117
0 0.9019179783827396 0.5986022606986905 0.18917833477993773 0.4434123244337475 0.17429975111774892 0.5117450828066785 0.8870393947205507 0.6669350190716214
0 0.8926983081432504 0.6435079769865396 0.17693942452145403 0.4991197281707157 0.15842851377306064 0.5908816888618043 0.874187397394857 0.7352699376776283
0 0.8779661806681771 0.702372274597908 0.16807582395345394 0.5567176777368422 0.1470946601927078 0.6589755271105437 0.8569850169074311 0.8046301239716096
0 0.8534669467069536 0.7729066295799149 0.20661383932526506 0.6131370246622645 0.1899412914228236 0.6806385336271459 0.836794398804512 0.8404081385447963
0 0.8123860436591043 0.8012561940560708 0.19778527172934018 0.6885577228885638 0.18417632733279912 0.7627740600279702 0.7987770992625632 0.8754725311954772
0 0.8069462660209824 0.8587733104618678 0.18809604236529517 0.7502587702210135 0.1762804041471219 0.8176424621918921 0.7951306278028091 0.9261570024327461
0 0.8053158475435256 0.9164764744719051 0.1857870609276317 0.8076574432434882 0.17051956542363522 0.8945783876544006 0.7900483520395291 1.0033974188828174
0 0.6925657608402058 0.985124683642508 0.17068848225762864 0.8916929218923718 0.16137350687398605 0.9437231299524486 0.6832507854565633 1.0371548917025848