0 0.1471372988747946 0.06658099711138833 0.004535841425753056 0.06139951740954351 -0.027761315342201102 0.9502617520585893 0.11484014210684043 0.9554432317604341
0 0.1978591053493381 0.14385325943868693 0.06952071059125992 0.1419893454616741 0.05850537689913319 0.9004418605491811 0.18684377165721136 0.9023057745261939
0 0.22656980490861126 0.8864278716736267 0.17961316043858097 0.2708379267206179 0.13798672622030023 0.2740131534899442 0.1849433706903305 0.8896030984429529
0 0.26492868443447143 0.11514387465956077 0.15336797976713135 0.11315962638493327 0.13961967141328457 0.8861329420487521 0.25118037608062466 0.8881171903233798
0 0.3100435009497012 0.111728885396155 0.20902401753471542 0.11089974662606802 0.20268665366079666 0.8830228795112187 0.3037061370757824 0.8838520182813057
0 0.3371399376421349 0.8712983249255617 0.3022769455564127 0.16545942167682604 0.25462111700627044 0.16781325165975156 0.2894841090919926 0.8736521549084871
0 0.3656334900155295 0.06605991578042814 0.2927234663181726 0.06550441597235081 0.28663150451337005 0.8650817931255024 0.359541528210727 0.8656372929335797
0 0.39543118005347616 0.8594549140908491 0.38888368960005687 0.09153730269577792 0.31796691550188694 0.0921419598810084 0.32451440595530623 0.8600595712760797
0 0.4571819010507269 0.07024713308235361 0.354987761756025 0.06862553463916143 0.3424700125732709 0.85750184924654 0.4446641518679729 0.8591234476897324
0 0.47085717786974596 0.8442908983427287 0.4340424725254339 0.26652687940602643 0.4059268058583121 0.26831838934777374 0.4427415112026242 0.8460824082844761
0 0.5327238116229731 0.8348946645730837 0.5189645571775732 0.07575115467063477 0.4411166259619971 0.0771621256921492 0.454875880407397 0.836305635594598
0 0.4860129149586109 0.841847302841364 0.44896621934456615 0.25514093864889154 0.4304143217564259 0.2563123704671857 0.46746101737047063 0.8430187346596583
0 0.5778093038963457 0.8132758252243795 0.561453655649869 0.0837276586873055 0.49439214837234785 0.08523110215302757 0.5107477966188244 0.8147792686901015
0 0.6377789033365142 0.8111471389286203 0.6306953868628841 0.07794949623992639 0.5442542711998702 0.0787846149461903 0.5513377876735003 0.8119822576348842
0 0.704653530014788 0.8047596339587697 0.7025997381878294 0.07943995751715474 0.6048955887933251 0.07971661343868004 0.6069493806202837 0.805036289880295
0 0.7551543919071548 0.7524630686129126 0.7359196091033346 0.08644370422121532 0.6705343522034928 0.0883320445342468 0.6897691350073131 0.754351408925944
0 0.8186075803213436 0.7397169202384353 0.7855080395918057 0.11435962436989237 0.7133107098382019 0.11818095734630593 0.7464102505677397 0.7435382532148489
0 0.8766811843100035 0.7325465164729794 0.8353813103221028 0.1046482976075855 0.7697147484087272 0.10896750197981905 0.8110146223966279 0.736865720845213
0 0.9616099310581963 0.7171900991845499 0.91248352221733 0.0895055368266113 0.8241612665902013 0.09641817336396098 0.8732876754310676 0.7241027357218995
0 1.013511870888919 0.712818217033232 0.9739004468537233 0.18426517244430252 0.919330911666002 0.18835478467878597 0.9589423357011977 0.7169078292677155