0 0.2108916017236792 0.02169000456214966 0.05047304136847588 -0.006829864651903014 -0.10521551511959096 0.8688871278821753 0.05520304523561239 0.897406997096228
0 0.2503655658482923 0.10526937045006453 0.12353555858190071 0.08556234366967282 0.0070712370498017705 0.8351006129781939 0.13390124431619338 0.8548076397585858
0 0.2146243399981438 0.22847888560078652 0.1729611042087448 0.22582993124159695 0.13378720759418533 0.8419640997220451 0.17545044338358431 0.8446130540812347
0 0.32077800248437593 0.08617366328531129 0.2105791535983553 0.068682476604462 0.08938755023926008 0.8322198756676016 0.1995863991252807 0.849711062348451
0 0.36592903964247675 0.08907067848826909 0.2660080649460323 0.07419041419989314 0.15227360579735488 0.8379173073832622 0.25219458049379934 0.852797571671638
0 0.3507602230880159 0.14119741699113525 0.3032405871863406 0.13689593008604442 0.23953050502426115 0.8407176490420616 0.28705014092593645 0.8450191359471525
0 0.42733392356655314 0.051582786399559155 0.35521076500989707 0.04088557837939277 0.23789842567558067 0.8318336869429164 0.31002158423223686 0.8425308949630826
0 0.44681208682559176 0.08004803195221413 0.376501317090354 0.07077709712425556 0.2761116119076461 0.8321326212299113 0.34642238164288386 0.8414035560578699
0 0.5174086425891128 0.06847033082590344 0.41643473245927504 0.052641838427919696 0.294248442480756 0.8320987287733873 0.39522235261059374 0.847927221171371
0 0.4671775454502523 0.25961951009900097 0.43908616903892045 0.25748064066633075 0.39513338504798867 0.8347455174072304 0.4232247614593206 0.8368843868399004
0 0.5778240220898081 0.08251927073766947 0.5005373326106759 0.07308217242526778 0.4085103274552626 0.8267526689797167 0.48579701693439487 0.8361897672921185
0 0.4835406722858335 0.25042136019166356 0.4650062891237014 0.2489994665850558 0.4200387032583091 0.8351519483404438 0.4385730864204412 0.8365738419470515
0 0.6187895058274491 0.09633148894788927 0.5521713972850503 0.08848714293171042 0.4668343917786054 0.8132116621951921 0.5334525003210043 0.8210560082113709
0 0.6881615458291329 0.10024614443023631 0.6024454427745402 0.08904285772205384 0.5074186338246298 0.8160909071976228 0.5931347368792226 0.8272941939058052
0 0.7591586971239098 0.11172925226039483 0.662366895019654 0.09840542637298488 0.563455710749494 0.8169521752329706 0.6602475128537498 0.8302760011203805
0 0.791179567771606 0.12330206925182233 0.7261678297272595 0.11607216347382283 0.6525234412074744 0.7782868370665839 0.717535179251821 0.7855167428445833
0 0.8364002625620293 0.157847690029793 0.7643737252210591 0.15158390767334565 0.7101182285912813 0.7754618350306458 0.7821447659322514 0.7817256173870932
0 0.887139724124056 0.15517189060942949 0.8215111076988965 0.15031004187113378 0.7750225132730282 0.7778454293232789 0.8406511296981876 0.7827072780615747
0 0.9655990484808006 0.15090705212594258 0.8771742866165078 0.14546033298680722 0.8384657920953718 0.7738733872901882 0.9268905539596647 0.7793201064293236
0 1.012114215173342 0.25293958579944686 0.958424456248741 0.24975388016705358 0.9270247535476754 0.7789435363556769 0.9807145124722764 0.7821292419880702