0 0.21684108700170346 0.9847272742853873 0.16298793235558845 0.24561979422041613 0.06355254341814313 0.2528648966205084 0.11740569806425816 0.9919723766854796
0 0.32575339001582454 0.9760718694827679 0.27530176298124276 0.25458000174436435 0.16424482657243483 0.26234585938717286 0.2146964536070166 0.9838377271255764
0 0.8286377113217644 0.05726956069677218 0.11902243774033235 0.032723021452489655 0.11043302678035963 0.28103408264145646 0.8200483003617919 0.30558062188573903
0 0.42416303849976894 0.9537619804653268 0.3872640117587128 0.2626711549773601 0.2802824896483932 0.2683831596800131 0.3171815163894494 0.9594739851679795
0 0.5033487963996325 0.9456557285135249 0.470803151166285 0.2735186349194417 0.38779913321883486 0.2775377842072975 0.4203447784521823 0.9496748778013806
0 0.545139051296235 0.9283480308518728 0.51479844680769 0.2861141959123441 0.4715060912411667 0.2881594264283368 0.5018466957297117 0.9303932613678656
0 0.6479501548606874 0.9377520765793227 0.6246848132520435 0.2880045878495883 0.5125089372573693 0.2920212406578465 0.5357742788660133 0.9417687293875808
0 0.7592428563887778 0.9347857786290918 0.7310906678025564 0.3022243584265897 0.6851172966949622 0.30427040640237524 0.7132694852811836 0.9368318266048773
0 0.7168301313991929 0.9426958017541344 0.6834354873889283 0.2999531295075539 0.6161542256972175 0.30344882674343643 0.6495488697074819 0.9461914989900169
0 0.7945112135179201 0.9440367006342971 0.7670695467800053 0.30349301183337224 0.7289204582226173 0.3051273649506542 0.7563621249605321 0.9456710537515789
0 0.9146350939493806 0.14874687595240296 0.7770594790686481 0.1366405429964237 0.706779927165087 0.935293000502098 0.8443555420458194 0.9473993334580773
0 0.9016142847539067 0.24105045915898118 0.8256597161889763 0.240155259794926 0.8175090447364053 0.9317115304452581 0.8934636133013356 0.9326067298093135
0 0.959630808246672 0.9294605192192297 0.9384021512077373 0.23007373273614667 0.8711696163831905 0.23211445819912777 0.8923982734221252 0.9315012446822107
0 1 0.3070466421875001 0.9413762953125 0.3070466421875001 0.9413762953125 0.9290867031250001 1 0.9290867031250001