0 0.7302517745544249 0.1460642103606081 0.7160882206884926 0.0473775636439804 -0.012296395842899752 0.15191566575400514 0.001867158023032478 0.2506023124706328
0 0.7291480105243139 0.2587294821594128 0.7136541293503168 0.14848479285913824 -0.0025608911451749814 0.2491422530326995 0.012932990028822084 0.3593869423329741
0 0.9645765795767833 0.7969538532949614 0.9395630647586357 0.0873548854501878 0.6912577085538041 0.09610770216540834 0.7162712233719517 0.805706670010182
0 0.7288866578074709 0.3709834074282845 0.7157259134133909 0.2646609360433076 0.02889249670298849 0.3496781381539371 0.04205324109706844 0.4560006095389141
0 0.723892999795988 0.4550757318040807 0.7140935733005968 0.37255426920918966 0.04586404001033782 0.45190654905999433 0.055663466505729085 0.5344280116548854
0 0.7143970758015816 0.4998424792709454 0.7093369054469394 0.4567982504812562 0.07078397349214137 0.5318649134695725 0.07584414384678365 0.5749091422592617
0 0.720176574522176 0.6095930349112633 0.7083447126335372 0.4979706013296923 0.0618028853750935 0.5665033627101347 0.07363474726373231 0.6781257962917058
0 0.7134139399035296 0.7167316113842204 0.7081659356816038 0.6710129543901411 0.07910919996981232 0.7432218210082896 0.08435720419173812 0.7889404780023688
0 0.7123553796809369 0.6690340849127987 0.704174894314824 0.602160563123029 0.06532740297397768 0.6803093193754803 0.07350788834009052 0.7471828411652499
0 0.7146581378400823 0.7527113447015428 0.7103666200464711 0.7147691910840133 0.07329749667703377 0.7868260781616383 0.07758901447064497 0.824768231779168
0 0.8799916533181673 0.887626347916329 0.8774556964407212 0.7464287222561947 0.07739851050095911 0.7607980185779167 0.07993446737840514 0.9019956442380511
0 0.7863339500875599 0.8825725669588067 0.7819286459006718 0.8067405720547611 0.09148840844159234 0.8468502813235631 0.0958937126284805 0.9226822762276086
0 0.7998501285882138 0.9185051214582624 0.7931244698353216 0.8515787165833475 0.09692219092857493 0.9215424171536091 0.10364784968146715 0.9884688220285239
0 0.7264942881500834 0.9725097595162703 0.7167875588105787 0.9034427862046301 0.10369324044982076 0.9896075668887885 0.11339996978932554 1.0586745402004287