0 0.6510959414471459 0.12893075726032638 0.08297326423842671 0.08121447636613188 0.07546298620853725 0.17063383556522138 0.6435856634172564 0.21835011645941585
0 0.6020505028173972 0.1795498776432866 0.07840872501985022 0.1337371593093799 0.07500420385636322 0.17265101509947095 0.5986459816539103 0.2184637334333776
0 0.6588169079709097 0.07080232942374072 0.0908870188281261 0.021114900978889108 0.08578023681516218 0.07948568476211534 0.6537101259579459 0.12917311320696695
0 0.6118642301160333 0.21793825737809377 0.07572502073934125 0.16557486350920084 0.07196149408759274 0.2041089243187167 0.6081007034642847 0.2564723181876097
0 0.6010471185242368 0.2525097291418602 0.06969060602605007 0.20353730236845607 0.06664005042069178 0.23663618462611996 0.5979965629188785 0.2856086113995241
0 0.621609845250698 0.2891921569850033 0.06721255275675339 0.23484804872592183 0.06328072615270804 0.27495900267600604 0.6176780186466526 0.3293031109350875
0 0.6704674513886203 0.33318441232959095 0.06351846262772268 0.2743689353376022 0.05640263443321292 0.3478010478994414 0.6633516231941105 0.40661652489143013
0 0.6746142726007625 0.40820781397453504 0.05735585071711837 0.3454840618093576 0.04608731115105198 0.45637667759494693 0.6633457330346961 0.5191004297601245
0 0.5987871610592524 0.46070842022093633 0.049911695924350116 0.4021464678940463 0.04396303187787719 0.45790068399691136 0.5928384970127796 0.5164626363238014
0 0.578550390387148 0.5119829570669173 0.045902971875000066 0.4602716578125 0.04174511204662775 0.5030993054649364 0.5743925305587756 0.5548106047193537
0 0.6268021190423895 0.5589105933131002 0.042157998437500066 0.5030768984375 0.03881785287840369 0.5380521309998648 0.6234619734832931 0.5938858258754649
0 0.618629671233749 0.5928002308589366 0.03678616396370084 0.5371065411495145 0.03355339753016882 0.570879921395732 0.6153969048002169 0.626573611105154
0 0.6521010927250461 0.6312160623207175 0.03394780259049486 0.5732232306100208 0.020412707391176777 0.7174956067457701 0.638565997525728 0.7754884384564668
0 0.5340418163767995 0.7207591081378933 0.022434687500914218 0.6719859209242467 0.01706913897281185 0.7282679281935736 0.5286762678486971 0.7770411154072201
0 0.5264077051783108 0.7748474276599447 0.01725744137049936 0.7282957302913067 0.015301295405684635 0.7496907016957863 0.5244515592134961 0.7962423990644243
0 0.6113310793018379 0.9136208439834311 0.00432344647202485 0.8605145578419415 -0.00418785657086077 0.95779919752837 0.6028197762589522 1.0109054836698594
0 0.6180883293273057 0.8063798190188074 0.01368587979199698 0.7535014552670483 0.004493672320419617 0.8585688650405456 0.6088961218557284 0.9114472287923048