0 0.613059381505769 0.20501316078303006 0.6114913836816586 0.11518309687346551 0.04147892602365931 0.12513275352987613 0.04304692384776976 0.21496281743944068
0 0.5686770317982823 0.20969470808297616 0.5679953026452091 0.17063815677842303 0.04243335343510663 0.1798118009061046 0.04311508258817984 0.21886835221065773
0 0.6141061218202172 0.11513745727502714 0.6130835197995393 0.05655263031318368 0.04307105896527496 0.06650223543261638 0.04409366098595274 0.12508706239445982
0 0.5823301894178098 0.2426645757594336 0.5816484551606955 0.20360802448711163 0.04301282852537558 0.21300993906526192 0.043694562782489864 0.2520664903375839
0 0.5750462880279612 0.2766388997910146 0.574648619963289 0.243395570987497 0.04105727529302877 0.24977857308139137 0.041454943357700995 0.28302190188490894
0 0.5992152313720353 0.3172424938390643 0.5988425029855591 0.2767902061342987 0.04181316169814074 0.2819226883591185 0.04218589008461702 0.32237497606388404
0 0.6527025204347797 0.38997687653654656 0.6520785935195805 0.3161873212428632 0.04232425712716626 0.32134309350115225 0.04294818404236547 0.3951326487948356
0 0.6644000306456745 0.39083442332905705 0.04369084292771682 0.38869254262679404 0.043306014777105654 0.500214332110444 0.6640152024950633 0.502356212812707
0 0.5941389064902152 0.450597594115621 0.04214884641894806 0.44972955838297485 0.04206067222562014 0.5058001513796977 0.5940507322968872 0.5066681871123438
0 0.5797180284245436 0.5464897455558632 0.5793438454294793 0.5033174824551635 0.044237820312499995 0.5079553578124999 0.04461200330756422 0.5511276209131996
0 0.632605580067768 0.5797728087174582 0.6322298052695156 0.5446370464665419 0.044987728124999994 0.5509175640625 0.04536350292325236 0.5860533263134162
0 0.6279952420156452 0.6134179207264817 0.6276570971068353 0.5795533663705192 0.04318354139047736 0.5853894613954863 0.04352168629928735 0.6192540157514488
0 0.6657250661191046 0.7604446153056283 0.665441542067092 0.6149985165930736 0.04495285678695067 0.6162080606635976 0.045236380838963315 0.7616541593761523
0 0.5574985252097584 0.7708033985343425 0.5567706766282349 0.7150756925989836 0.042906951469875367 0.7217871654144392 0.043634800051398824 0.7775148713497981
0 0.5552817575811259 0.7920649902930902 0.55499796352188 0.7705826844443782 0.04376769020122191 0.7773363409418106 0.04405148426046766 0.7988186467905225
0 0.6556606835191363 0.9973590958993362 0.6539563467540586 0.8997177192052239 0.04472284721636978 0.9103519307140593 0.04642718398144752 1.0079933074081715
0 0.6513075232106429 0.8978105333792328 0.6494668402083233 0.7923578466238184 0.042848076824974005 0.8029464136959656 0.044688759827293555 0.9083991004513801