0 0.10637489812387976 0.9995617256809058 0.02940033587238658 0.140178107821889 -0.028541895860108434 0.14536796463414098 0.048432666391384764 1.0047515824931579
0 0.21110054994742772 0.993262170827306 0.13962279512227999 0.13761877504955017 0.029407087906151964 0.14682584815634814 0.10088484273129969 1.0024692439341039
0 0.297417449962942 0.9951122129494046 0.22961899673637443 0.1724333667385919 0.15317085179163753 0.1787335967775267 0.22096930501820516 1.0014124429883393
0 0.22421409485408236 0.9942370584280861 0.15817919024409305 0.19295744826200606 0.09843127580252756 0.197881382155665 0.16446618041251687 0.9991609923217449
0 0.4263139410208109 0.9840453693361709 0.36432810487599976 0.18595901099303794 0.23093172055365993 0.19631965221246814 0.2929175566984711 0.9944060105556011
0 0.6739730921993821 0.9707142851563774 0.6126595219650383 0.09089963949669247 0.35566604649423883 0.10880930670418962 0.4169796167285826 0.9886239523638745
0 0.5899993727155943 0.91112519416297 0.5552136358055174 0.2473743049810234 0.4791461487804213 0.25136083612424626 0.5139318856904982 0.9151117253061928
0 0.6931211920008667 0.9783583416618855 0.6420697087876457 0.2628179380105985 0.5284294316942388 0.2709258025962679 0.57948091490746 0.9864662062475549
0 0.7692669027982684 0.9664870807908355 0.7252025504556489 0.25953158788150843 0.6431459837787499 0.26464615238004086 0.6872103361213694 0.9716016452893678
0 0.8551087460276857 0.9641061603348422 0.8067724047735242 0.26020771086618877 0.7203436001168497 0.26614273203185246 0.7686799413710113 0.970041181500506
0 0.8884333279226617 0.9551858629656671 0.8453455004008992 0.2646611520142138 0.8084453594851417 0.26696367194158344 0.8515331870069043 0.9574883828930367
0 1.024968956553074 0.9633428599505075 0.9875457875290113 0.24926659502015097 0.84516306541136 0.2567285608319326 0.8825862344354227 0.9708048257622892