0 0.11444473860318694 0.999744184968083 0.023434894948709338 0.1507096240622688 -0.034407936879021266 0.15690992181641167 0.05660190677545633 1.005944482722226
0 0.19417796602593587 0.9984005466707402 0.13465667791472188 0.14720673923910638 0.02359974357064835 0.15497259905637567 0.08312103168186231 1.0061664064880094
0 0.3058565267800558 0.9962458446749386 0.22394335226244455 0.17720205668894423 0.1476168051841707 0.18483553106828501 0.22952997970178196 1.0038793190542794
0 0.23288172186950584 0.9989749127884918 0.15287262020398357 0.19896980875543574 0.09321974026934757 0.20493573736172904 0.17322884193486987 1.0049408413947851
0 0.4347729171085189 0.9852576465860082 0.3588679994147036 0.18837464221934708 0.22567274930806075 0.20106179258038046 0.301577667001876 0.9979447969470415
0 0.6821616938623152 0.9676063444309243 0.6055025772028133 0.08899576844335176 0.3488608111998443 0.1113878629814904 0.42551992785934606 0.9899984389690628
0 0.5971606326931652 0.909491898496395 0.5507963051041747 0.24644918854169254 0.47480997859399665 0.25176265460007446 0.5211743061829871 0.9148053645547769
0 0.7014402832932621 0.9749150558522146 0.6379086743433701 0.2603746043582886 0.5244272069075586 0.27046453026397843 0.5879588158574507 0.9850049817579043
0 0.7773672139575398 0.9617166769797137 0.7209714996108455 0.2556378857215303 0.6390166913074505 0.26218375569473884 0.6954124056541449 0.9682625469529222
0 0.8631544303788449 0.9578379717974232 0.8025407284189756 0.2548903147017849 0.7162286681459265 0.2623328226099108 0.7768423701057957 0.9652804797055492
0 0.8963182565698464 0.9483374392885073 0.8411856737147264 0.25866988496551496 0.8043313377327799 0.26161605043228053 0.8594639205878998 0.951283604755273
0 1.0329754486200493 0.9541103185668339 0.9830956303541509 0.24079593567573757 0.8408648228734315 0.25074168610375525 0.8907446411393298 0.9640560689948515