0 0.825329859622524 0.012550201343974532 0.817114653321194 -0.04504100596298671 -0.007945720550908725 0.0726512859572839 0.00026948575042117786 0.13024249326424514
0 0.8398280470864746 0.12256692861918835 0.828191089180897 0.011848670188954257 -0.009391229237556496 0.09988211941479681 0.00224572866802121 0.21060037784503088
0 0.8129670662600341 0.212846032228188 0.8026744834665692 0.13683238385457963 -0.009266703650994695 0.24677279680196448 0.0010258791424703373 0.3227864451755728
0 0.7887322420134965 0.1425782752170157 0.780688090973926 0.08316994071613255 -0.007358884555539219 0.18987498388379487 0.0006852664840311829 0.24928331838467802
0 0.8065100880107945 0.3480784055300573 0.7891822195732068 0.21540707017048444 -0.00456630214340199 0.3190765622997251 0.012761566294185655 0.45174789765929796
0 0.9113152026268322 0.5942408671320418 0.8841623036500238 0.33589826280456314 0.0064135049050327965 0.4281533692411538 0.03356640388184111 0.6864959735686326
0 0.7551691437671451 0.5419165587374134 0.7472070049531719 0.4661619521328412 0.08618631279985507 0.5356381034289083 0.09414845161382819 0.6113927100334805
0 0.7442923669763069 0.6294618565120208 0.7302481407550765 0.5164016500081253 0.01836018936393886 0.604831662146489 0.03240441558516923 0.7178918686503846
0 0.7519250489491023 0.7123087739502444 0.7425229847213626 0.6306323386183961 0.03884250085532227 0.7116354955048918 0.04824456508306192 0.79331193083674
0 0.7555188899614336 0.7938022243210009 0.7450686681695067 0.7078024821291207 0.044664615834052665 0.7929117801842134 0.05511483762597954 0.8789115223760936
0 0.7530903116327647 0.8325555321820156 0.7488597430883732 0.7958264671458674 0.06153641403387663 0.874994517104739 0.06576698257826817 0.9117235821408872
0 0.7759059588561866 0.9737552495057823 0.7610024819195341 0.8319581874638864 0.04986341209280338 0.9067019414831607 0.06476688902945597 1.0484990035250568