0 0.6481000061482436 0.04095295795613176 0.6475219910842238 -0.0020419191923814624 0.0479716154373349 0.006018323602720917 0.048549630501354676 0.04901320075123415
0 0.6709762970459263 0.12093943332903448 0.6704401885366786 0.03435387719867787 0.04880331282974497 0.03820284270311845 0.04933942133899251 0.12478839883347506
0 0.6703532724099183 0.16216798382709502 0.6686815858837498 0.10782952009558748 0.05181000609782512 0.12680716203628944 0.05348169262399357 0.181145625767797
0 0.6732771201440884 0.19648495207391892 0.6711953231873532 0.15116801459196516 0.05256598270432291 0.17958698440601034 0.054647779661058014 0.22490392188796413
0 0.6562033859438825 0.2733021305052881 0.6524420177251663 0.1928150424427598 0.05508930135317155 0.22073086815855483 0.058850669571887705 0.30121795622108316
0 0.6783142580607621 0.3266284849236064 0.6753081340245463 0.26943707533885053 0.058115617234214656 0.3018782631530154 0.06112174127043039 0.35906967273777135
0 0.6799036572980106 0.38911848089290196 0.6761432202871951 0.31933053728346966 0.05852321567818588 0.35261022721028246 0.062283652689001455 0.4223981708197148
0 0.6794948540876091 0.43849508153774036 0.6754094094889596 0.378944073026054 0.0597104284375223 0.4211835604738103 0.06379587303617182 0.48073456898549666
0 0.6614613015583147 0.5591701662699646 0.6577844300950687 0.4811079554419456 0.06344955512764526 0.5091022041084885 0.06712642659089137 0.5871644149365074
0 0.6620538381364364 0.498979293792849 0.6583191453207825 0.43067186857997103 0.06051397769408344 0.46335672908727743 0.06424867050973729 0.5316641543001553
0 0.6719414734916358 0.6874493353071104 0.6684832672876551 0.529474013499055 0.06290097917618678 0.5427306943641368 0.06635918538016763 0.7007060161721922
0 0.6805871742001263 0.7932178412381508 0.6742123341247409 0.6662704782466832 0.05726916171714509 0.6972511458794854 0.0636440017925305 0.824198508870953
0 0.6792420448335033 0.8597698111648459 0.6741289817065705 0.7541341418294956 0.05975062425025331 0.7838717801221338 0.06486368737718604 0.8895074494574841
0 0.5943425046129055 0.9691595221370243 0.5923707235229874 0.8682209088766255 0.06798866345912882 0.8784644281456968 0.06996044454904694 0.9794030414060956
0 0.5790279933863928 0.998696724872787 0.5785979571469754 0.9740599067968978 0.07379204026535174 0.9828713059582164 0.07422207650476918 1.0075081240341057