0 0.8950997920256165 0.13089899389628182 0.8890324285049497 0.037219569873952606 0.03126673932083697 0.09277473907092457 0.03733410284150386 0.1864541630932538
0 0.9168669963015488 0.1844485004880098 0.9122471813969483 0.1272663567580603 0.10037663300368271 0.192858365301611 0.10499644790828319 0.2500405090315604
0 0.918689919681319 0.24372467012440727 0.9139905588720048 0.1765206839303331 0.11515997221795657 0.23238036376186338 0.11985933302727084 0.2995843499559375
0 0.8093972447065936 0.32426377311515153 0.8015025336721024 0.22685844305814276 0.10291270905644156 0.2834792131304644 0.11080742009093272 0.38088454318747317
0 0.8820901715724746 0.3873571995857963 0.8766680488540975 0.3157309420167004 0.11515241996586734 0.37337783481730497 0.12057454268424453 0.4450040923864008
0 0.6919995850526915 0.44580265413734105 0.6888666783769126 0.40099999728820446 0.1706009801044412 0.43724066201959333 0.17373388678022006 0.4820433188687299
0 0.6625762662090755 0.5057947223161536 0.6590881557222924 0.448348171247527 0.13286673695560458 0.48029993188459663 0.13635484744238763 0.5377464829532232
0 0.7839805535900258 0.6972224500586558 0.7713065218481987 0.5159753386830694 0.028978586122075174 0.5678839608334203 0.04165261786390223 0.7491310722090065
0 0.79051870241719 0.8074588466155002 0.7819679056631714 0.6288985495606318 0.12887859668398693 0.6601733292032054 0.1374293934380056 0.8387336262580737
0 0.21822472294475018 0.7223243568995781 0.13516535819011244 0.719738682870683 0.13307152110884785 0.7869988154032661 0.2161308858634856 0.7895844894321612
0 0.8495459725331859 0.654863851871703 0.1481209559898662 0.6428895486354175 0.1440652024114636 0.8804655448909747 0.8454902189547833 0.8924398481272602
0 0.6134999298267466 0.9241246688791238 0.6112061530329608 0.8814782648620655 0.25616524244101074 0.9005744728620334 0.2584590192347966 0.9432208768790916