0 0.1667387510671523 0.07423440982698308 0.07288699914078417 0.0721139854214368 0.05347155861377116 0.9314575692418338 0.1473233105401393 0.93357799364738
0 0.22198162296721344 0.05721718404698102 0.16461443026224928 0.05683566684809418 0.1591976593657612 0.8713335211103603 0.21656485207072537 0.8717150383092471
0 0.2811911083628674 0.0605674558295453 0.2138332771111767 0.05939171842640647 0.1998576924797578 0.8600510057244936 0.2672155237314485 0.8612267431276324
0 0.3517536703696093 0.17635243625804747 0.25408091301570307 0.17593060350960124 0.2510542289895053 0.8767405230017218 0.3487269863434116 0.877162355750168
0 0.42108719178210696 0.10954633033899289 0.34926092505350115 0.10870518074319876 0.34031799561796616 0.8723472703116295 0.412144262346572 0.8731884199074236
0 0.4627427569102176 0.30400742115097334 0.4178375379361233 0.30322359768860113 0.4087704679889962 0.8226757204879365 0.45367568696309046 0.8234595439503087
0 0.5199421268192947 0.3385474278733509 0.46241016871671814 0.3370154682691642 0.4483771250181305 0.8640192351520225 0.505909083120707 0.8655511947562091
0 0.7212224956118122 0.23428914676621457 0.5395604686974129 0.2311182229593805 0.5265734186187362 0.9751455111100764 0.7082354455331353 0.9783164349169106
0 0.8538926882947078 0.8822909711206478 0.8221352745783695 0.225377784085759 0.6487085063935922 0.23376182285287683 0.6804659201099303 0.8906750098877655
0 0.76122128435269 0.8051554879268593 0.69595125987836 0.8006247555751365 0.6901924956456291 0.8835858870728563 0.7554625201199591 0.888116619424579
0 0.9210528386992725 0.19000584120758107 0.6847311313782777 0.165289088149794 0.6117553226128725 0.8630250601947829 0.8480770299338671 0.88774181325257
0 0.9324029163472263 0.4238968712207817 0.8897188793672364 0.4224650405984547 0.8777985671081421 0.7778192573236689 0.920482604088132 0.779251087945996