0 0.15935887362328424 0.08011546709446082 0.06548440939295488 0.07963330459667506 0.06106953976443077 0.9391848519022361 0.15494400399476016 0.9396670144000219
0 0.22309534247495658 0.8766050503062681 0.2142963400530839 0.062136711099075224 0.15693122729737646 0.06275644760910311 0.16573022971924914 0.877224786816296
0 0.2735552765625 0.06445312500000003 0.20618718593750002 0.06445312500000003 0.20618718593750004 0.865234375 0.27355527656250006 0.865234375
0 0.3566230642900021 0.8795513877659198 0.34598255885347085 0.1788821234552356 0.24836592762017076 0.1803645493988877 0.259006433056702 0.8810338137095719
0 0.41867067785709533 0.8746648761677303 0.4142848546165177 0.11098301668674362 0.34245484651774893 0.11139553626538672 0.34684066975832656 0.8750773957463733
0 0.4593278890625 0.3046875000000001 0.4144158296875 0.3046875000000001 0.4144158296875001 0.82421875 0.4593278890625001 0.82421875
0 0.517121354456191 0.3382239803744903 0.4595714221144367 0.3376963250358779 0.45473799806536996 0.8648647371555889 0.5122879304071243 0.8653923924942013
0 0.7165515078125 0.23046875000000008 0.5348618093749999 0.23046875000000008 0.534861809375 0.974609375 0.7165515078125001 0.974609375
0 0.841653231598771 0.8807471900589687 0.8213938769919757 0.22430338759977791 0.6456422737157438 0.22972748337179544 0.6659016283225392 0.8861712858309863
0 0.7683637324045496 0.8025355151946124 0.7018445281992931 0.7967499719992531 0.6946407663859628 0.8795751254768576 0.7611599705912193 0.8853606686722169
0 0.9155785643494487 0.18270465915147524 0.6788614819847929 0.1621160663357637 0.6180739981422299 0.8610193837358417 0.8547910805068856 0.8816079765515534
0 0.9310088767384659 0.4163619911335149 0.8883063522510282 0.4156753177215318 0.8825896414601504 0.7711834505179656 0.9252921659475881 0.7718701239299486