0 0.7157382337881055 0.13525947920613468 0.7146070272414173 0.07826389899924782 0.07342032348280578 0.09098970325123452 0.07455153002949409 0.1479852834581214
0 0.7983286526978661 0.17356801774961766 0.7979732701022478 0.13419720029151208 0.13118326089762605 0.1402160126886795 0.13153864349324432 0.1795868301467851
0 0.8507507549726631 0.1946624943835848 0.85066249220174 0.17237663156947744 0.07658343506419266 0.17544235817231624 0.07667169783511567 0.19772822098642356
0 0.8470789350843255 0.2147777035641191 0.8470531428412735 0.19234892910669338 0.08018148190556212 0.19323080253700384 0.08020727414861398 0.21565957699442953
0 0.8459544068635718 0.21375495602844952 0.0793838174411556 0.20989442026002733 0.07927046773843444 0.2324018010066445 0.8458410571608507 0.2362623367750667
0 0.8449432522088349 0.234436779107638 0.07699006154587035 0.2261998531878287 0.0767493722337294 0.24864003621443503 0.8447025628966941 0.2568769621342443
0 0.8439213242154384 0.25433663197811757 0.07859784055312388 0.24479645810298237 0.07828632611367473 0.26978649697761187 0.8436098097759892 0.27932667085274704
0 0.8400236509406932 0.2787982456818759 0.0791763807115379 0.26411955718966873 0.07888456869050361 0.2792451850508961 0.839731838919659 0.29392387354310323
0 0.8418723924450019 0.29164818045093127 0.07596742663539735 0.2756886777699339 0.07555978558975913 0.2952515869258611 0.8414647513993637 0.3112110896068585
0 0.8384824450238924 0.308926079864481 0.07509563072008757 0.2914568971580408 0.07462816646321072 0.31188464445766473 0.8380149807670156 0.32935382716410494
0 0.8401180202020248 0.3262936247761271 0.07431587252742343 0.30802113706235545 0.07371806994460665 0.33307511487740027 0.839520217619208 0.3513476025911719
0 0.8337947951331375 0.3481209692048746 0.07854000677526826 0.32664106214257915 0.07793471461048682 0.34792373364022067 0.8331895029683558 0.3694036407025161
0 0.8328553290850946 0.36678076768687834 0.08033790263788604 0.34237589720037026 0.07978372710301242 0.3594637464284026 0.8323011535502209 0.3838686169149107
0 0.8345523079610142 0.38107014058759475 0.08076414510545663 0.35524320842735546 0.08007509936433628 0.37535378602519226 0.8338632622198938 0.40118071818543155
0 0.8337774051415355 0.39894649335486 0.076267304990665 0.37031996302825754 0.07549825265302058 0.39067048775702357 0.8330083528038911 0.41929701808362596
0 0.8354261170759635 0.4173708929260272 0.06508996089186495 0.3848225054288116 0.06421425063005498 0.4055483025845497 0.8345504068141537 0.4380966900817653
0 0.8344856955827739 0.4355772617105278 0.06680267175891066 0.4019765410814702 0.06589859494480657 0.4226321820744873 0.83358161876867 0.4562329027035449
0 0.8282094669930427 0.4565707633160204 0.07388881990459457 0.41703849266551574 0.06785791859339727 0.5321149429865107 0.8221785656818452 0.5716472136370154
0 0.8273122081256931 0.5759440558487618 0.06549923860349045 0.5285437716371871 0.05856233223916154 0.6400330870412586 0.8203753017613641 0.6874333712528333
0 0.8169414651340707 0.688950067391385 0.07356897539619132 0.6269837976679229 0.06375883220319603 0.7446702519697037 0.8071313219410754 0.8066365216931658
0 0.8510754959703586 0.7667863661575085 0.06294047849925485 0.7254820137506777 0.057625114784634626 0.8269053270331461 0.8457601322557384 0.8682096794399771
0 0.8425970405428563 0.8672868116187175 0.058320951514201844 0.7809756695248861 0.053321184153545365 0.8264066289183554 0.8375972731821998 0.9127177710121867
0 0.8394555167491999 0.9125180793353351 0.054183839679822765 0.8198436803635414 0.04857251078142111 0.8673909825691577 0.8338441878507983 0.9600653815409516