0 0.25920216837620025 0.9174605252418638 0.24556744667542746 0.13632951344881447 0.17917131045676388 0.1374884647971549 0.19280603215753667 0.9186194765902043
0 0.21148624939909438 0.8904331453253782 0.18649536216355336 0.17175196339528415 0.16376611054891546 0.17254233355987392 0.18875699778445648 0.8912235154899679
0 0.29107513626544657 0.9165324858405256 0.26563822231862005 0.19067483445404532 0.21178556011650956 0.19256204406274205 0.23722247406333605 0.9184196954492224
0 0.31581536979033553 0.8677592732952606 0.2937335387344454 0.21846562571025013 0.26526124969461234 0.2194339399370881 0.28734308075050247 0.8687275875220986
0 0.34497257671382187 0.8776428103640532 0.32492108849885804 0.21790157250248235 0.29252137371886267 0.21888629569666226 0.3125728619338265 0.878627533558233
0 0.36013171236644076 0.8461911201754513 0.3410111170729428 0.2559971568830764 0.32282232951694695 0.25658642154413375 0.3419429248104449 0.8467803848365086
0 0.3771732471540554 0.8494190610527145 0.36681086107366734 0.25575949295726474 0.33361279296900326 0.2563389684973073 0.34397517904939134 0.8499985365927571
0 0.3926746700060603 0.8422029826909453 0.3824334813835718 0.2554867990585602 0.3511882410981467 0.2560321877971782 0.36142942972063524 0.8427483714295632
0 0.41617997029780557 0.8556113881032597 0.3971574601590634 0.2757409584910352 0.37293683416064505 0.2765355103082915 0.39195934429938717 0.8564059399205158
0 0.44043745971264314 0.8447284695246979 0.42099947184522024 0.3238951303753826 0.3955855949618411 0.32484360005539603 0.41502358282926394 0.8456769392047117
0 0.47601101264606466 0.8682883513116074 0.452235057019566 0.14974470369718174 0.4133613416093037 0.15103099957593608 0.43713729723580236 0.8695746471903618
0 0.5052053142846289 0.833233170937875 0.4868109305452689 0.24975304489298353 0.45377397047633067 0.2507945448412495 0.47216835421569064 0.8342746708861408
0 0.5319022666487776 0.8395868678963231 0.514820859387094 0.23552799794531015 0.48576266145045927 0.23634969751456994 0.5028440687121429 0.8404085674655828
0 0.5880217668433863 0.831620131982817 0.5713063951002699 0.22388861126561696 0.5151432475495227 0.22543335241787177 0.531858619292639 0.8331648731350718
0 0.6161981187800253 0.8521848906019601 0.6021247976440599 0.21335942981654119 0.5749467166893922 0.21395816277978913 0.5890200378253575 0.8527836235652082
0 0.6531885136064167 0.882801462081923 0.6395538208056812 0.10167044941841741 0.5614407191933556 0.10303391870452998 0.5750754119940911 0.8841649313680356
0 0.6804373415599363 0.8753629262428696 0.6646145559850013 0.08381734270980927 0.6379272649569032 0.08435081455564877 0.6537500505318382 0.875896398088709
0 0.7548180057120819 0.8881156898915046 0.7470333791689658 0.08955118081898313 0.6654632651392729 0.0903463487328916 0.6732478916823889 0.8889108578054131
0 0.7355708613367072 0.9021999792394049 0.7244207129985807 0.26340839482833134 0.671694369798016 0.26432873655223693 0.6828445181361427 0.9031203209633105
0 0.6639218943987963 0.16474721453555788 0.6415503679786749 0.009125286838647152 0.23734201942158922 0.06723250786337442 0.2597135458417107 0.22285443556028514
0 0.9618530263346937 0.7945635853658877 0.9604808348356692 0.3010471879734014 0.9216264721367807 0.30115522010055484 0.9229986636358053 0.794671617493041
0 0.9962933739704487 0.7903100794202802 0.9930654518842277 0.3039212229404347 0.9596021016068976 0.30414330263243444 0.9628300236931187 0.7905321591122799
0 1.0126900077431475 0.1943662754503077 0.8351434707979853 0.15380154255809017 0.8176031545614423 0.23057321545424586 0.9951496915066045 0.27113794834646343
0 1.0107200181709521 0.11714790024641078 0.8373896619605817 0.07526949192701908 0.8190073055804014 0.15135214423468185 0.9923376617907718 0.19323055255407356
0 0.8699341993106031 0.8061815709026725 0.8649398191097202 0.29926152912189996 0.8423222694504433 0.2994843663208672 0.8473166496513264 0.8064044081016396
0 0.9166862945015088 0.8019033406300246 0.9120651967070372 0.28448178182480677 0.8889845704073729 0.28468791515936415 0.8936056682018444 0.8021094739645818
0 0.9310490843720531 0.7980781103969155 0.9215956941861358 0.25649394165093653 0.857152385533484 0.2576188041870325 0.8666057757194012 0.7992029729330115
0 0.8490005138101291 0.8065206070041325 0.8446647324051566 0.24746016530083312 0.8322397736384873 0.24755652680517054 0.8365755550434597 0.8066169685084699