0 0.31209867361045346 0.21513455698306752 0.15516050854717808 0.20690977696220564 0.11943113164377794 0.8886669590206993 0.2763692967070533 0.896891739041561
0 0.1981198189237916 0.1451694217203845 0.045254915680733206 0.14273165426929674 0.033349196979778103 0.8893026762297811 0.1862141002228365 0.891740443680869
0 0.06337183737773752 0.7146868638803947 0.047627084150616415 0.4142591574278027 -0.005035023539621109 0.41701906229740804 0.010709729687500003 0.71744676875
0 0.34797840018619874 0.3119995446153886 0.28728351244872524 0.2995949231782469 0.1763709662110124 0.8422817416908221 0.23706585394848592 0.8546863631279639
0 0.40850858281675617 0.28054250544575887 0.35778327778248875 0.2688853087686902 0.22580641494595746 0.8431714609460716 0.2765317199802248 0.8548286576231403
0 0.44196778289211497 0.299745912733451 0.4059954793655673 0.29056720464021596 0.2709762249868935 0.819721585747238 0.3069485285134411 0.828900293840473
0 0.5015918601617407 0.29370908936179496 0.4459166816502426 0.2793961260021409 0.3034889752411759 0.8334175246497868 0.3591641537526741 0.8477304880094408
0 0.6010312749789366 0.2544496451319856 0.5192274101012757 0.23067901187143805 0.34585507149005046 0.8273197157947818 0.4276589363677113 0.8510903490553293
0 0.6521361528590244 0.26645590744495057 0.6027467121478651 0.24992661076799524 0.4122196522756848 0.8192203388276855 0.461609092986844 0.8357496355046408
0 0.6314978928186811 0.3642892000431424 0.6059801653525805 0.35643252928975455 0.4605512771144298 0.8287718766092184 0.48606900458053026 0.8366285473626061
0 0.6847943466135058 0.29034491930954254 0.6560238660218318 0.2812447058605848 0.48750719060446046 0.8140130597747683 0.5162776711961345 0.823113273223726
0 0.7465991646380568 0.17984617008924805 0.7204441791366512 0.17157324589040499 0.5100973362149206 0.8365882387334012 0.5362523217163263 0.8448611629322442
0 0.7434676727673233 0.2898050131747735 0.7129535214398419 0.2801532674383337 0.5473553142109406 0.8036946964116035 0.577869465538422 0.8133464421480433
0 0.7407981423541588 0.3369224385536332 0.7157846192203489 0.3298219681627012 0.5735715509987596 0.8308098853060161 0.5985850741325695 0.8379103556969479
0 0.7873695259824479 0.2484868488611934 0.7576887164473872 0.24018614826909404 0.5931390715147085 0.8285662031956962 0.6228198810497692 0.8368669037877956
0 0.8204713315852825 0.25130012421960213 0.778028466788491 0.24044145766948838 0.6291545843393208 0.8223392473660855 0.6715974491361123 0.8331979139161995
0 0.8818536750407512 0.22970167797208743 0.8063908751384007 0.2137112137190919 0.6787847315304846 0.8159149226946383 0.7542475314328351 0.8319053869476338
0 0.9185557075901782 0.3037140700730204 0.8227009751061646 0.2925523467593335 0.7609648922241299 0.8227299495325378 0.8568196247081437 0.8338916728462248
0 0.9486243481596432 0.19744669346338256 0.8757946068233167 0.19074452098886505 0.8178439871947688 0.8204699799909971 0.8906737285310953 0.8271721524655146
0 0.9668867307488839 0.3364266188834523 0.9067365893665478 0.33432647369748786 0.8900071886225064 0.8134723092906236 0.9501573300048424 0.8155724544765881