0 0.6516962587274973 0.12656801745224336 0.22173076342736237 0.10403448618539098 0.2189708601030179 0.15669659163966962 0.6489363554031529 0.179230122906522
0 0.6747361290789802 0.12528296308182618 0.6743909638915784 0.07438643331356756 0.22056928132986758 0.07746411752547036 0.22091444651726938 0.12836064729372898
0 0.7186395043963822 0.12471074694878123 0.6444108608088117 0.11157154636061964 0.5928412362636879 0.4029091551154327 0.6670698798512584 0.4160483557035943
0 0.7907566752376894 0.12054405401533455 0.7192726887124433 0.10474574777074812 0.6604678834202846 0.37082502513409454 0.7319518699455307 0.386623331378681
0 0.7524233233927121 0.590673720742641 0.7310030302191166 0.3793457194395108 0.6734108536360133 0.3851832861571651 0.6948311468096088 0.5965112874602954
0 0.8171175028185808 0.5958498872790472 0.7967403235233471 0.32493182366320794 0.7255159045227789 0.3302889886185556 0.7458930838180126 0.6012070522343949
0 0.734343150964157 0.8681757802875302 0.7254228067066656 0.62985328664605 0.6775662565481053 0.6316445439288497 0.6864866008055969 0.8699670375703297
0 0.6085556553594935 0.17090547105903822 0.6084803278113748 0.1479098254322197 0.2221415725059587 0.14917536725055688 0.22221690005407746 0.1721710128773754
0 0.5973149686024474 0.18886060340850952 0.5971480326512095 0.16755505010676103 0.2315912805655799 0.1704193063537861 0.2317582165168178 0.1917248596555346
0 0.6169995191874802 0.2018756260283372 0.616945732189156 0.1878354226897859 0.2235614182106699 0.18934244939919184 0.223615205208994 0.20338265273774314
0 0.6372692423081263 0.20070815905706768 0.22316252069271494 0.19842260619053886 0.2229956202404424 0.22866237886824972 0.6371023418558537 0.23094793173477854
0 0.6181102054537256 0.21283666191415268 0.22557344059000473 0.20583420252498996 0.22470366739773678 0.25459106580454527 0.6172404322614577 0.26159352519370793
0 0.6096783255811674 0.24677771538678406 0.22377003924410893 0.24543251649487696 0.22367010835206852 0.2741005146113225 0.6095783946891271 0.2754457135032296
0 0.6083509736961935 0.27383904496445066 0.22534413875911138 0.27234284130321434 0.2252095921143805 0.3067848667338978 0.6082164270514626 0.3082810703951342
0 0.6034638839464804 0.30677417728085143 0.2239696368084995 0.30419989370577416 0.22377147130777697 0.3334129408748889 0.6032657184457579 0.33598722444996615
0 0.6021523117705347 0.3344088093638248 0.22280130167482354 0.3305402902262028 0.22250729830332877 0.35937056661373373 0.6018583083990399 0.3632390857513558
0 0.6009984166999496 0.3614851932115489 0.22525631705785493 0.35501498936304693 0.2248509365448296 0.378556523553411 0.6005930361869243 0.38502672740191296
0 0.6065263433669134 0.3825124191458612 0.22423939909901042 0.3765898059932597 0.22394795580520643 0.39540159790756835 0.6062349000731094 0.40132421106016986
0 0.6090627034796264 0.39994590415161896 0.22302437236900943 0.39250073235426963 0.2223667698206262 0.4265979697615159 0.6084051009312431 0.4340431415588652
0 0.6558470566015432 0.4350104982369499 0.21870229781373807 0.420897493928558 0.21754561176922396 0.45672538931307816 0.654690370557029 0.47083839362147006
0 0.6717036668266945 0.47273356266890004 0.21335163081363118 0.45993844611172624 0.21294417853941594 0.4745343725052223 0.6712962145524792 0.4873294890623961
0 0.6258636009954653 0.482669750063199 0.21573352709154398 0.4733322412668546 0.21522134169254467 0.49582888786988866 0.6253514155964661 0.505166396666233
0 0.6596456936323316 0.503463626343105 0.22182452897419297 0.49327226062639173 0.22145793765810412 0.5090210269276898 0.6592791023162428 0.519212392644403
0 0.6897623653799958 0.5170334296484878 0.19975822248643785 0.5077204595666638 0.1991213450562461 0.5412299175126767 0.6891254879498041 0.5505428875945008
0 0.6503777815409845 0.5480597762542873 0.2157221682124984 0.5356266511584007 0.2145348054351925 0.5771362388310972 0.6491904187636786 0.5895693639269838
0 0.620554912466756 0.5875495569710341 0.2246617499691672 0.5727517046940308 0.2234810049865092 0.6043406715614786 0.619374167484098 0.6191385238384819
0 0.6718958639661099 0.6005172614875011 0.20123778262857567 0.5987141975170487 0.20102917142050036 0.6531684778682887 0.6716872527580345 0.654971541838741
0 0.6415313072664554 0.6518250999484063 0.2148732560024286 0.6323986514700319 0.21423624484564457 0.6463891623495416 0.6408942961096713 0.6658156108279158
0 0.620195942997191 0.6606825502548295 0.22469311746434845 0.6440461484255927 0.22419913657582277 0.6557897236996506 0.6197019621086655 0.6724261255288874
0 0.6844474388938838 0.708682810125744 0.6825133444122569 0.6402932111032336 0.1978607822622059 0.6539994450826472 0.19979487674383295 0.7223890441051576
0 0.604102215537493 0.7029921079577733 0.21921374959806425 0.6828209580117294 0.21860043760630082 0.6945236478575488 0.6034889035457296 0.7146947978035928
0 0.6317397061845467 0.7063963329119824 0.21911153134693645 0.6847713980962208 0.2175782503842501 0.7140281302222008 0.6302064252218604 0.7356530650379625
0 0.6094016452249666 0.7345627251452201 0.2175782506343354 0.7140281309975952 0.21614718930382765 0.7413344076328108 0.607970583894459 0.7618690017804357
0 0.6340788193840385 0.725962287970902 0.2238095720803849 0.7136958953470632 0.22241839039864622 0.7602262061672423 0.6326876377022999 0.7724925987910811
0 0.6611360811322895 0.7350537076853665 0.21648938523779065 0.7194760278895553 0.2144424042879415 0.7779047109694428 0.6590891001824404 0.793482390765254
0 0.6595736633242237 0.7723966249203653 0.21227084689614747 0.7489545055417729 0.21002203896114438 0.7918643681991269 0.6573248553892206 0.8153064875777194
0 0.6824148500644485 0.8009749568059681 0.1969699371299261 0.7755338444346771 0.19421003072972226 0.8281959490864479 0.6796549436642446 0.8536370614577388
0 0.6874172699541556 0.8539804856135887 0.1948158528625669 0.8184619416302805 0.19151232972732876 0.864278013893206 0.6841137468189176 0.8997965578765144
0 0.6711740616543642 0.8988972581247134 0.18618469644884303 0.8604352624837827 0.18339165892794712 0.8956542746978284 0.6683810241334683 0.9341162703387592