0 0.17624435850299638 0.9492147538368336 0.1214825273656095 0.31041089283554285 0.06447355930522189 0.3152980196562014 0.11923539044260878 0.954101880657492
0 0.2060699089215498 0.8899146960930991 0.15355283467258857 0.22516880579306092 0.11430271292328953 0.22826969229460564 0.16681978717225077 0.893015582594644
0 0.2279944315419958 0.9433825095499536 0.17093914447936415 0.1714029242874314 0.14871372646058081 0.17304555529653695 0.20576901352321247 0.9450251405590592
0 0.24563547549929043 0.9386047163578226 0.19126148822030647 0.17366263352961214 0.16888914808750824 0.17525291515365904 0.22326313536649217 0.9401949979818696
0 0.26232692614531106 0.9383781783547299 0.21278072771835216 0.1734005907520475 0.19033448060658412 0.17485439310046066 0.239880679033543 0.9398319807031431
0 0.27848838438435347 0.9397760930332844 0.23345453707652192 0.17310283158720235 0.21106103275993995 0.17441821025604762 0.2560948800677715 0.9410914717021296
0 0.299510177424409 0.9367664540156516 0.25598450308954596 0.17262560114270042 0.23096233621810222 0.17405087068862815 0.2744880105529653 0.9381917235615795
0 0.30787339851829937 0.935577483612976 0.2712028795901715 0.17547525911795292 0.25578340600270677 0.17621915918800804 0.29245392493083466 0.936321383683031
0 0.325183155146317 0.9377020086362565 0.2879001193437546 0.172537816959465 0.26832028360295407 0.17349185496186137 0.30560331940551644 0.9386560466386529
0 0.3414535719341328 0.9374976915616153 0.30633242762923596 0.17472213671184714 0.28582681283143757 0.17566629473027753 0.3209479571363344 0.9384418495800457
0 0.3602464420117076 0.9371013928591159 0.32805713501891687 0.17175476397203143 0.3032402691626287 0.1727985233400038 0.33542957615541935 0.9381451522270883
0 0.3781656121324707 0.9316007165574944 0.345787314206689 0.17673619518052747 0.32416429389990997 0.17766366835448327 0.3565425918256916 0.9325281897314502
0 0.38919480250463745 0.9289887328961164 0.3608040354604286 0.17661098348277712 0.34366392821127756 0.177257760706589 0.37205469525548646 0.9296355101199284
0 0.40491923973084043 0.92759816851319 0.3781345471440265 0.17384356102282367 0.3580309794691122 0.17455794190317891 0.3848156720559261 0.9283125493935452
0 0.4178238885765082 0.9312292884927524 0.3963587446339122 0.17349015587904654 0.37621403124594466 0.17406081292174608 0.3976791751885407 0.9317999455354521
0 0.4374092186230555 0.9412341511960122 0.41407352460855035 0.17056668032680028 0.3927175462432111 0.1712133361094193 0.4160532402577163 0.9418808069786312
0 0.4531036740688433 0.9384393355579347 0.43299470185360545 0.17028437723033507 0.4123357766833612 0.17082519226738122 0.4324447488985991 0.9389801505949809
0 0.5541382095151933 0.9300301374477357 0.54910492955915 0.17479824932151392 0.4338236187829499 0.17556654727073828 0.4388568987389932 0.9307984353969602
0 0.6653819319041177 0.16882737150551247 0.5531106726770851 0.16796590776287698 0.5472538357154441 0.9312649628794609 0.6595250949424766 0.9321264266220964
0 0.7847528630186672 0.17226617844766892 0.6664624138864041 0.16971286793920584 0.6503464721067218 0.9163365100654925 0.768636921238985 0.9188898205739555
0 0.8438032722026092 0.12988948471770212 0.7437050266713071 0.1262787198688485 0.7151711964852953 0.917298478692169 0.8152694420165973 0.9209092435410225
0 0.8880845371409775 0.13443095552214765 0.8424291414578807 0.13261854922844377 0.8111320939318116 0.9210063922188129 0.8567874896149084 0.9228187985125167
0 0.9355689548911427 0.1348561401259572 0.8877357452813033 0.13260155517215022 0.8505069175134615 0.9224472955781046 0.8983401271233008 0.9247018805319115