0 0.12668195236609997 0.2746444212610871 0.06750986204207096 0.2735950302949411 0.05912943389327839 0.7461428865010754 0.1183015242173074 0.7471922774672215
0 0.13351214390605032 0.7475422172178124 0.1269202305697135 0.31601149143396995 0.10776413388243952 0.3163041133069447 0.11435604721877635 0.7478348390907872
0 0.1995432450613781 0.2710332756405304 0.12733498590349418 0.2669464222728396 0.1004226767160576 0.7424445186093662 0.17263093587394157 0.746531371977057
0 0.19539134595793156 0.7427393853585873 0.19242422148815647 0.3776654010018648 0.16974663917038382 0.37784971216150265 0.1727137636401589 0.7429236965182251
0 0.26877109756730394 0.2938880038610613 0.19069368806527326 0.2911614778112349 0.17494042668044166 0.7422753926092893 0.2530178361824723 0.7450019186591157
0 0.42584573501955375 0.3027502940707086 0.19617479845650118 0.16276985992425472 0.14336440668226763 0.24941777049124175 0.37303534324532023 0.3893982046376956
0 0.9466641407876214 0.26698959045481635 0.9455363746294061 0.20193302168578248 0.6639871299621534 0.20681372345064292 0.6651148961203687 0.2718702922196768
0 0.8051766682362569 0.26745329434737547 0.6646373333273943 0.26254555324171436 0.6629408301952371 0.31112705269960894 0.8034801651040999 0.31603479380527
0 0.2491644332289072 0.74119982664751 0.24728368551124227 0.3829916819285394 0.23111391975392093 0.38307658019367263 0.23299466747158584 0.7412847249126433
0 0.29625940701690395 0.3871475912464276 0.24529015337666418 0.38692610534842153 0.24375968203769344 0.7391245187344964 0.29472893567793323 0.7393460046325024
0 0.3358387750817767 0.38611520669473387 0.2947008328548544 0.3859410117472256 0.2931843788468468 0.744067342410504 0.3343223210737691 0.7442415373580122
0 0.3589004283274564 0.383497047643849 0.33459419379916844 0.38333202998712546 0.33214024190305524 0.744786261566606 0.3564464764313432 0.7449512792233295
0 0.3928282178821865 0.3877334522582202 0.35740682496951565 0.38744556629081256 0.3545218259888466 0.7424148736423964 0.3899432189015174 0.7427027596098041
0 0.4055363445359002 0.3750029357293013 0.3915145498756555 0.37487191267590325 0.3880742908173813 0.7430407565707832 0.402096085477626 0.7431717796241812
0 0.43191044824438557 0.3306813228286614 0.40450891042208037 0.3302472159882126 0.39763084087137296 0.7644022796202666 0.4250323786936782 0.7648363864607154
0 0.45706970973711447 0.32796089333037787 0.4308286007875445 0.3274265453476509 0.4219868928491338 0.761630900584581 0.4482280017987038 0.7621652485673079
0 0.49438984669448693 0.3325668641541162 0.45543973201248705 0.33176887836702756 0.44682507975361246 0.7522546800664615 0.48577519443561235 0.7530526658535501
0 0.5255905429856722 0.32356929946746915 0.4953795604545316 0.32273238705459867 0.483164736394014 0.7636648318818496 0.5133757189251547 0.7645017442947201
0 0.5572623076679875 0.31435502213977196 0.5248326846927154 0.31342544274960593 0.5115011095785957 0.7785153094044686 0.5439307325538678 0.7794448887946345
0 0.5697457286900688 0.3495646713357627 0.5560821819308067 0.34908752979970115 0.5419042622763457 0.7550900542221384 0.5555678090356078 0.7555671957581999
0 0.6148825970023488 0.34419220923725186 0.5680361514411911 0.34255629645575014 0.5533735259338545 0.7624392482733519 0.6002199714950123 0.7640751610548536
0 0.6561639445556756 0.370176152249673 0.6143305850528242 0.3681915154988313 0.596547520505748 0.7430335776267054 0.6383808800085994 0.745018214377547
0 0.7057622269367393 0.31609674910203706 0.6491561050898664 0.31412001808824647 0.6335240256486032 0.7617638236434079 0.690130147495476 0.7637405546571985
0 0.750899093313074 0.3107242831473113 0.6981968424528999 0.3088838795383479 0.682201235775022 0.7669380105411725 0.7349034866351961 0.7687784141501359
0 0.8094244515487595 0.33089435673293577 0.7506560587532605 0.32691564406120055 0.7208037143765414 0.7678558287246041 0.7795721071720406 0.7718345413963392
0 0.8431046020234078 0.3108669485369416 0.8042486684501272 0.3083259406762021 0.7749747140178548 0.7559699036966918 0.8138306475911353 0.7585109115574312
0 0.8703348705960782 0.3715186648874901 0.8376179973372017 0.36900931219079663 0.8097670847046409 0.732128765245047 0.8424839579635174 0.7346381179417405
0 0.9336539302922704 0.3379522559370828 0.8419129747238008 0.334748591152416 0.8273715177008582 0.7511614346644943 0.9191124732693277 0.7543650994491611
0 0.6702254425538847 0.30922685249301857 0.6666588280738395 0.2142347585210802 0.39011255127810046 0.22461808532208433 0.3936791657581459 0.3196101792940227