0 0.6839138566875254 0.04631756705988796 0.6823722019968089 0.011486940388098398 0.23810370092292504 0.031150916723408455 0.2396453556136414 0.06598154339519802
0 0.7084712067370493 0.07489764744245811 0.7072650846379013 0.04405404567573624 0.2590775803279281 0.06158017176174689 0.2602837024270762 0.09242377352846876
0 0.7368488420351921 0.14229631182583874 0.7356558041319652 0.07394734655310539 0.24614703434315235 0.08249177021759845 0.24734007224637908 0.1508407354903318
0 0.6686305649340107 0.16304332698856053 0.6667719498365299 0.1198623485464815 0.27038659887015715 0.1369237451221659 0.2722452139676381 0.18010472356424492
0 0.6933284543193297 0.196474279223833 0.69190180981111 0.16160092413679633 0.267937869931876 0.17894499169216346 0.2693645144400956 0.21381834677920014
0 0.7315791471883891 0.21534389533732262 0.7307542588907919 0.1938076502651682 0.26885872492528157 0.2114993239717037 0.2696836132228787 0.23303556904385814
0 0.7287767497144849 0.24880973810745965 0.727650119598257 0.21476134968058336 0.2690744514987179 0.22993520025386083 0.27020108161494594 0.2639835886807371
0 0.7219800675954853 0.27705601179682077 0.7212810815819889 0.24939641608449659 0.2664264858074343 0.2608910526629797 0.2671254718209306 0.28855064837530386
0 0.7396509940510062 0.2984442243469275 0.7390216254924838 0.2744665923718721 0.2495571203866626 0.28731413170965114 0.25018648894518497 0.31129176368470657
0 0.7266775191250513 0.3553969083405553 0.726063958348624 0.32024601302524386 0.2504419629063532 0.32854802064672156 0.2510555236827805 0.363698915962033
0 0.6264795779920693 0.3746846073285064 0.625618865818545 0.34062534085747587 0.22975615354277185 0.35062919269585635 0.2306168657162962 0.3846884591668869
0 0.657994491265314 0.38941219765538876 0.6574336050945713 0.37324128344670643 0.2616615492208406 0.3869685885354183 0.2622224353915833 0.40313950274410065
0 0.6584013469156125 0.40749899081750823 0.6577550128623448 0.3872289503670393 0.26205128724550975 0.3998464285361629 0.2626976212987774 0.4201164689866318
0 0.6620686257190069 0.42257193495157186 0.6615224918945595 0.4052482709970115 0.26570522887666304 0.4177265317276101 0.2662513627011105 0.4350501956821704
0 0.6728347606426887 0.45400786345157823 0.672255286312504 0.4208097952537916 0.2591237744870441 0.4280210313012307 0.2597032488172287 0.4612190994990174
0 0.6592888552211874 0.4737785332539649 0.6589479878909483 0.4542502569233606 0.2597032480356397 0.46121909975836506 0.2600441153658789 0.48074737608896934
0 0.6629991543866312 0.4873877274189716 0.6627264605533731 0.47176510676992606 0.26001003001563405 0.47879454758055245 0.2602827238488921 0.49441716822959797
0 0.743185515461587 0.4996476864604492 0.7427421390252713 0.4821028247034594 0.2393696959656503 0.4948235564501412 0.23981307240196595 0.5123684182071311
0 0.7123527724701296 0.5295015506373559 0.7118755581348853 0.5021619642598404 0.2536120298739598 0.5101609852393815 0.2540892442092041 0.537500571616897
0 0.7023467325056266 0.5531172776243901 0.701937691727925 0.5296833469276228 0.2540892432312291 0.5375005705951342 0.2544982840089308 0.5609345012919016
0 0.6992159067127576 0.5727061520449314 0.698840952707948 0.5512250484866609 0.25793589091433533 0.5589210738892593 0.2583108449191448 0.5804021774475298
0 0.7136480675893409 0.6037089989378146 0.71310268022503 0.5724637582286257 0.251367458188611 0.5805233714702001 0.2519128455529219 0.6117686121793889
0 0.6655626663658811 0.6362910759260352 0.6653397197605972 0.6046095520016974 0.2553447186536774 0.6074947349840072 0.2555676652589613 0.6391762589083451
0 0.6730147528948355 0.666949649479923 0.672875339517961 0.635066780559057 0.25589064178619725 0.6368901185077245 0.2560300551630718 0.6687729874285905
0 0.7187845809710288 0.7012201869875939 0.7186348292359097 0.6643469372401325 0.2564036950109715 0.666224176562686 0.2565534467460906 0.7030974263101475
0 0.7340013783849382 0.7010746277491836 0.2502321967314174 0.6983001447060795 0.24989624935729832 0.7568771782403746 0.733665431010819 0.7596516612834787
0 0.633146838763168 0.7557516982972537 0.2683755589493869 0.7555000492421913 0.26836391216037336 0.7723823464283995 0.6331351919741545 0.772633995483462
0 0.7065053128732982 0.7913622364969504 0.7059599255293103 0.7601169955458179 0.2650548651734038 0.7678130168437315 0.26560025251739183 0.799058257794864
0 0.7451664068436534 0.8188157653487537 0.7449428950537776 0.7868785314116582 0.25168133254115876 0.790330607910559 0.2519048443310346 0.8222678418476542
0 0.6654766791694919 0.8158495571880208 0.26940602817713916 0.8145120055478234 0.26935791393603215 0.8287594097037149 0.6654285649283849 0.8300969613439122
0 0.735574156665192 0.8650848942199485 0.734824248816145 0.8221226871261681 0.37376813549752663 0.828424942797833 0.37451804334657357 0.8713871498916135
0 0.7575694917817242 0.8669192197854058 0.2563511429694452 0.8621373768586464 0.25587923377761157 0.9116014746014962 0.7570975825898906 0.9163833175282555