0 0.6354534742597449 0.029583178366025108 0.6302815999106341 -0.004881319445851362 0.19053244964859725 0.061109119837431655 0.195704323997708 0.09557361764930813
0 0.6628938830135757 0.055435226836233385 0.6584703335312361 0.02488666297729649 0.2145700278629318 0.08916513369090402 0.21899357734527145 0.11971369754984092
0 0.6981611407793926 0.1194984053606889 0.6898302279550335 0.05164857092008074 0.20389617421002076 0.11131377531613285 0.21222708703437995 0.179163609756741
0 0.6324852265593907 0.1472625180301736 0.6261231517802577 0.10451236716781173 0.23369264141015825 0.16291385119125276 0.24005471618929128 0.2056640020536146
0 0.6605423030053067 0.17792869832530844 0.6554782154374433 0.1433955075887498 0.23564974357193402 0.20496086253170973 0.2407138311397973 0.2394940532682684
0 0.7005558658745132 0.1926966586670839 0.6974843458070002 0.17136461570291237 0.2399684088113423 0.23724060254812165 0.24303992887885534 0.2585726455122932
0 0.7012669539233591 0.226272102173171 0.6965874698519964 0.19252799915108584 0.2421100263098727 0.2555529358772776 0.24678951038123542 0.2892970388993628
0 0.6974600445651717 0.2550740872689202 0.6938736725151097 0.22763907664593033 0.2427123342300735 0.28661599617145683 0.24629870628013553 0.3140510067944467
0 0.7172698455584021 0.27449801726646916 0.7141375797584686 0.2507175246370273 0.22869734667766672 0.31465765673118906 0.23182961247760026 0.33843814936063094
0 0.7103206172518564 0.3324948067741396 0.7060361483958719 0.2976006059109661 0.23388745679157016 0.3555731719687072 0.23817192564755457 0.3904673728318807
0 0.6126876832811814 0.36215038164413177 0.6082715233289474 0.3283676639708185 0.2156230767701881 0.3796956347329054 0.22003923672242204 0.4134783524062187
0 0.6455694075995789 0.37350308711376073 0.6433212732982169 0.35747938824060377 0.2511521930006403 0.41250093902795315 0.25340032730200235 0.4285246379011102
0 0.6478646194694273 0.3914482740831995 0.6451030300483371 0.3713568346272958 0.2528858959817874 0.42526749098348915 0.2556474854028776 0.4453589304393929
0 0.6530873600432818 0.4060553104056955 0.6507334020703996 0.38888363334234854 0.258388801133635 0.4426677045245214 0.26074275910651706 0.45983938158786836
0 0.6670804668187703 0.43619365986270625 0.6630340237802537 0.4032380259420857 0.2529194679447348 0.45359376157903836 0.2569659109832514 0.4865493954996589
0 0.6556753638118443 0.457271959438287 0.653295103036052 0.43788629006197455 0.25696591069051034 0.4865493933332097 0.25934617146630257 0.5059350627095222
0 0.6607878871442854 0.47041876781503966 0.658883678501296 0.45491023258827823 0.2591081456682145 0.5039964946849604 0.26101235431120384 0.5195050299117219
0 0.7418164928838311 0.47422980772653106 0.7395416079612985 0.45682740464493243 0.24025636947917195 0.5220951987386718 0.24253125440170448 0.5394976018202705
0 0.7142732333642325 0.5071430304073077 0.7109408684286413 0.480003095680097 0.256023880869475 0.5358598776946469 0.2593562458050661 0.5629998124218576
0 0.7067905228439251 0.531675301643989 0.7039342100852318 0.5084125013022793 0.25935624618810427 0.5629998120241304 0.2622125589467976 0.5862626123658401
0 0.7057244429241522 0.5514841278480316 0.7031061560921842 0.5301598926214821 0.2654208721051317 0.5839008874770751 0.2680391589370997 0.6052251227036247
0 0.7233182242519092 0.5808085723725098 0.7195098097069976 0.5497915050963007 0.2611464753375985 0.6060714097668983 0.26495488988251004 0.6370884770431074
0 0.6789019938626637 0.618238447534871 0.6753686473860272 0.5867537823819635 0.26792122521894984 0.6324793096040842 0.2714545716955862 0.6639639747569916
0 0.6895179502727323 0.6479501159372424 0.6860466333991359 0.6162564771854283 0.27153681216217385 0.6616565951081128 0.2750081290357703 0.6933502338599269
0 0.7386192933528478 0.6772486650225324 0.7346160579176642 0.6405930658552226 0.2751132999252504 0.6907763329452977 0.279116535360434 0.7274319321126075
0 0.7595317631408187 0.7338895184555552 0.7538013596764589 0.6755938780061616 0.27230166183961035 0.7229248193133023 0.27803206530397 0.7812204597626959
0 0.6607275145470919 0.7552535394112684 0.658834253628305 0.7382198933356926 0.29635018604389984 0.7785093836653327 0.29824344696268656 0.7955430297409085
0 0.7358297026762693 0.7681804403217114 0.732021285795839 0.7371633726099576 0.2943360022769076 0.7909043657160781 0.2981444191573379 0.821921433427832
0 0.777226129721089 0.7924844646433133 0.7740207345966619 0.7597875808696941 0.2828939069221912 0.8079345403720921 0.28609930204661826 0.8406314241457113
0 0.6990277831136469 0.8110790059640267 0.6976432943648249 0.7972034327120483 0.3035142082468928 0.836529179865304 0.30489869699571476 0.8504047531172825
0 0.7724454187413577 0.8384607152057686 0.767208844801647 0.795812245323471 0.408789401503357 0.8398206217421642 0.41402597544306774 0.8824690916244619
0 0.7991736105162748 0.8874999479561685 0.7948577919516884 0.8380359288273658 0.29521195756321544 0.8816308652225844 0.2995277761278018 0.9310948843513872