0 0.8401113521424076 0.21483966847946784 0.8331700074079456 0.14879719912191475 0.05619977697567221 0.2304600786342787 0.06314112171013428 0.2965025479918318
0 0.7996752241191907 0.15907964055969756 0.7969068767729254 0.13650576591544095 0.08313859314895937 0.22403874662690781 0.08590694049522474 0.24661262127116443
0 0.7877221157734148 0.23957057482359256 0.7811485191126938 0.18608732068661515 0.06026994736556468 0.2746901001638266 0.06684354402628571 0.328173354300804
0 0.7624857438566368 0.2699811075322962 0.7590395909586659 0.24170155888490213 0.11414126049422975 0.32028903134201137 0.11758741339220058 0.3485685799894055
0 0.7657658251559059 0.30100081896836717 0.7619610278770093 0.268810219086736 0.10647790680488582 0.3462856437320828 0.11028270408378235 0.37847624361371396
0 0.7292175453894443 0.3203498696934569 0.7270452657238291 0.3022816530345215 0.1407636372769412 0.3727682806768327 0.14293591694255645 0.3908364973357681
0 0.7317029008037432 0.34603073406648244 0.7282322286565913 0.3130094989059916 0.13773485334760466 0.3750732825134361 0.14120552549475665 0.4080945176739269
0 0.7333361582761506 0.36157013878972755 0.7300696432520193 0.33049132863601394 0.14647866915899393 0.39182922012522614 0.1497451841831253 0.42290803027893975
0 0.7144423502000165 0.37800334349353426 0.7115398551423601 0.35394413359149846 0.13553392978915418 0.4234332962999131 0.13843642484681057 0.44749250620194897
0 0.6685493870095378 0.4059515415083519 0.665389561391964 0.38071703815456925 0.14823228358764462 0.44547467541854396 0.1513921092052184 0.47070917877232665
0 0.844759480064536 0.4218900565770958 0.8400900112562839 0.3832763739067685 0.12635284914549955 0.469587059272394 0.1310223179537517 0.5082007419427212
0 0.7481451867747158 0.46505065920143185 0.7442282890989909 0.4322301873426578 0.16457165750597472 0.5014082211861378 0.1684885551816997 0.5342286930449119
0 0.7647573292864538 0.4917142080001519 0.7614061679569819 0.4628382014727066 0.16113466705200313 0.5325018039900733 0.16448582838147505 0.5613778105175186
0 0.7812754637622187 0.5469703590546444 0.7748416601401839 0.4911555626960629 0.1708795808264576 0.5607746183403086 0.17731338444849243 0.6165894146988902
0 0.7944505778318878 0.576753809457903 0.7914853973520848 0.5497313322658328 0.15631743252097235 0.6194284084193844 0.15928261300077523 0.6464508856114546
0 0.9089767029592736 0.6043060684368092 0.900810416707567 0.5266090445943102 0.1238401853809458 0.6082719063653075 0.1320064716326524 0.6859689302078065
0 0.9289460608859768 0.6277154402562359 0.9260886684306471 0.6011761973846091 0.13893420003851964 0.685926514115289 0.14179159249384946 0.7124657569869157
0 0.9304173153371466 0.7103203724233589 0.9225158693805234 0.6291299585940399 0.12766861345139943 0.7064844434436576 0.1355700594080227 0.7876748572729766
0 0.75525085566707 0.7029464075380846 0.7497386123657197 0.6505009161583325 0.11434962354605882 0.7172829903696736 0.119861866847409 0.7697284817494257
0 1.0034733078265377 0.5973693190472038 0.9031242747164618 0.20006814802392564 0.7544503133852853 0.23761973195156086 0.8547993464953612 0.634920902974839
0 0.7383292854540371 0.9413886852362781 0.734835283485076 0.9026915915274347 0.24331646062926163 0.947071351613842 0.24681046259822276 0.9857684453226854
0 0.7383061232603014 0.974099798121608 0.7351683654672991 0.9407831402162085 0.2509116980653218 0.9863903597719135 0.2540494558583241 1.0197070176773129
0 0.874090748064115 0.8036949652811286 0.7960824748837335 0.7929124853009167 0.7711462985061943 0.9733188540123037 0.849154571686576 0.9841013339925155
0 0.952519725430651 0.7990880902226114 0.875124463526731 0.7874067251309291 0.8485121528861799 0.9637274492696285 0.9259074147900999 0.9754088143613109
0 0.7317812009268759 0.8460556006787181 0.7295879623512824 0.82354354068315 0.22503219359358195 0.8726999117924773 0.2272254321691754 0.8952119717880453
0 0.7506119551494491 0.8917135168525391 0.7483949969897803 0.8687386819618143 0.23334513797176631 0.918438450992461 0.23556209613143517 0.941413285883186
0 0.7793239300472445 0.8987684433215642 0.7725867432473678 0.8346683996074619 0.2338873826121442 0.8912879900364656 0.24062456941202104 0.955388033750568
0 0.7816183549662268 0.8213428827272302 0.7804394537541146 0.8089736039716302 0.2238842946064213 0.8620182126905845 0.22506319581853348 0.8743874914461847