0 0.7084446204094172 0.08123951511640919 0.7058608273785556 0.013644790438024029 0.11857488919961261 0.03609366231981132 0.12115868223047417 0.10368838699819649
0 0.6584895601947316 0.08223942838408047 0.655517542509817 0.05155865667565308 0.11277803375504838 0.10413332571104883 0.11575005143996311 0.1348140974194762
0 0.6783199107015979 0.1048171709016585 0.6759596824346497 0.07907543723352206 0.10868550364940768 0.13108811707629647 0.11104573191635587 0.15682985074443292
0 0.433482453125 0.13287149531250003 0.43249736903039737 0.1314831807609516 0.430029253125 0.13323444218750002 0.4310143372196026 0.13462275673904847
0 0.5965149215505172 0.15599570125787296 0.5946775071333721 0.1385138710541176 0.14921457595379828 0.1853339123491786 0.15105199037094338 0.20281574255293394
0 0.7031472982131023 0.1760434877272259 0.7007395110096877 0.1476129970723127 0.11233331473100813 0.1974453030640086 0.11474110193442277 0.2258757937189218
0 0.6142241834795128 0.22483418411119144 0.6091202546519496 0.17627354488647498 0.09459330089455667 0.23035250664989415 0.09969722972211988 0.27891314587461064
0 0.7227199862221706 0.2605640177232556 0.7178202145629414 0.2139458035084015 0.1204164361941283 0.276735469557757 0.12531620785335756 0.32335368377261114
0 0.7347128459934879 0.2750145823953907 0.7328754316231164 0.2575327528551115 0.13547165409710243 0.32032242159151864 0.13730906846747387 0.33780425113179785
0 0.7028348787441828 0.3038955764119179 0.700180836087895 0.2786440434844641 0.14421546959896134 0.3370783493271829 0.14686951225524916 0.3623298822546367
0 0.7020357206832106 0.32951005551170287 0.698973363232258 0.3003736706370942 0.1326483954415367 0.3598968232944372 0.13571075289248935 0.38903320816904585
0 0.7158659959191601 0.3614424533527292 0.712191167192983 0.3264787923141901 0.13550659567188414 0.38709078105967315 0.13918142439806117 0.42205444209821225
0 0.7378101455142231 0.37091933025370283 0.7361768882034672 0.3553799246061137 0.14222631197565355 0.41780664431802733 0.1438595692864095 0.4333460499656165
0 0.7388342024301124 0.3806965628002917 0.7372359812609084 0.3649751256468993 0.14650739393169737 0.4250278373876837 0.14810561510090137 0.44074927454107604
0 0.7833285359934042 0.3270477120041462 0.735123739661 0.06010969671550144 0.7065849338279723 0.06526335503300844 0.7547897301603765 0.3322013703216532
0 0.7629470096540582 0.3598377557583259 0.7267317209703147 0.06745793959079308 0.6622041547218169 0.07545057215476494 0.6984194434055604 0.36783038832229775
0 0.8179854839170856 0.33059744553403214 0.7820180401423461 0.01632021608052029 0.7254172026613058 0.022797896449672284 0.7613846464360454 0.33707512590318417
0 0.7242189690029506 0.40769771838795094 0.7213607688470478 0.38050376059183677 0.14467619703853046 0.4411157518807752 0.14753439719443323 0.46830970967688934
0 0.7508412622060354 0.4284662167582143 0.7481872198562382 0.40321468497293333 0.15423664086169064 0.46564139253833214 0.15689068321148786 0.49089292432361314
0 0.7000640320829075 0.4436225232021524 0.6988390891601572 0.43196796937083465 0.15323332598069278 0.4893134437571992 0.15445826890344289 0.500967997588517
0 0.6127306908579946 0.4763682273592214 0.6100766477176806 0.45111669368512003 0.17497331771879407 0.4968478965187818 0.17762736085910819 0.5220994301928832
0 0.5946655285252389 0.503797435562591 0.5918073283000437 0.47660347697629 0.1808764054965602 0.5197940574270621 0.1837346057217554 0.5469880160133631
0 0.6632039764228381 0.5554477975364829 0.6582682130664655 0.5114297800644177 0.17495361492526285 0.5656240991206817 0.17988937828163545 0.6096421165927468
0 0.8147655752010419 0.5707568284038165 0.8113590817744137 0.5393817583245271 0.1277998840401235 0.6135980041499041 0.13120637746675148 0.6449730742291935
0 0.8130862325612377 0.5888540722753539 0.8110446606873045 0.5694298209295365 0.14457686508589096 0.6394784360425732 0.14661843695982407 0.6589026873883905
0 0.7511502423945696 0.6307137154555778 0.747271256431066 0.593807628532377 0.16022708040615505 0.655508456460729 0.16410606636965872 0.6924145433839297
0 0.797879270136777 0.6434772465849568 0.7952252271158345 0.6182257129145798 0.60529917060484 0.6381877449779811 0.6079532136257824 0.663439278648358
0 0.7999208420973738 0.6629015035881495 0.7978792704507434 0.6434772464507842 0.16594348219865554 0.7098963727351388 0.16798505384528584 0.7293206298725041
0 0.7318776076352537 0.6798725511171615 0.7308568217437085 0.670160422164632 0.17489145549479349 0.7285947371154073 0.1759122413863387 0.7383068660679368
0 0.7889460155158665 0.689223169164873 0.7864019963160644 0.6678440169347581 0.1793631511615635 0.7400788025088747 0.1819071703613656 0.7614579547389895
0 0.804551316880192 0.7357111093681687 0.7987572430411851 0.6863184695742743 0.16722274414539914 0.7604015219025425 0.173016817984406 0.8097941616964368
0 0.8716620796259799 0.7789705347822783 0.8649457167764389 0.7221465484464982 0.16481504552834605 0.8048991311746466 0.17153140837788694 0.8617231175104267
0 0.09153643550164006 0.599883867683137 0.057033874738708544 0.2716139460513137 -0.004815893679301714 0.2781146189804925 0.02968666708362979 0.6063845406123158
0 0.13961605763268284 0.9176145742977588 0.095494991990305 0.6176488961634283 0.04265309573414012 0.6254212546141905 0.08677416137651794 0.925386932748521