0 0.14774357310853942 0.24296515541813118 0.08888811065185662 0.23676257021724917 0.03935431341635104 0.7067818362350174 0.09820977587303382 0.7129844214358995
0 0.1443755679857585 0.28419557911103055 0.12526686219781508 0.28281752353366457 0.09422330834422332 0.713280668085727 0.11333201413216676 0.7146587236630929
0 0.22064233950679646 0.24571803174001433 0.14906504650930602 0.23535336530901882 0.08081275586694703 0.7066964845095085 0.15239004886443747 0.717061150940504
0 0.2036445200902503 0.35124091107989047 0.18094761055397166 0.349527857991152 0.15346993158916675 0.713590360099812 0.1761668411254454 0.7153034131885505
0 0.2876148328642065 0.2745193869097188 0.21007216328606965 0.26499835302935937 0.15506174523012675 0.7130226668033719 0.2326044148082637 0.7225437006837314
0 0.4433193590729232 0.297037919505842 0.22672248814618268 0.13757301163555952 0.1665611925545619 0.21928847210943198 0.3831580634813024 0.3787533799797144
0 0.9697433118865234 0.2450404991344371 0.6891707940562946 0.22131339859862215 0.6836653215291314 0.28641550774422525 0.9642378393593602 0.31014260828004014
0 0.8242831598365588 0.29493610359896716 0.6847063566616366 0.27779822864765197 0.6787821528546527 0.3260470010937393 0.8183589560295749 0.34318487604505454
0 0.258443293405909 0.3614112562046373 0.24232765954097438 0.36008654352390607 0.21298135417102376 0.7170955157409011 0.2290969880359584 0.7184202284216324
0 0.30687043568435907 0.3698198654238012 0.25611444029755737 0.36515695959125316 0.22389368064035448 0.7158817623751375 0.2746496760271562 0.7205446682076855
0 0.34638917258778046 0.37224097900238357 0.3054229544210164 0.3684820387877124 0.27269950301274487 0.7251134223698605 0.3136657211795089 0.7288723625845317
0 0.3695912559910503 0.37164273795931513 0.3453918949734231 0.36935992037666576 0.31144447157890615 0.7292248349392858 0.33564383259653335 0.7315076525219351
0 0.4030207139159773 0.37882002469711035 0.3677592008543613 0.37544605622509203 0.33394756492557254 0.7288131525170098 0.3692090779871885 0.7321871209890282
0 0.4167900198769902 0.36724553651297914 0.4028330004595412 0.36589293200989564 0.3673178041120516 0.732360945317854 0.38127482352950065 0.7337135498209376
0 0.44692664537661164 0.3253912352480407 0.4196672128953776 0.3225705788457986 0.37497620909278845 0.75447408886102 0.4022356415740225 0.757294745263262
0 0.47222726916381597 0.3248739325061644 0.44613258625500496 0.32205455449364884 0.3994811212220598 0.7538360261027011 0.42557580413087076 0.7566554041152166
0 0.5090039536461426 0.33271504080626907 0.4702716041037684 0.32852536558324397 0.4250419837248877 0.7466602741212822 0.4637743332672618 0.7508499493443073
0 0.5408701108512177 0.3264710340823894 0.5108470332375191 0.32300424611385353 0.4602488985276433 0.7611942188754527 0.490271976141342 0.7646610068439885
0 0.5732244327285237 0.3200521974006376 0.5409992331971163 0.3162997275802059 0.4871831365961228 0.7784578618111204 0.5194083361275303 0.7822103316315521
0 0.5825916285087 0.35621586418768575 0.5690216612806254 0.3545496817056396 0.5195122401325152 0.7577715554800729 0.5330822073605899 0.7594377379621191
0 0.6280249782172861 0.35479778236694826 0.5814993761889261 0.349085157117897 0.5302973288624082 0.7660923951380101 0.5768229308907682 0.7718050203870614
0 0.6668845865771124 0.3842807565973258 0.625383388289844 0.3786576548191558 0.5749983582758803 0.750523433496204 0.6164995565631487 0.756146535274374
0 0.7210074630714494 0.3347299136978208 0.6647890285632949 0.3278271587877108 0.6102017253819507 0.7724051235047401 0.6664201598901052 0.77930787841485
0 0.7664408130010483 0.33331183141089116 0.7140995111920577 0.3268851262751148 0.6582427167523384 0.7818021131424316 0.7105840185613289 0.788228818278208
0 0.8229855257383474 0.35850597169502785 0.7647875331150658 0.3494203964217343 0.6966183159757089 0.7860808694104771 0.7548163085989905 0.7951664446837705
0 0.8582830160254208 0.3414901936671278 0.8197964048378434 0.33557233800601055 0.7516191112581546 0.7789614877385722 0.790105722445732 0.7848793433996895
0 0.8801235208143112 0.4042843860533571 0.8477498494695068 0.3989331188360181 0.788356972945224 0.7582434254844328 0.8207306442900283 0.7635946927017718
0 0.9461271378787165 0.37636432609418413 0.8550145025115302 0.36517710144493376 0.8042356106688784 0.7787379980806644 0.8953482460360647 0.7899252227299147
0 0.6909383206451758 0.2300203602093544 0.4145755382172277 0.21606136091912426 0.4097807887746671 0.3109886740767601 0.6861435712026152 0.3249476733669903