0 0.9002819639979374 0.03815747785722118 0.22421927830429414 0.002497257407605526 0.22173931279483025 0.04951357199053573 0.8978019984884733 0.08517379244015137
0 0.8910971795423052 0.08321812169512496 0.23251490079544213 0.04372499664263137 0.22808632836583226 0.11757530143394186 0.8866686071126952 0.15706842648643546
0 0.8778940072295643 0.15517595590216335 0.2560550976597996 0.10935942148642719 0.25482524297609255 0.12605146302117548 0.8766641525458573 0.17186799743691164
0 0.9140694151390745 0.17233544700146156 0.2433772535102155 0.12254916164824484 0.24029698911238123 0.1640447095228246 0.9109891507412403 0.2138309948760413
0 0.8933147680149801 0.19631464099467294 0.24345134322736114 0.1049823115988483 0.23285026936427156 0.1804128870880231 0.8827136941518905 0.27174521648384775
0 0.8518822304419794 0.21592731785476996 0.22896962160807907 0.13161060055243248 0.2198462308650134 0.19901212318045525 0.8427588396989136 0.2833288404827927
0 0.8218328365083668 0.2753056410401447 0.2367353360684692 0.22086068426648925 0.23441553805705392 0.245790596942282 0.8195130384969515 0.3002355537159374
0 0.8643389862459998 0.30269224904251224 0.2213523960243438 0.21232655187791463 0.2145568471524426 0.2606794881682153 0.8575434373740987 0.35104518533281287
0 0.8200114070243885 0.31527805276012255 0.25679079172328717 0.256215103462668 0.25311372647744457 0.29127936921471737 0.8163343417785459 0.35034231851217196
0 0.7788543066471754 0.3357201766876442 0.24994355937890028 0.28150649230756036 0.24855046681219886 0.2950975558719213 0.777461214080474 0.3493112402520052
0 0.8535542392523489 0.35389054091450445 0.23191056306482927 0.28151081887687235 0.2267167403175197 0.32611871422669403 0.8483604165050395 0.39849843626432613
0 0.8139005742762823 0.38662093020979627 0.22298763524012308 0.32004435124899094 0.21795478952997765 0.3647143192274957 0.8088677285661369 0.43129089818830096
0 0.7940357793899111 0.4281583985281966 0.23522306675022983 0.3611199411587247 0.2315601506280947 0.3916529243850671 0.790372863267776 0.45869138175453894
0 0.7591503120541206 0.45212968177800616 0.25950053191432604 0.389059453916382 0.2576967869876552 0.40334893385954446 0.7573465671274497 0.4664191617211686
0 0.7591261237259169 0.452114003669153 0.26294468653579484 0.3893087142225495 0.26112631309542944 0.40367443333536324 0.7573077502855515 0.4664797227819667
0 0.7591114828469014 0.45224073640785417 0.25948258471691354 0.3888332824728307 0.2576619388868052 0.40317934454487253 0.7572908370167931 0.46658679847989604
0 0.7956843622604381 0.4664453978616555 0.2578910207316268 0.40105149951708585 0.25624881284870066 0.41455686450068485 0.794042154377512 0.4799507628452545
0 0.7566248711941876 0.4694519125107418 0.26692000492556556 0.4102882484927588 0.26372170218611374 0.436760990526345 0.7534265684547358 0.495924654544328
0 0.7938029622802449 0.47867777779222875 0.24999078149148946 0.4296446428118938 0.2471259901439386 0.4614172070348667 0.790938170932694 0.5104503420152017
0 0.8783509303573137 0.5124711762289115 0.22401672185574445 0.4613772141943935 0.21983766298198396 0.5148962812535534 0.8741718714835531 0.5659902432880715
0 0.6677629039871684 0.5038543445011141 0.24827434685149202 0.4448990718799365 0.24582794466644123 0.46230612772335056 0.6653165018021175 0.5212614003445281
0 0.2946861806502204 0.4888958998442411 0.23623285703749222 0.48068082140355395 0.2354173897523561 0.48648317295233207 0.29387071336508425 0.4946982513930192
0 0.8281865988642739 0.5599298544265334 0.3296141330396516 0.4898600660707756 0.3282550208263164 0.49953065225971216 0.8268274866509386 0.56960044061547
0 0.8656713634435012 0.5667774739521448 0.2248406986401971 0.48534764811834663 0.22175040641131907 0.5096674106032915 0.8625810712146231 0.5910972364370897
0 0.8969552153168925 0.5695946533529072 0.21958434706192556 0.47439638978697907 0.21197331841906525 0.5285516746316165 0.8893441866740321 0.6237499381975445
0 0.8344763898255732 0.6153381161269856 0.22985125784844582 0.5261810677873897 0.2280078785719378 0.5386820809893662 0.8326330105490651 0.6278391293289622
0 0.6957047703795122 0.6044249878444327 0.17650173900624602 0.5314556531850265 0.17106528298157722 0.5701379909247148 0.6902683143548434 0.6431073255841211
0 0.7291888312686757 0.6364248742106905 0.2582781740532064 0.5888414679637397 0.25163433953316294 0.6545923825583618 0.7225449967486324 0.7021757888053126
0 0.7125352328550781 0.6342958694941331 0.2545800485627562 0.5740021594577394 0.25153267683504255 0.5971481838163323 0.7094878611273645 0.657441893852726
0 0.645333594167903 0.6895001449643693 0.2475750328245055 0.6251236992943723 0.24357705198383375 0.6498257637049459 0.6413356133272312 0.714202209374943
0 0.7173134238652291 0.700160885703339 0.6347910844703757 0.6885631263189695 0.6312573921767104 0.7137066514698561 0.7137797315715638 0.7253044108542256
0 0.807351531331707 0.6832301235870218 0.22969515864317933 0.6020458127674505 0.21284216542374312 0.7219610874529747 0.7904985381122709 0.803145398272546
0 0.7642444460067626 0.7983029897038306 0.22321352059507885 0.6999729554206984 0.21745552863692197 0.7316545442693768 0.7584864540486057 0.8299845785525092
0 0.8002701868306182 0.8084633522538984 0.21917538325232835 0.7267957854071534 0.21074888500801053 0.7867534225842652 0.7918436885863004 0.8684209894310102
0 0.7339910656911659 0.8578837882635917 0.22336655702374744 0.7593002165066414 0.2117023318964817 0.8197163600734456 0.7223268405639002 0.9182999318303958
0 0.7677746738685454 0.8650383091249564 0.23481790024675755 0.7901361183989787 0.22448864648822653 0.8636325769632828 0.7574454201100144 0.9385347676892606
0 0.8087640216847355 0.8727713065138006 0.22079235651146503 0.7901372700468878 0.20448300718641557 0.906184309384989 0.7924546723596859 0.9888183458519016
0 0.19395419817950596 0.107887518324804 0.10455499671974364 0.09532328222606685 0.06785897072993327 0.3564291222035142 0.1572581721896956 0.3689933583022514
0 0.18970031182980956 0.11320663463648202 0.15187757138831387 0.107890994027886 0.12088980437682828 0.32838036771534607 0.15871254481832398 0.3336960083239421
0 0.16685191855362785 0.5821045520069699 0.13067227734567113 0.5804492092525779 0.12172520588869754 0.7759989431771147 0.15790484709665426 0.7776542859315067