0 0.1289018300883929 0.7795437823807091 0.07445586325888294 0.3068425865052016 0.02255120218550658 0.31282099205982233 0.07699716901501655 0.7855221879353298
0 0.16108378609491344 0.769541859055252 0.10591600368944003 0.24465530142412972 0.06900991705717337 0.24853428618219872 0.12417769946264678 0.773420843813321
0 0.21037033293497237 0.7713443297695632 0.15919494164825304 0.2844429849253044 0.10286459969100976 0.2903635421829532 0.1540399909777291 0.7772648870272121
0 0.21244896618832954 0.7606150021076397 0.16523176131341302 0.34642393568054175 0.13582134221549141 0.3497766825081901 0.18303854709040795 0.763967748935288
0 0.24832848952717676 0.7603235064899264 0.19534673689185186 0.30143070282748285 0.15862527880430136 0.3056704014962687 0.21160703143962625 0.7645632051587123
0 0.27920881766548844 0.7536350702102395 0.23166288396155316 0.30126573496580983 0.19669922271413376 0.30494056389473895 0.24424515641806907 0.7573098991391686
0 0.31380953288406693 0.7465070384933831 0.26372297622359897 0.269965297445237 0.22875931456406082 0.2736401264684326 0.2788458712245288 0.7501818675165787
0 0.3308703447497971 0.7491568796008694 0.30525960657350065 0.24937928578602087 0.2653766421545976 0.25142305920057184 0.29098738033089405 0.7512006530154205
0 0.36941398099455025 0.7336800801032618 0.32368277794478295 0.2985767509945725 0.28483426593136885 0.30265989417508116 0.3305654689811362 0.7377632232837705
0 0.3892656527164197 0.6861675226252598 0.3411531406796721 0.2929916101033722 0.32088823430599306 0.2954714048231796 0.36900074634274066 0.6886473173450671
0 0.40405326853683066 0.6845868153048837 0.3575466196776054 0.2878393172264279 0.339428954043844 0.2899630657512682 0.3859356029030693 0.6867105638297242
0 0.42739447241446965 0.6856305155586233 0.3746628053641683 0.26144466243604714 0.35164802128541667 0.2643056912099714 0.4043796883357181 0.6884915443325476
0 0.4472768869684084 0.6765550369677114 0.40102146756422563 0.2901554930336991 0.37715589783459536 0.2930124113569576 0.4234113172387781 0.6794119552909699
0 0.4659244950714898 0.6711254726857814 0.4252160146519041 0.3191206790054564 0.403443910267268 0.32163856882101394 0.4441523906868536 0.6736433625013388
0 0.49908338832721616 0.6710849949208444 0.449540470926697 0.24664242366664535 0.41589042118180786 0.2505702144867513 0.46543333858232694 0.6750127857409502
0 0.53726354592635 0.6671396287257396 0.49518610907224714 0.29077494004846 0.4545395032522904 0.29531921596269 0.4966169401063933 0.6716839046399696
0 0.5756035197817801 0.6665580894177621 0.5237172295084689 0.2178991683712468 0.48642441911481277 0.22221198930140768 0.5383107093881241 0.6708709103479229
0 0.6085557214314339 0.6596326090142438 0.5586703644419233 0.2177827573617721 0.5243219743713303 0.2216607301488586 0.574207331360841 0.6635105818013303
0 0.6436790737201669 0.6524834350633346 0.6012143858596029 0.24845891421683675 0.5681931498143361 0.25192958594362785 0.6106578376749001 0.6559541067901258
0 0.6620144188147007 0.6400822720437807 0.6264457823158398 0.30166855817644395 0.605079097034118 0.30391428236204554 0.640647733532979 0.6423279962293822
0 0.6794963172915028 0.6382448459999196 0.6439276124412776 0.29983114346917084 0.6225609326004042 0.30207687147369877 0.6581296374506295 0.6404905740044475
0 0.7520919589315765 0.6375974325872589 0.7121678934414544 0.25774531891773245 0.6655496794518146 0.26264509059564956 0.7054737449419368 0.642497204265176
0 0.7083670523511797 0.6421318441060112 0.6662406770908007 0.26936349372193163 0.6292862828401158 0.2735396923668014 0.6714126581004948 0.646308042750881
0 0.7781094778310897 0.6244736385128352 0.7418592801143349 0.2511484014513855 0.7272114245023983 0.2525707206769453 0.7634616222191533 0.625895957738395
0 0.7972583896089122 0.6188848578865012 0.7616896761731101 0.2804711557140346 0.7422654192274173 0.28251272738967736 0.7778341326632193 0.620926429562144
0 0.7665425261863261 0.6256045730156126 0.7273443519761925 0.2526588620332238 0.7137473723896653 0.25408796219142216 0.752945546599799 0.6270336731738109
0 0.8908577629178309 0.6125385148711127 0.8476671824375911 0.20160759178726106 0.7388913495007859 0.21304039254001322 0.7820819299810259 0.6239713156238649
0 0.8225099208185573 0.6162308141022631 0.785489424607487 0.2640043086195644 0.7505257631182195 0.2676791373946299 0.7875462593292898 0.6199056428773286
0 0.08087784763738196 0.7915528883038061 0.021825716483586607 0.30897830281922006 -0.019408965070043048 0.3140241462938506 0.039643166083752304 0.7965987317784367