0 0.1499830728680548 0.15026000689516125 0.10420586620542782 0.14877948030843363 0.08084323440317577 0.8711413978734479 0.12662044106580272 0.8726219244601754
0 0.2220305501915226 0.14444097949011933 0.14965470564354097 0.14148139933064569 0.11981508345376071 0.8712024207616468 0.19219092800174237 0.8741620009211204
0 0.27381563596616076 0.15217695456928945 0.22068454001576257 0.14988910607214703 0.18944669234987443 0.875330971516135 0.24257778830027266 0.8776188200132775
0 0.2893336571156997 0.15428219487231834 0.27230514770266856 0.15346109294264496 0.23733707726215095 0.8786501287164988 0.25436558667518205 0.8794712306461723
0 0.3245047990405956 0.14581835762723583 0.28549472708925333 0.1440206714558136 0.2510919470880837 0.890566394789747 0.29010201903942595 0.8923640809611693
0 0.36559003836920784 0.1489538510245399 0.32521209523817257 0.14677437053909725 0.28515248342590394 0.8889350544319077 0.32553042655693926 0.8911145349173504
0 0.410651621548548 0.15214317868092 0.3661103075755163 0.14958754700827231 0.3237330932163861 0.8881669089227298 0.36827440718941784 0.8907225405953774
0 0.4798880350039142 0.17117135197010627 0.411429022099066 0.16663222337121142 0.36433368198626104 0.876922849930177 0.4327926948911093 0.8814619785290716
0 0.5306979409082617 0.2272492872034527 0.48065016616963396 0.22316584329227268 0.4272483718455078 0.8776724389761352 0.47729614658413555 0.8817558828873153
0 0.5721059290906633 0.19531707109787594 0.5320585927696444 0.19203465168694359 0.47784822738516597 0.8534311592163872 0.5178955637061848 0.8567135786273197
0 0.6438407827128012 0.2629285530467459 0.614615272371625 0.2608849062771318 0.5753772557638941 0.8220146852520986 0.6046027661050702 0.8240583320217129
0 0.5947817989220815 0.19694778174191666 0.5704396033885093 0.19483067713820773 0.513257151738931 0.8523071271466529 0.5375993472725034 0.8544242317503616
0 0.61050839167763 0.34761525156627937 0.5734894118317755 0.3450266322769787 0.5403066442065858 0.8195623088918447 0.5773256240524405 0.8221509281811453
0 0.6696539802628223 0.25777218742917984 0.6423768371868261 0.25586478360339254 0.6028966072475193 0.8204583249229345 0.6301737503235154 0.8223657287487217
0 0.7147086335777877 0.25744201348556445 0.6698961848628161 0.2543084219494355 0.6301737501234038 0.8223657290586823 0.6749861988383754 0.8254993205948112
0 0.912496695710453 0.3272626482729983 0.8951118839549304 0.3253812433453765 0.8221407166652938 0.9996592726448121 0.8395255284208163 1.0015406775724338
0 0.9824833473208592 0.3589662069564358 0.90917281987635 0.3503752447920242 0.8334158767495605 0.9968431667688418 0.9067264041940698 1.0054341289332531
0 1.0519048385458944 0.3221416125840554 0.9136151838549257 0.20848025319832386 0.8593532878822014 0.2744996893329871 0.99764294257317 0.3881610487187186
0 1.0169864830908535 0.45370714592534755 0.9685154274446737 0.4482037628900433 0.9092117724851863 0.9705208069924085 0.9576828281313661 0.9760241900277127