0 0.8360230565341279 0.0339453399137233 0.8322555100226587 -0.012234645537457234 0.15755811801996236 0.042809845722168775 0.16132566453143163 0.08898983117334931
0 0.8343861966443274 0.10707736920077279 0.8293991532309155 0.03319524463151471 0.17140106327950627 0.07761011574764964 0.17638810669291824 0.15149224031690772
0 0.8273313346954329 0.1226398381649616 0.8262261374032512 0.10593907909538572 0.2040624923490665 0.14711167328365712 0.20516768964124815 0.163812432353233
0 0.8660004196855097 0.15979561994426758 0.8645241723387741 0.11846069423566881 0.19314899523686307 0.14243837913216556 0.19462524258359876 0.18377330484076435
0 0.847222221875 0.14453125000000008 0.19097222187500001 0.14453125000000006 0.19097222187500004 0.22070312500000006 0.847222221875 0.22070312500000008
0 0.8093962447459218 0.23628331142055256 0.8088604155861235 0.16960234933613577 0.1802247546075554 0.17465388589937472 0.18076058376735368 0.2413348479837915
0 0.7885974520384855 0.25774035755940783 0.7874408861457655 0.23272426553766934 0.20044524484716889 0.2598627625223856 0.201601810739889 0.2848788545441241
0 0.8333333328125001 0.2539062500000001 0.18402777812500004 0.25390625000000006 0.18402777812500004 0.30273437500000006 0.8333333328125001 0.3027343750000001
0 0.7920908152245112 0.3081508083466844 0.7914125390130813 0.2729407366193586 0.2252741598009858 0.28384665575439405 0.22595243601241566 0.31905672748171987
0 0.7537841583811418 0.31184439308603784 0.7532571811808572 0.2981039504992373 0.22196468301761918 0.3184802252404381 0.2224916602179039 0.3322206678272387
0 0.8305658939162793 0.3511681701044881 0.8298050112887629 0.3062591865646642 0.2042565699605464 0.31685771060505985 0.20501745258806273 0.3617666941448837
0 0.7962265962428853 0.3892211239850843 0.7950742391049674 0.3441511558218662 0.20066412901162112 0.35934914155675735 0.20181648614953893 0.40441910971997547
0 0.7815944557273766 0.4191580206901267 0.781207688902857 0.3882166747285581 0.2185270530647067 0.39525018267653483 0.21891381988922629 0.42619152863810345
0 0.7501592121245159 0.43111619490036457 0.7499697021702076 0.41662921173500334 0.2464048045809343 0.4232165432479952 0.2465943145352425 0.4377035264133564
0 0.7501269260694533 0.4312781693793921 0.7499483470595696 0.4166743748250923 0.24985594280464413 0.42278963521650353 0.25003452181452784 0.43739342977080337
0 0.7501422653855176 0.43076217082001406 0.7499350056607292 0.4163921633452296 0.24634218318007695 0.4236555214176495 0.24654944290486527 0.43802552889243396
0 0.7883203677312445 0.4393072073440959 0.7881584071014207 0.425678520252323 0.2464521910499245 0.4321160500995019 0.24661415167974826 0.4457447371912748
0 0.7502186855809916 0.461423503275198 0.7499500846865846 0.435637817412119 0.25678527982600086 0.4407749507960834 0.25705388072040797 0.4665606366591624
0 0.7884877197617175 0.47053730962487783 0.7881607273685851 0.4391460398841813 0.2427554992900347 0.44482734434333293 0.24308249168316695 0.4762186140840295
0 0.8787395556657704 0.5136002456404475 0.8780670626634759 0.4621918916274893 0.22164834533767164 0.47077876437322014 0.22232083833996613 0.5221871183861783
0 0.6666666671875 0.48046875 0.24305555625000008 0.48046875 0.24305555625000008 0.498046875 0.6666666671875 0.498046875
0 0.2951388890625001 0.517578125 0.2361111109375001 0.517578125 0.2361111109375001 0.5234375 0.2951388890625001 0.5234375
0 0.8333333328125001 0.5136718750000001 0.3298611109375001 0.513671875 0.3298611109375001 0.5234375 0.8333333328125001 0.5234375000000001
0 0.8716550095255394 0.5402473035012646 0.8714552506217956 0.515388417631003 0.22553806683037192 0.5205788235573542 0.22573782573411574 0.5454377094276158
0 0.902777778125 0.5136718750000002 0.21875000000000008 0.5136718750000001 0.21875000000000008 0.5683593750000001 0.902777778125 0.5683593750000002
0 0.8472732519743481 0.5676655378587999 0.23612402793143583 0.5635237132882878 0.23603839304595248 0.5761596163602687 0.8471876170888647 0.5803014409307808
0 0.7083333328125 0.576171875 0.1840277781250001 0.576171875 0.1840277781250001 0.615234375 0.7083333328125 0.615234375
0 0.7479699662034046 0.6694418603304947 0.7461092554184349 0.6032832553042673 0.27321739721737637 0.6165833389491728 0.27507810800234617 0.6827419439754003
0 0.7291666671875 0.6035156250000001 0.2673611109375001 0.603515625 0.2673611109375001 0.626953125 0.7291666671875 0.6269531250000001
0 0.670292540545011 0.6674294163394794 0.26744546861442525 0.6590367690075922 0.2669242586842463 0.6840548456561824 0.6697713306148321 0.6924474929880696
0 0.7430555562500001 0.6679687500000001 0.659722221875 0.66796875 0.659722221875 0.6933593750000001 0.7430555562500001 0.6933593750000002
0 0.8298611109375 0.6386718750000002 0.2465277781250001 0.6386718750000001 0.2465277781250001 0.7597656250000001 0.8298611109375 0.7597656250000002
0 0.8031885892985686 0.7586242067227633 0.2537380430584134 0.7365480686253424 0.25244531268663306 0.7687226910969658 0.8018958589267884 0.7907988291943868
0 0.840277778125 0.7636718750000002 0.25347222187500007 0.7636718750000001 0.25347222187500007 0.82421875 0.840277778125 0.82421875
0 0.7815216778822757 0.8218356255833925 0.2621463497068771 0.7952766599208134 0.25900394219739614 0.8567281845107599 0.7783792703727948 0.883287150173339
0 0.815972221875 0.82421875 0.2777777781250001 0.82421875 0.2777777781250001 0.8984375 0.815972221875 0.8984375
0 0.8576388890625 0.826171875 0.2638888890625001 0.826171875 0.2638888890625001 0.943359375 0.8576388890625 0.943359375
0 0.1423611109375 0.154296875 0.052083332812500036 0.154296875 0.05208333281250005 0.41796875 0.14236111093750003 0.41796875
0 0.13888888906250002 0.16015625 0.10069444375000003 0.16015625 0.10069444375000006 0.3828125 0.13888888906250005 0.3828125
0 0.20089686649133923 0.8213951966374438 0.17161057052909098 0.6284194305426516 0.1350624248812871 0.6339660327506571 0.16434872084353533 0.8269417988454493