0 0.7618451970523841 0.0417033126488634 0.1749536266264329 0.02534265060359196 0.17309720482121438 0.09193642936528787 0.7599887752471655 0.10829709141055932
0 0.7089963539493842 0.07361168902552236 0.1638968413740984 0.06021402859081467 0.16313813035263997 0.09108307546642588 0.7082376429279257 0.10448073590113358
0 0.7258752868606126 0.10360662247282695 0.15647774018570815 0.08832714952968115 0.15578794005299043 0.11403291207312631 0.7251854867278948 0.12931238501627212
0 0.4787199750000001 0.12750156718749997 0.4761086185771287 0.12597207890878603 0.47524828125 0.12744096718749998 0.47785963767287143 0.1289704554662139
0 0.6380258730824688 0.1527466208545041 0.19017742698833018 0.1449293957817987 0.18987064634083634 0.16250484422981545 0.6377190924349749 0.17032206930252086
0 0.7421859727872591 0.1746992165522831 0.15209024810380103 0.1525366854937354 0.15101971891950902 0.18104041068337023 0.741115443602967 0.2032029417419179
0 0.6477592191935353 0.19198496386329655 0.13047690428588424 0.18295577084450543 0.12962473627893067 0.23177646150974893 0.6469070511865818 0.24080565452854005
0 0.751057852955161 0.24262361351016087 0.15045489581120203 0.23214005051914594 0.14963681429146186 0.2790079121766638 0.7502397714354209 0.28949147516767876
0 0.760688937125467 0.2877204432187203 0.16008598237931032 0.27723688251665624 0.15977920189678013 0.29481232939987023 0.7603821566429368 0.3052958901019343
0 0.7256652232146505 0.3046899042128063 0.16672258729568387 0.2949335234635359 0.16627945975245534 0.3203202814658814 0.725222095671422 0.33007666221515175
0 0.721818575600452 0.32611040550195874 0.15246085884209734 0.31617226127761977 0.15194955945561603 0.34546467691332877 0.7213072762139706 0.35540282113766775
0 0.7317564426542768 0.35363178671800277 0.15198364725739563 0.34351181837510836 0.15137008624999218 0.3786627169111292 0.7311428816468732 0.3887826852540236
0 0.7520412146848139 0.3852406417304033 0.15490995279441727 0.3748176568937759 0.15463725842233417 0.3904402771954174 0.7517685203127308 0.4008632620320448
0 0.7519284624038997 0.39699791802242546 0.15831921529503917 0.38229812547044706 0.15792299701558865 0.39829827198433404 0.7515322441244491 0.41299806453631244
0 0.8022942308488522 0.3628659343750408 0.7869802983325228 0.0920429487416605 0.7580261425654407 0.09368018786465218 0.7733400750817699 0.36450317349803246
0 0.7780685244738363 0.39292768308110254 0.7777553149360246 0.09831368881633878 0.7127346704125823 0.0983828134554118 0.7130478799503941 0.3929968077201756
0 0.8371708583416165 0.36991138502461274 0.8354503443205639 0.053751721267184395 0.7783899461689623 0.054062239104595775 0.7801104601900147 0.3702219028620241
0 0.7342737075177808 0.408371558883908 0.1545009113493681 0.3982515879931368 0.15402369714467168 0.42559117392815493 0.7337964933130844 0.43571114481892614
0 0.7581532292337797 0.436153815253185 0.16101127998268322 0.4237424137100362 0.16048558219886705 0.449034980246831 0.7576275314499635 0.46144638178997976
0 0.7056479910574487 0.45670745909389343 0.1571204363803586 0.4471328741225065 0.15691591596635832 0.45884983970465737 0.7054434706434485 0.4684244246760443
0 0.6152135294488819 0.4648960325234629 0.1777801621111767 0.45726060379473266 0.17733703455696398 0.4826473613804617 0.6147704018946691 0.49028279010919196
0 0.5939743285235817 0.4879663695071102 0.180842816048028 0.4807551340053958 0.18036560191935797 0.508094720225438 0.5934971143949116 0.5153059557271524
0 0.6556961773977573 0.5309665777054163 0.16940535893378078 0.5255182535291112 0.16891061204260333 0.5696769457907662 0.6552014305065799 0.5751252699670714
0 0.8042223145432222 0.5763429148567635 0.11659480324991559 0.5696397312495368 0.11628341240274723 0.6015828982317226 0.803910923696054 0.6082860818389493
0 0.8002576145414905 0.6066552938476184 0.13013904923810274 0.5971377247902722 0.12986713116231105 0.6162830916094328 0.7999856964656987 0.625800660666779
0 0.7339958599574972 0.6232431856433349 0.14380798402569248 0.6129414180580363 0.14316033611389284 0.6500451424676382 0.7333482120456976 0.6603469100529369
0 0.7786165730601425 0.6533233821571445 0.5876734373853705 0.6499904538808624 0.5872303094171473 0.6753772119337876 0.7781734450919193 0.6787101402100697
0 0.778173445761722 0.6787101388491541 0.1428535551778824 0.6676205887445599 0.14251268783447507 0.6871488654802799 0.7778325784183147 0.6982384155848741
0 0.7083987113914543 0.6970264415423425 0.14945607463621832 0.6872700616115053 0.1492856409598015 0.6970342004789545 0.7082282777150375 0.7067905804097916
0 0.7638149887661552 0.7022268649516783 0.15251499487852774 0.6991984946971421 0.15240921624830955 0.720550730576805 0.763709210135937 0.7235791008313412
0 0.7738126255540972 0.7213159194820566 0.13791990232862397 0.7185353748597911 0.13770283900623714 0.7681763646427442 0.7735955622317104 0.7709569092650097
0 0.8351094090144484 0.7649120872113283 0.1301032719393241 0.7624400633324386 0.1299024812052294 0.8197043563732447 0.8349086182803536 0.8221763802521342
0 0.08816893469917854 0.21933230886218893 0.025678454226152576 0.21824153432434593 0.01991780114755015 0.5482693872224764 0.0824082816205761 0.5493601617603195
0 0.09140789250110096 0.8705819841911986 0.08417231563209762 0.5674751989917566 0.0307770824429073 0.5687498168262749 0.03801265931191065 0.8718566020257169