0 0.17187500000000006 0.36805555624999997 0.11914062500000004 0.36805555624999997 0.11914062500000007 0.7986111109375 0.17187500000000006 0.7986111109375
0 0.143476175088674 0.7981531774594448 0.11665151729219966 0.3451145148367371 0.06584280478382445 0.3481229254616194 0.09266746258029879 0.8011615880843271
0 0.4074196465211175 0.3375527734392535 0.11378235977257548 0.3013012552879143 0.10454599297919069 0.3761158236958212 0.39818327972773276 0.4123673418471604
0 0.3746392876687286 0.2742996878759302 0.10584705716174372 0.22950098727130325 0.09381158501053852 0.3017138273998186 0.3626038155175234 0.34651252800444554
0 0.5862193614410488 0.3000551541980706 0.5772780172034604 0.24284452264300946 0.36734222758509716 0.2756550005514927 0.37628357182268546 0.33286563210655384
0 0.588152141135825 0.2493467438781236 0.5791327985816639 0.1783194461236584 0.30966498955542043 0.21253759257952826 0.3186843321095816 0.28356489033399346
0 0.8595316068999475 0.2952051449990788 0.8556669325054355 0.24737981610585588 0.6180843727658207 0.266578413511392 0.6219490471603328 0.31440374240461494
0 0.18715833458596282 0.7945596520639913 0.16567511965872403 0.4088165936898619 0.14271493105022948 0.41009531706786717 0.16419814597746826 0.7958383754419965
0 0.20618603135417715 0.7840080421203941 0.18419393704873835 0.41910217649104836 0.16292631957326212 0.4203839302068074 0.18491841387870092 0.7852897958361532
0 0.21825401837997424 0.7915297712319225 0.19616091274089117 0.3987634482683775 0.18214276700365978 0.39955196896511114 0.20423587264274284 0.7923182919286561
0 0.22863631270371246 0.7916362984078036 0.22452015535157877 0.3781911601097604 0.1950187929388507 0.37848486836399936 0.19913495029098435 0.7919300066620425
0 0.26190567992577857 0.7881159557654492 0.2558294614736255 0.3956372515216801 0.20810580820064514 0.39637609248167605 0.2141820266527982 0.7888547967254452
0 0.28875631933579193 0.7877830971096101 0.2700649586990608 0.40232570409095236 0.24140793594040666 0.40371532265024956 0.2600992965771378 0.7891727156689073
0 0.32114809110604037 0.7845427329582464 0.30291142242671526 0.4019779503206123 0.26849545487774384 0.4036185419954176 0.2867321235570689 0.7861833246330516
0 0.34788423069868174 0.7845801268059172 0.33082424591640214 0.4054693542454812 0.30166454435717766 0.40678154081695855 0.31872452913945726 0.7858923133773945
0 0.3733872155226531 0.7845123630474473 0.35815803254499545 0.40547492140167396 0.3293262280429695 0.4066333421224105 0.34455541102062714 0.7856707837681839
0 0.39312314682617117 0.7811278422500609 0.37991966223789264 0.4055620589925149 0.3563891746690226 0.40638930269740053 0.3695926592573011 0.7819550859549466
0 0.4097748697674076 0.781157521106709 0.3959090935006073 0.3990783550228889 0.37715858608582925 0.39975881698936333 0.3910243623526295 0.7818379830731833
0 0.4402208546776943 0.78114053699217 0.4287965399624004 0.39525257073684184 0.39459543073076103 0.396265103569275 0.4060197454460549 0.7821530698246032
0 0.4678010090397029 0.784544351743867 0.4628303122191735 0.34712303153728213 0.4272840816801161 0.347526965975226 0.43225477850064553 0.7849482861818109
0 0.4891315199944599 0.7880142982624114 0.4783877240983558 0.3296123385961284 0.46399133539809895 0.32994975395523624 0.4747351312942031 0.7883517136215193
0 0.5107925770609756 0.7845985768887195 0.497978383304878 0.3745443766935975 0.4755393589146341 0.3752455962057927 0.4883535526707317 0.7852997964009145
0 0.523244890470726 0.7777026753757118 0.5112331853116504 0.33994275455658884 0.49519152834098373 0.34038292197400366 0.5072032335000594 0.7781428427931266
0 0.5531982286054046 0.7984803500826563 0.5412178705121728 0.30861681543217706 0.5072707836752158 0.3094470430930683 0.5192511417684476 0.7993105777435475
0 0.5893119877400623 0.7811486828982172 0.582328255674731 0.34660535314716856 0.5410442760939017 0.3472688456742505 0.548028008159233 0.781812175425299
0 0.6178739840432078 0.7707121965643535 0.6128102926518588 0.37461900238528817 0.5812547254322437 0.3750224116243948 0.5863184168235926 0.7711156058034602
0 0.6505933380800787 0.791620897457316 0.6463708168264313 0.32245186889893396 0.5917189936209539 0.3229437353073898 0.5959415148746013 0.7921127638657718
0 0.6623443801444887 0.7776108951292795 0.6558521568803888 0.35056687453687785 0.6414445915229942 0.3507859084689361 0.6479368147870941 0.7778299290613377
0 0.669769527100168 0.7672773496968377 0.6659306199124267 0.3714433637751678 0.6541793006203079 0.37155733131130775 0.6580182078080492 0.7673913172329777
0 0.7013155770774316 0.7916362327126338 0.6991958725692564 0.30551733160584715 0.6308226570917098 0.30581547062647807 0.632942361599885 0.7919343717332649
0 0.708984375 0.38541666718750006 0.697265625 0.38541666718750006 0.6972656250000001 0.7708333328125 0.7089843750000001 0.7708333328125
0 0.7285156250000001 0.3576388890625001 0.69921875 0.3576388890625001 0.6992187500000001 0.7708333328125001 0.7285156250000002 0.7708333328125001
0 0.755859375 0.37847222187500007 0.728515625 0.37847222187500007 0.7285156250000001 0.7708333328125001 0.7558593750000001 0.7708333328125001
0 0.765625 0.35416666718750006 0.71875 0.35416666718750006 0.7187500000000001 0.7638888890625001 0.7656250000000001 0.7638888890625002
0 0.78515625 0.3263888890625001 0.7265625 0.3263888890625001 0.7265625000000001 0.7708333328125001 0.7851562500000001 0.7708333328125001
0 0.806640625 0.3263888890625001 0.763671875 0.3263888890625001 0.7636718750000001 0.7743055562500002 0.806640625 0.7743055562500002
0 0.843997941711826 0.3021339200699042 0.7913321914820687 0.3012954912647624 0.7835879320263006 0.7877497157745479 0.8362536822560578 0.7885881445796897
0 0.890325044176779 0.29525096979559035 0.8439024029761242 0.2941156334705171 0.8318231670833003 0.788022171512859 0.878245808283955 0.7891575078379323
0 0.9250066788750878 0.3091494036926659 0.8894703911585164 0.30809734253762494 0.8750727324138431 0.7944182575758935 0.9106090201304144 0.7954703187309343