0 0.8599539647561765 0.052170139614190626 0.8586084552167751 0.0058562633596534516 0.18195490690464017 0.025514384807317415 0.18330041644404155 0.07182826106185458
0 0.8544919139230766 0.12511627726671498 0.8533783968955595 0.051074403727649445 0.1939575751747603 0.060991444966455255 0.1950710922022773 0.1350333185055208
0 0.846632243288369 0.1402881954615707 0.8464026108050527 0.12355248225425594 0.22293681225911288 0.13210712213182568 0.22316644474242917 0.14884283533914044
0 0.8839887237879308 0.13800522230998796 0.2121498011162038 0.12878684538727408 0.21158197333431428 0.17017035665461258 0.8834208960060413 0.17938873357732646
0 0.8653501622587699 0.1631906140396219 0.20999952591472545 0.12884517954095728 0.20601300226792066 0.2049126641097058 0.861363638611965 0.2392580986083704
0 0.8248274890548475 0.1844948509931971 0.19588108745925673 0.18389293283572908 0.1958159115440449 0.25199547607121114 0.8247623131396356 0.2525973942286791
0 0.8010247607223171 0.24811109119190727 0.21340854249285052 0.24486792041812572 0.21327035703507566 0.2699051515033351 0.8008865752645422 0.27314832227711666
0 0.8457560623324479 0.27168883137582023 0.19734035764468155 0.2377068227968131 0.19478489242237915 0.2864680306304176 0.8432005971101455 0.32045003920942466
0 0.8026940887007405 0.28809014371284836 0.236469021802302 0.27833986151805545 0.23586200124327844 0.31359117525186964 0.802087068141717 0.32334145744666254
0 0.7634752528385118 0.31204155329692923 0.2318521346978435 0.30413178287676546 0.23164888266500058 0.31779254339554297 0.763272000805669 0.32570231381570675
0 0.8394745796179899 0.3236322495696965 0.2138881381990813 0.3057077710100107 0.21260191380541613 0.35059859104808566 0.8381883552243249 0.3685230696077715
0 0.8028244505068962 0.3596941351144765 0.20835758252776887 0.3448723534044658 0.20723713235442442 0.38981097942841214 0.8017040003335516 0.40463276113842284
0 0.7866554763849514 0.40280486982044905 0.22412642818337652 0.38472525242934114 0.22313857543846813 0.41546129359301914 0.7856676236400431 0.43354091098412706
0 0.7539919927308711 0.42972540348649846 0.2507465997389476 0.41044252982779533 0.2501951289907334 0.4248348407623925 0.7534405219826569 0.4441177144210956
0 0.7539665308660704 0.4297118957435863 0.2541993725572487 0.4103906581318544 0.2536399733875995 0.4248601936240382 0.7534071316964213 0.44418143123577014
0 0.7539629911892403 0.42983942150261345 0.25070900762488585 0.4102187797942352 0.25014563162961995 0.4246689296963674 0.7533996151939742 0.4442895714047457
0 0.7916347173015141 0.44080249298813856 0.25018838869204274 0.4225292171408127 0.2497295000551541 0.43612631761474513 0.7911758286646255 0.4543995934620709
0 0.7529858957357252 0.4472018259362667 0.2599880507392092 0.4309438889125933 0.25910917001803535 0.45759464422778595 0.7521070150145512 0.47385258125145935
0 0.7908266004232485 0.45315230087393915 0.24481026939085898 0.4517021039278715 0.24472554073705527 0.48360344588605786 0.7907418717694448 0.4850536428321255
0 0.8786153841919899 0.48042249256046937 0.2220772229084044 0.4742907936303255 0.22158388938154566 0.5271133947256157 0.8781220506651313 0.5332450936557596
0 0.6674604435969225 0.48921817696836767 0.244429876132607 0.4670480804093785 0.24350990781051057 0.48460211858463664 0.6665404752748261 0.5067722151436258
0 0.2944996764084755 0.5068324335093233 0.235552793651497 0.5037431574499103 0.2352461375542015 0.5095945027704133 0.2941930203111801 0.5126837788298262
0 0.8321609810608603 0.531098456379803 0.32937874959055596 0.5047487588792806 0.3288676563092407 0.5145010006446396 0.831649887779545 0.540850698145162
0 0.8700999151548471 0.5346530069899089 0.22461072631521847 0.5093851172629729 0.22365180054382133 0.5338816709928524 0.86914098938345 0.5591495607197885
0 0.9015102525135023 0.5347328966382354 0.21841990727091937 0.49893369119747344 0.21555778803092523 0.5535462446243422 0.898648133273508 0.5893454500651042
0 0.8432559850170998 0.5857476820142357 0.23316108615388145 0.5496264554478039 0.23241425655520623 0.5622405600002564 0.8425091554184247 0.5983617865666881
0 0.7040612920888336 0.5869708117784972 0.18047428117422187 0.5595307507983539 0.17842990585827168 0.5985397151603706 0.7020169167728835 0.6259797761405139
0 0.7402069089118275 0.6159306135484984 0.26694104277988623 0.6095708449845915 0.266053059905266 0.6756506055992288 0.7393189260372073 0.6820103741631358
0 0.723431127753047 0.6152611661285715 0.2619636577259399 0.5951103168022611 0.26094519110327774 0.6184338605425885 0.7224126611303848 0.6385847098688989
0 0.6612965811638899 0.6761123836346533 0.25944083577404864 0.646647850049583 0.2576109951548381 0.6716043613703679 0.6594667405446794 0.7010688949554382
0 0.7339316514878191 0.6804591001711598 0.6507125228529922 0.6760977691975292 0.6493836797774952 0.7014535983019715 0.7326028084123222 0.7058149292756022
0 0.8221515230990238 0.6557454274978778 0.23961762726219585 0.6252161188799716 0.2332800699140868 0.7461439138159485 0.8158139657509148 0.7766732224338546
0 0.7892377335037681 0.7741374347117373 0.24169556621254906 0.7233355442242398 0.23872071861954436 0.7553984159560649 0.7862628859107634 0.8062003064435623
0 0.826011919711519 0.7811192847493864 0.24001056026946568 0.7504082502755961 0.23684178116959975 0.810872148418713 0.822843140611653 0.8415831828925032
0 0.7642922863005199 0.8361282676369897 0.24701873305665015 0.7824236959726862 0.24066450794892152 0.8436265414237545 0.7579380611927914 0.8973311130880577
0 0.7985708952250293 0.8403111282703465 0.26111402807851547 0.8121442071369795 0.2572297187802066 0.8862612430960182 0.7946865859267204 0.9144281642293851
0 0.8400782439606642 0.8444422421569326 0.24714195655250185 0.8133677488198542 0.24100883292742967 0.9303946465078816 0.8339451203355921 0.9614691398449601
0 0.1609439583524896 0.136053278089257 0.07078990227427948 0.13132850003452684 0.05699037031847263 0.39463902243067916 0.14714442639668274 0.3993638004854093
0 0.15716983694691478 0.14172289980172947 0.11902773364724303 0.1397239550096637 0.10737479499409952 0.3620750632629409 0.14551689829377126 0.36407400805500667
0 0.1836214738666388 0.8062107068163484 0.17337963551541738 0.6107845567351382 0.13706005300076934 0.6126879831340326 0.14730189135199076 0.8081141332152428