0 0.3491040650057032 0.21641899499220196 0.19028771610871095 0.16854781579912995 -0.005574843317072054 0.8183370438473245 0.15324150557992017 0.8662082230403965
0 0.23647847338874156 0.11465426799639308 0.08481486008371694 0.09747053924739392 0.0007566799607182873 0.8393681513149206 0.1524202932657429 0.8565518800639197
0 0.05906758932565276 0.36744300904301563 0.008976478628868153 0.36481784538300066 -0.006768269060266591 0.665245552577799 0.04332284163651801 0.6678707162378139
0 0.3684625898188817 0.297138848294756 0.30939683017719555 0.2784578357691459 0.14236564510122873 0.806578236996747 0.20143140474291493 0.8252592495223572
0 0.43194933724970763 0.2721812608413412 0.3827204208097238 0.2552856850574633 0.19143728536398857 0.8126304960121615 0.24066620180397238 0.8295260717960394
0 0.4632179411379275 0.2947769057304347 0.4284021346216564 0.28188835030532944 0.23881083627997293 0.7940306147033398 0.27362664279624405 0.806919170128445
0 0.523146412104525 0.2950055679574566 0.46927233958666736 0.27495137147850646 0.2697138616671403 0.8110500340339828 0.32358793418499787 0.8311042305129328
0 0.6261448171748756 0.2663554396707418 0.5472737890619558 0.23416419155305887 0.31248526543799804 0.8094140911418848 0.39135629355091783 0.8416053392595677
0 0.6757147407238653 0.2836378451219218 0.628323641651092 0.26203649498867376 0.3793329113317691 0.8082960711715146 0.4267240104045425 0.8298974213047627
0 0.6449631747163131 0.37877791037953895 0.6204064821425377 0.36829695069312685 0.4264013638236017 0.8228473154343838 0.4509580563973771 0.8333282751207959
0 0.7056969492698463 0.31080970125824725 0.6780353066444559 0.2987520041998041 0.4547523112065434 0.8109870018277577 0.4824139538319338 0.823044698886201
0 0.7787134571850347 0.20737663715329577 0.7535665071955875 0.19641509234011437 0.4748589706632959 0.8357998325668385 0.5000059206527432 0.8467613773800199
0 0.7641052924736597 0.31640578564457505 0.7347671805813343 0.30361731468587116 0.5153511553709901 0.8069810021335198 0.5446892672633155 0.8197694730922237
0 0.7565252719190984 0.3629860529883734 0.7323909763999416 0.3533098545229749 0.5385894700911211 0.8366879954365158 0.5627237656102779 0.8463641939019144
0 0.8120855672802658 0.2799029572703424 0.7834350131969762 0.26854524020775516 0.5582843297724552 0.8365019692578815 0.5869348838557448 0.8478596863204686
0 0.8447119780578282 0.28616090693428997 0.8036366603117188 0.2709252374929628 0.5947534344700329 0.8340737690570746 0.6358287522161425 0.8493094384984019
0 0.9080157086739788 0.2710969772746522 0.8346377600794697 0.24730609995177572 0.6447832290598428 0.8328724003671516 0.718161177654352 0.8566632776900281
0 0.9367802838995459 0.34854033029722126 0.8426173715869074 0.3274202038292616 0.7258008333151833 0.8482402598376204 0.8199637456278216 0.8693603863055801
0 0.977792169688338 0.2459981258735814 0.9060619641578131 0.23171988762881662 0.7826045709903656 0.8519381550618329 0.8543347765208905 0.8662163933065976
0 0.9814271518951647 0.38612564467086574 0.9218260458773073 0.3777496024196589 0.8551039107714006 0.8525219267369067 0.914705016789258 0.8608979689881135