0 0.18950827933044606 0.9264437622313475 0.09958097251826104 0.2093205970823695 0.05413575426791214 0.21501943137382185 0.14406306108009717 0.9321425965227998
0 0.25451240187593627 0.9177073934841984 0.1698311288846606 0.19230250207716146 0.09788337189091151 0.20070143586333983 0.1825646448821872 0.9261063272703767
0 0.3048196822454007 0.9132394123678399 0.22218882934363182 0.1918422634205435 0.16935396663419805 0.19789411679284913 0.2519848195359669 0.9192912657401455
0 0.3167521300407259 0.91322499891816 0.23784513393414602 0.19149403104997803 0.2208978216614476 0.1933468842086401 0.2998048177680275 0.9150778520768222
0 0.3540654775793117 0.9203687064835521 0.27125921974739475 0.17763241956910905 0.23244820679023698 0.18195938568382436 0.31525446462215395 0.9246956725982673
0 0.38886223018687455 0.9135923192530399 0.31232913150038316 0.1743021618756339 0.2721073618263 0.17846601640161874 0.3486404605127914 0.9177561737790245
0 0.4310186364648092 0.906518521346411 0.3573348528929725 0.1704030381323235 0.3129421280347975 0.17484666689058798 0.3866259116066342 0.9109621501046755
0 0.49329392802605143 0.887279088199235 0.4286955126988551 0.1783659837079107 0.3603692687174548 0.18459208823115114 0.42496768404465113 0.8935051927224755
0 0.5372954456244472 0.8806075005997596 0.48765238699864605 0.22580508557726656 0.43758199160649547 0.22960111246544498 0.48722505023229656 0.8844035274879382
0 0.5734775373178722 0.8495223603388679 0.5235552745855725 0.18778837092652112 0.4834875041241286 0.19081114714185504 0.5334097668564285 0.8525451365542018
0 0.654008823945789 0.8037051576837966 0.6049837191538229 0.24334563988287963 0.5757983263312163 0.24589903086861337 0.6248234311231824 0.8062585486695303
0 0.5925806021591008 0.8441788477420664 0.546207066941723 0.1858517171952168 0.5218333754962514 0.18756863601289514 0.5682069107136292 0.8458957665597447
0 0.6267691254741831 0.8060883237547344 0.585309622888334 0.3322040404395549 0.5483414594862401 0.33543833564647957 0.5898009620720892 0.809322618961659
0 0.6790002064326867 0.7980332111597033 0.6296724758975435 0.23421468320878228 0.6024327764417071 0.23659784815992188 0.6517605069768504 0.8004163761108429
0 0.7237511296927494 0.794118012560001 0.6741207873923066 0.22684047514286415 0.6293698525498581 0.23075567373261965 0.6790001948503008 0.7980332111497564
0 0.9149786873339195 0.9660780874366983 0.8803961025746718 0.2648606316110482 0.8629310104336205 0.26572197358746097 0.8975135951928683 0.9669394294131111
0 0.9813831501169152 0.9503427835867457 0.9544806312682118 0.2852255424984353 0.8807287539053036 0.28820864254202516 0.907631272754007 0.9533258836303355
0 1.0264787082541662 0.24234462743970814 0.8628840477458517 0.14738163861368675 0.8198203000353589 0.22156842731955492 0.9834149605436734 0.3165314161455763
0 1.0104437894068714 0.8998404490131533 0.9974208592801584 0.37403600541386595 0.9569696703262295 0.37503788551149964 0.9699926004529423 0.9008423291107871