0 0.7485825682369798 0.04150809029244483 0.30574717318919153 0.00067854935869045 0.30254983189378604 0.0353567716279733 0.7453852269415742 0.07618631256172768
0 0.7687071177878261 0.07710879924201472 0.32214168734814586 0.03409902089859666 0.31919034352721326 0.06474247395819471 0.7657557739668935 0.10775225230161276
0 0.7926574863712361 0.110890612860991 0.3067234314427675 0.05122542055184567 0.29839252023206037 0.11907525576049623 0.7843265751605291 0.17874044806964157
0 0.7180669685960135 0.14643395306694662 0.32302191494668386 0.10898422419069172 0.31894108272295946 0.1520316008508013 0.713986136372289 0.1894813297270562
0 0.73714379191086 0.191332163104592 0.31475140066009377 0.15039721523907962 0.31136988980227154 0.1852897589396017 0.7337622810530378 0.22622470680511406
0 0.7711223124072767 0.22890227971084567 0.3112597087184806 0.18213834417603256 0.30907930325209054 0.20357980164543116 0.7689419069408867 0.2503437371802443
0 0.7651516787679109 0.24898014302979882 0.3087791512859277 0.2010702254995817 0.30521113439065595 0.23505786255962385 0.7615836618726393 0.282967780089841
0 0.7540048682608524 0.28263164697537846 0.30197714111533325 0.2307108935560485 0.2988198528666943 0.2581985884947 0.7508475800122136 0.3101193419140299
0 0.7680720806929273 0.3101135160722216 0.2816206772090648 0.25440619107356827 0.27888011477338404 0.27833752224418695 0.7653315182572464 0.3340448472428403
0 0.7488808393594313 0.3534573879056361 0.2767321472723608 0.2954848195023504 0.2724476781669019 0.33037902102120553 0.7445963702539725 0.3883515894244912
0 0.6465821975452812 0.3591433879072632 0.25290717129450957 0.3156853809952094 0.249115192549074 0.35003595153961414 0.6427902187998458 0.39349395845166796
0 0.673547098954582 0.39632515789114287 0.279698926537599 0.35497903472595 0.27800411838846717 0.3711231624224232 0.6718522908054501 0.4124692855876161
0 0.6719019550842018 0.41040685106855773 0.2783247913872807 0.367553529280341 0.2761232412204918 0.3877731956731464 0.6697004049174129 0.43062651746136316
0 0.6731363042806536 0.4286450908098879 0.27940570412871757 0.38612987727152276 0.27754600962916653 0.40335238588592065 0.6712766097811026 0.44586759942428583
0 0.6815629607302409 0.445363509604249 0.2706108466376439 0.39983766914051505 0.26704572326681586 0.43201928229293535 0.6779978373594129 0.47754512275666927
0 0.6637682503876369 0.4768167756346159 0.26743905776817894 0.42815366932291815 0.26505879714133995 0.44753933628828857 0.6613879897607979 0.4962024425999864
0 0.6650723562456502 0.4946870329967446 0.26529682395739645 0.44560077044417046 0.26339261548505055 0.4611093041159805 0.6631681477733042 0.5101955666685546
0 0.7428705957410453 0.5160601757012073 0.24262655409463463 0.45860120587245845 0.2406238429109851 0.4760370272898145 0.7408678845573957 0.5334959971185633
0 0.709512711996945 0.5316283038332736 0.254595723723914 0.4757715209377256 0.2512633587731029 0.5029114554034179 0.706180347046134 0.5587682382989658
0 0.6958413245507928 0.5574987659669643 0.2512633600841841 0.5029114547614444 0.24840704716033696 0.5261742562719024 0.6929850116269457 0.5807615674774225
0 0.6897766969466737 0.5783998418036393 0.2520914127635416 0.524658846127738 0.24947312600944893 0.5459830804041018 0.687158410192581 0.5997240760800031
0 0.7009437748462173 0.6014167173466235 0.2425804512671179 0.5451367257726718 0.2387720308120292 0.5761537925589619 0.6971353543911285 0.6324337841329137
0 0.6490268495667174 0.6265543702801827 0.24247599966092453 0.5745245806419579 0.23848202930472712 0.6057327030291695 0.64503287921052 0.6577624926673945
0 0.6523808076909787 0.6576945073055939 0.23916248900727632 0.6019303020359087 0.23490565480902123 0.6334738676944062 0.6481239734927238 0.6892380729640913
0 0.6935107024040844 0.6931101454205264 0.23539329500309641 0.6324217138270585 0.2306157214775427 0.6684860763377851 0.6887331288785308 0.729174507931253
0 0.7032398255316051 0.7306173723766396 0.22431833040002708 0.6661080252477762 0.21649709534436817 0.7241733716408996 0.6954185904759462 0.7886827187697629
0 0.5962573060574504 0.7717931960103501 0.2350709779392945 0.7207776491828383 0.23270988300196566 0.7374940280866172 0.5938962111201216 0.7885095749141292
0 0.6677542486614355 0.7862496371869254 0.23006896645380648 0.7325086398634358 0.2262605493645621 0.7635257067488265 0.6639458315721911 0.817266704072316
0 0.7026000791825338 0.8181612070861657 0.21360458911122446 0.75349984758781 0.20942773907320014 0.7850868857686264 0.6984232291445094 0.8497482452669821
0 0.6199085104710391 0.8358056291981774 0.22787854101598679 0.7793587201917941 0.2258480393440781 0.7934607768398697 0.6178780087991304 0.849907685846253
0 0.6877081421253497 0.8516690297599716 0.32928869799342764 0.8076606566084209 0.3240521245578517 0.8503091256502483 0.6824715686897738 0.894317498801799
0 0.7039975583619269 0.8991951328872752 0.20832253430890102 0.8247037149715318 0.2009711460458198 0.8736207534181284 0.6966461700988458 0.9481121713338718