0 0.1821130962290373 0.9209599854758135 0.10471501286827072 0.20237659401001262 0.05917725948353005 0.20728143160352377 0.13657534284429662 0.9258648230693247
0 0.24725979190741604 0.9133594253824742 0.17525147741320815 0.18658712504425606 0.10316809776413463 0.1937291180304504 0.1751764122583425 0.9205014183686686
0 0.2976373826960695 0.9097701070530448 0.22760923569736774 0.18704072281294565 0.17467680117655673 0.19216955856592932 0.24470494817525842 0.9148989428060285
0 0.30956827142881255 0.9099639460404323 0.24326922995412747 0.18696578490201468 0.22629216397970678 0.1885225844371398 0.2925912054543918 0.9115207455755574
0 0.34675125806954377 0.9177577728456644 0.2769201482766058 0.17368944106963077 0.23803953002718786 0.17733840260426798 0.3078706398201258 0.9214067343803014
0 0.3816609748057721 0.911589706817353 0.3180419267222106 0.1710764596040601 0.2777536137788198 0.17453771317109168 0.3413726618623813 0.9150509603843846
0 0.42393441678938715 0.905252715333772 0.3631088409368036 0.16796338843157976 0.3186453261604246 0.17163158054018718 0.37947090201300815 0.9089209074423795
0 0.48653599886611953 0.8871030665694344 0.43431965998560473 0.17717053465393898 0.36589516174964104 0.1822032337161698 0.41811150063015584 0.8921357656316653
0 0.5306472490661769 0.8812004266931386 0.4924396278000831 0.22563135224224812 0.44231060938310074 0.22855295215408256 0.4805182306491946 0.884122026604973
0 0.5673663423175833 0.8507514853401974 0.5290005291755706 0.18824701848069886 0.4888861082881794 0.190570055460904 0.5272519214301921 0.8530745223204024
0 0.6486850158295897 0.8063467233085768 0.609446963995885 0.24521694708544434 0.5802214539188932 0.24726059568129335 0.6194595057525979 0.8083903719044259
0 0.5865597516702314 0.8457421818325397 0.55168267309597 0.18670598793919793 0.5272827287250113 0.1879972656943788 0.5621598072992728 0.8470334595877207
0 0.6214078403124239 0.8082541312656886 0.5882250733561029 0.33371845449787757 0.5512060935906071 0.3363070737285455 0.5843888605469283 0.8108427504963567
0 0.6737715470560801 0.8011118031702512 0.6342913194504732 0.2365182613381808 0.6070141764749619 0.23842566504246224 0.6464944040805688 0.8030192068745328
0 0.7185839908808983 0.7979782111886179 0.6788615573112184 0.22992090528283785 0.6340491097072599 0.233054496655639 0.6737715432769399 0.801111802561419
0 0.9067813000248368 0.9732494780291908 0.8844419140175702 0.2715352726685073 0.8669644496082242 0.27209167557568226 0.8893038356154908 0.9738058809363658
0 0.9734502672455484 0.9586754875004534 0.9581597419188508 0.2931900351866777 0.8843670367672211 0.2948855331470366 0.8996575620939187 0.9603709854608121
0 1.0308952294919824 0.25157218988928226 0.8689828187043334 0.15376854340954446 0.8246308911499286 0.22719246748481484 0.9865433019375776 0.32499611396455264
0 1 0.3828770062500001 0.9592305296875001 0.3828770062500001 0.9592305296875001 0.9089027281250001 1 0.9089027281250001