0 0.5849941927990062 0.1567051744945774 0.577654991164268 0.10448400450191345 0.15128956846589528 0.16440571456132658 0.15862877010063345 0.21662688455399054
0 0.6000263537582171 0.0988263457978387 0.5899760149090347 0.04893078961124018 0.1450795633314737 0.13854518481772796 0.1551299021806561 0.18844074100432645
0 0.6479816066515955 0.38571234756916745 0.6430139162982759 0.08988748327484326 0.5676419840519966 0.0911531795226015 0.5726096744053163 0.3869780438169257
0 0.7130110461669648 0.07203674040711003 0.6398259619394031 0.07016848227474691 0.6328718902606566 0.3425796190001793 0.7060569744882182 0.34444787713254243
0 0.7650869590617495 0.5408431484049883 0.7037369326909165 0.33748502134734604 0.6483167455338665 0.3542044413811358 0.7096667719046995 0.557562568438778
0 0.8295801820845716 0.5335799834043329 0.7578837860888565 0.27152759655970493 0.6889901545494299 0.2903765952195118 0.7606865505451449 0.5524289820641398
0 0.8002888565411922 0.8166965741830667 0.7460583309648745 0.5844548164729811 0.6994228301964217 0.5953446226048529 0.7536533557727394 0.8275863803149385
0 0.5437669849751436 0.15623846872816327 0.5393052655828694 0.13367969190039825 0.1603061173326042 0.20863889125390034 0.16476783672487838 0.23119766808166536
0 0.5361588224614935 0.1760085398058719 0.5319296623840734 0.15512628268143488 0.17363574300009205 0.22768943190479565 0.17786490307751218 0.24857168902923266
0 0.5579650968880434 0.1850284488565503 0.5552333011343217 0.17125646728895744 0.1693641181037792 0.24779707188687222 0.1720959138575009 0.26156905345446513
0 0.5822840209616 0.2102485916979635 0.5778873750022652 0.18107521092712134 0.1690387136714357 0.24269175201091206 0.17343535963077056 0.2718651327817542
0 0.5693651262484845 0.24368122472337178 0.5619916268742067 0.1965248416556875 0.17417814488349326 0.25716440475981006 0.18155164425777107 0.30432078782749433
0 0.5647229647011216 0.2587090374169526 0.5593585831576499 0.23052429962289925 0.1802537678112401 0.30267905548210244 0.18561814935471194 0.3308637932761558
0 0.5696386764820676 0.2911874421853712 0.5632242740305452 0.2573347345949285 0.1869206400928897 0.32863665174875517 0.19333504254441203 0.36248935933919785
0 0.5700659653870579 0.3193145294081116 0.5647083030915051 0.29062123015121266 0.1916613013578834 0.36027720933167123 0.19701896365343613 0.3889705085885702
0 0.5738645806006033 0.34638308018160646 0.5687048217571684 0.3179930859919715 0.19547563993104305 0.38582587802045387 0.20063539877447795 0.41421587221008876
0 0.576806924142222 0.36794505437391134 0.5727129203036607 0.34475869451489594 0.2026396869516538 0.4101023382392368 0.20673369079021495 0.4332886980982522
0 0.5854528282265795 0.3828765200571511 0.582169422364846 0.36440319440869134 0.2057383678269034 0.4313091730358508 0.2090217736886369 0.4497824986843105
0 0.5938184279406047 0.41491146325091266 0.5880558746025509 0.38118411316689327 0.20751330009467533 0.4462024700060486 0.21327585343272903 0.4799298200900681
0 0.6462161602487427 0.44191568282587745 0.6408690776067213 0.4067716023969766 0.2083964985976428 0.4725712076832195 0.21374358123966414 0.5077152881121203
0 0.6657216134509486 0.45488467387434295 0.6633838916487573 0.4406753484662584 0.21093831508405106 0.5151118089078327 0.21327603688624236 0.5293211343159172
0 0.6239533426841157 0.4805380102892379 0.6201360388646427 0.45841495182161635 0.21585584854295697 0.5281729519150877 0.21967315236242987 0.5502960103827094
0 0.6600629363198289 0.4888482019475691 0.6573944853570437 0.47302392028295975 0.2255665204767411 0.5458431340119189 0.22823497143952637 0.5616674156765282
0 0.6952570747327981 0.5141813498325802 0.6897104055306412 0.48068017957582515 0.20628153265827512 0.5607197728211937 0.2118282018604319 0.5942209430779488
0 0.6633596995911126 0.5601786334791148 0.6569570444829116 0.5193887669108314 0.22761460880186046 0.5867812780968864 0.2340172639100615 0.6275711446651698
0 0.6398609559295366 0.5942627681047962 0.6350697864519683 0.5630704416330031 0.24353607450601542 0.6232103729013818 0.24832724398358375 0.6544026993731749
0 0.6961911252958004 0.6202364215633684 0.6880979819583646 0.5661849206290757 0.2240825351665765 0.6356620573738151 0.23217567850401233 0.6897135583081078
0 0.6696692801486039 0.6335383438044973 0.667447232288644 0.6193014752228866 0.24546271740669495 0.6851635559785425 0.24768476526665503 0.6994004245601533
0 0.6503986104136847 0.6464241696002839 0.6486502844905655 0.6348030745002173 0.2572028010610155 0.6936940634239501 0.25895112698413475 0.7053151585240168
0 0.7208771767992548 0.6696544895983927 0.7059292665763035 0.6028904416888826 0.23279640956539724 0.70882091911759 0.2477443197883486 0.7755849670271001
0 0.6425532197520571 0.691003636260353 0.6409222848705955 0.6793989313997753 0.25925646710014294 0.7330385631475791 0.2608874019816044 0.7446432680081569
0 0.6727788903347722 0.7064788889864934 0.6687015533990316 0.6774671296482639 0.25952828952719625 0.7349726825674137 0.26360562646293684 0.7639844419056432
0 0.6559538203425092 0.7364559736134627 0.6521483059252774 0.70937832851129 0.263605626029411 0.7639844349313397 0.26741114044664277 0.7910620800335124
0 0.6813819512307214 0.7427438761999675 0.6748582074036391 0.6963250631514935 0.2691233766241866 0.7533474194742545 0.2756471204512689 0.7997662325227287
0 0.711607619603133 0.7582191320919993 0.7034529439968132 0.7001956121528126 0.2633338043642187 0.762050336161249 0.2714884799705385 0.8200738561004357
0 0.7145976668244256 0.7794944224876816 0.708617572382701 0.7369438413348973 0.26505999856610185 0.7992817955978773 0.27104009300782644 0.8418323767506616
0 0.7438157204470256 0.8131125410335598 0.7373163340511125 0.7608426446576089 0.2545184572872249 0.8208750948780121 0.26101784368313796 0.873144991253963
0 0.7570791733557077 0.8580308692184934 0.7517426777516397 0.8119020034940287 0.2609616999445576 0.868678828362685 0.26629819554862555 0.9148076940871496
0 0.7481427490542112 0.8943092719031881 0.7442388760196487 0.8589724037106977 0.2606470368788309 0.9123976571958826 0.2645509099133935 0.947734525388373