0 0.1271609303607652 0.7603627789513213 0.11904457122798343 0.28781031406750257 0.05987190314225708 0.28882663851974455 0.06798826227503887 0.7613791034035634
0 0.14237449766226476 0.7601816634675738 0.12072639407393009 0.3291438691148192 0.10159217995372091 0.33010485085419927 0.12324028354205559 0.7611426452069538
0 0.19140625000000006 0.28125 0.11914062500000004 0.28125 0.11914062500000007 0.7569444437499999 0.19140625000000006 0.7569444437499999
0 0.20481953220158347 0.7531639088421132 0.18772433581912304 0.38846638601629113 0.16498783559987823 0.3895321594640683 0.1820830319823386 0.7542296822898903
0 0.26171875 0.3020833328125 0.18359375000000006 0.3020833328125 0.18359375000000006 0.753472221875 0.26171875000000006 0.753472221875
0 0.4190069921511186 0.30545839943480285 0.18459071835736252 0.17357863815824237 0.13483646536323596 0.26201682214779687 0.369252739156992 0.3938965834243574
0 0.93826009879788 0.2515431806649333 0.9348625780936344 0.1865656004451161 0.6536551802636692 0.2012692559687938 0.6570527009679148 0.266246836188611
0 0.796875 0.2569444437500001 0.65625 0.2569444437500001 0.65625 0.3055555562500001 0.796875 0.3055555562500001
0 0.2577349881990182 0.7498069298840078 0.24335410136600433 0.3918826328168372 0.22719714814419056 0.392531796111291 0.24157803497720448 0.7504560931784617
0 0.30320703640168817 0.7463640577955701 0.29244502730757627 0.3943267815826667 0.24149909336096753 0.3958842320047914 0.2522611024550794 0.7479215082176948
0 0.34294715357482647 0.7498748192224766 0.3319642563680676 0.39191372572709804 0.29084529420020133 0.39317533025045137 0.3018281914069602 0.75113642374583
0 0.36508260337425763 0.7498120078343166 0.35492048717488406 0.3884923216487775 0.3306233003771834 0.38917568002917124 0.340785416576557 0.7504953662147102
0 0.39848046880697574 0.7463958375552198 0.3889754576087202 0.39154208361900944 0.3535655954120698 0.3924905620639306 0.3630706066103253 0.747344316000141
0 0.41064229826451804 0.7464404439721285 0.40123155490705653 0.37837581404378867 0.387213730166522 0.3787342243346355 0.39662447352398356 0.7467988542629753
0 0.43432070441553516 0.7672913868331193 0.426042789871245 0.3331607577671393 0.39864279436484534 0.3336832153090177 0.4069207089091355 0.7678138443749977
0 0.45740897563490535 0.7638123618375431 0.4510917841649569 0.3295639404178457 0.4248480115493932 0.32994571943724726 0.4311652030193417 0.7641941408569447
0 0.49461527175536923 0.7533949508274531 0.48854993085179377 0.3328646514143977 0.44959569455985016 0.33342649136523794 0.4556610354634256 0.7539567907782934
0 0.5225985491245095 0.7638738116348904 0.5194176106608752 0.32278367885916104 0.48919582501266623 0.3230016244291586 0.49237676347630066 0.764091757204888
0 0.5536564572795009 0.7777414975326281 0.5507485084640249 0.3124696870564748 0.5183061993452405 0.31267245148846723 0.5212141481607164 0.7779442619646205
0 0.5644531250000001 0.34722222187500007 0.55078125 0.34722222187500007 0.5507812500000001 0.753472221875 0.5644531250000002 0.753472221875
0 0.609375 0.3402777781250001 0.5625 0.3402777781250001 0.5625000000000001 0.7604166671875 0.6093750000000001 0.7604166671875
0 0.6515380253378378 0.3648051948479731 0.6096608880936573 0.3642817306324208 0.6049704588638494 0.739516069017048 0.64684759610803 0.7400395332326003
0 0.69921875 0.3090277781250001 0.642578125 0.3090277781250001 0.6425781250000001 0.7569444437499999 0.6992187500000001 0.7569444437499999
0 0.744140625 0.3020833328125001 0.69140625 0.3020833328125001 0.6914062500000001 0.7604166671875 0.7441406250000001 0.7604166671875001
0 0.8033342568600634 0.3201986129882313 0.7444628095871715 0.31827331129577463 0.7300172402456161 0.7599867202385239 0.788888687518508 0.7619120219309806
0 0.8362949430219311 0.29900798526187466 0.7973739993079733 0.29782457818629243 0.78374043086784 0.7462174945610215 0.8226613745817979 0.7474009016366038
0 0.8656253385181975 0.3586724318132583 0.8328408208622184 0.3573064102442592 0.8176795611351819 0.7211766436931326 0.850464078791161 0.7225426652621317
0 0.927734375 0.32291666718750006 0.8359375 0.32291666718750006 0.8359375 0.7395833328125001 0.927734375 0.7395833328125001
0 0.6634638595368527 0.30340228321095253 0.6565842407817879 0.20859252776174006 0.38056880177317964 0.22862085693413467 0.3874484205282444 0.32343061238334714