0 0.7732034595892916 0.03502498036604313 0.112512658818739 -0.021060665544485484 0.10064737003742585 0.11871283655274227 0.7613381708079785 0.1747984824632709
0 0.7511770404326255 0.162912013859314 0.0876527171463377 0.11870213622441879 0.0809237814780588 0.21969342424842403 0.7444481047643465 0.2639033018833193
0 0.7923366394007259 0.24193604777271066 0.06937272823708582 0.2148160213453753 0.06553619146947656 0.3170901704604446 0.7885001026331165 0.3442101968877799
0 0.8371645963266113 0.28359816637960866 0.07065641927857305 0.2504858182013458 0.06373837372407457 0.4106296551218274 0.8302465507721128 0.4437420033000903
0 0.8050084753199668 0.4443990732122055 0.05357516851787989 0.37361089132045516 0.04486989344785851 0.46601944678372653 0.7963032002499454 0.5368076286754768
0 0.8218058447795146 0.5593981835805184 0.8193520121898802 0.44916473036440296 0.05840523275787603 0.4661036536392348 0.060859065347510365 0.5763371068553502
0 0.7682425907277618 0.5597349666903996 0.05400306973398668 0.4889603436779598 0.050750634489981815 0.5217830941478987 0.7649901554837568 0.5925577171603384
0 0.7068451170869559 0.5865484481414505 0.05102889479433013 0.5176193855470645 0.04817069448350839 0.5448133449576107 0.7039869167761341 0.6137424075519966
0 0.6797886100801727 0.6092351769238141 0.042274234452468695 0.5422297208569309 0.038395248586092154 0.5791358087761495 0.6759096242137962 0.6461412648430327
0 0.6637083919961603 0.6448588630422915 0.03534494185181204 0.5788152036521198 0.030853484424513668 0.6215485668735659 0.6592169345688619 0.6875922262637375
0 0.6729613937500001 0.6448494515625 0.032193840108417214 0.578556992674246 0.024871727744381233 0.6493308349132377 0.6656392813859641 0.7156232938014917
0 0.6045034977619611 0.7093359792899495 0.024944975992748575 0.6484219235959496 0.021065989918156412 0.6853280105366595 0.600624511687369 0.7462420662306594
0 0.638753415052021 0.7649787093295854 0.013544632849862459 0.6982774413210364 0.011073555807343349 0.7214395057705919 0.636282338009502 0.7881407737791408
0 0.6418186875514248 0.764176855594892 0.015337284260753637 0.7181350840418692 0.012196488046326604 0.7608712853975943 0.6386778913369977 0.8069130569506171
0 0.6376124243146476 0.8051183856104478 0.027550821690925875 0.7409983270729342 0.02612172159401579 0.7545953061667791 0.6361833242177376 0.8187153647042926
0 0.6461437565946868 0.811847075059244 0.0198088899185092 0.7541934127355264 0.01661938858414892 0.7888433519155085 0.6429542552603265 0.8464970142392261
0 0.7142019761465521 0.7475936413175024 0.011380912168117976 0.7473061748356906 0.011322498675110471 0.8901201580433918 0.7141435626535446 0.8904076245252035
0 0.610729944160149 0.884740442978007 0.0012063084357808451 0.8227095394242602 -0.002577505713828143 0.8598897838709118 0.6069461300105401 0.9219206874246586
0 0.7836441087548561 0.9557829079830483 0.7624632057196747 0.7739512491590138 0.010388653978261275 0.8615576553188896 0.03156955701344263 1.043389314142924