0 0.1539792472731434 0.26845839798516846 0.013159352656516642 0.26816126731855056 0.011760512910064148 0.9311169558819309 0.15258040752669091 0.931414086548549
0 0.25532343314509665 0.9420885175474341 0.24372075099131568 0.27737107187514687 0.14231740217249148 0.2791410732995624 0.15392008432627244 0.9438585189718497
0 0.3356927985875842 0.9516942220756764 0.3212489745530419 0.2291602446059781 0.21748220322528114 0.23123459547725406 0.23192602725982345 0.9537685729469523
0 0.4213672774234117 0.9444081646190975 0.4168068220584896 0.18188217587755282 0.2553197885831136 0.18284798480610298 0.2598802439480357 0.9453739735476476
0 0.5108466879766649 0.20163229610375302 0.4180480953781105 0.20099750516158338 0.41288528498107385 0.9557365962089461 0.5056838775796282 0.9563713871511158
0 0.5828196537100759 0.9368512153086709 0.5334686273769175 0.17878866246427635 0.4228276308612558 0.18599155978730525 0.47217865719441426 0.9440541126316997
0 0.569157609534855 0.22803826195922952 0.5370103652207434 0.22757652966994524 0.5267027204068444 0.945226960072222 0.5588499647209559 0.9456886923615062
0 0.595530954423474 0.28687601245476546 0.5681913660548892 0.28639879800256046 0.556682745512041 0.9457270033363795 0.5840223338806259 0.9462042177885845
0 0.6302536195847904 0.31202271552224226 0.5931498958077149 0.31137506757422284 0.5819624491344719 0.9523034182378943 0.6190661729115473 0.9529510661859136
0 0.6730017109090517 0.32503919355907435 0.630039504723694 0.3242892855168934 0.61901264491674 0.9560177081453795 0.6619748511020977 0.9567676161875603
0 0.7005018822885863 0.31631647970090726 0.6292236765625 0.3150723140625001 0.6179827027755957 0.9590673075026702 0.6892609085016821 0.9603114731410773
0 0.7365350359454106 0.37829698496347625 0.699431311873892 0.37764933706513537 0.6892609066728478 0.9603114737628464 0.7263646307443664 0.9609591216611875
0 0.7743346617842293 0.3390782772590436 0.750900738291288 0.3386692351227657 0.739927366411919 0.9673310141283483 0.7633612899048603 0.9677400562646262
0 0.7938912078118039 0.33621009381667294 0.750937762912316 0.33561275709881067 0.7422141279118158 0.9629141837685722 0.7851675728113038 0.9635115204864345
0 0.8056333973638731 0.3365570199315179 0.7919636041998802 0.3363184128092054 0.7812579144979913 0.9496469777085828 0.7949277076619841 0.9498855848308952
0 0.8329246085964298 0.3276076348977887 0.7979524020582051 0.32722682579592427 0.7911049373874512 0.9560745806325761 0.8260771439256759 0.9564553897344406
0 0.8943274852165946 0.9578063644178971 0.873282077195026 0.25877692364623606 0.7283410472756238 0.263140606970293 0.7493864552971922 0.9621700477419541
0 0.9086843092622369 0.35651347788775994 0.8709623153831766 0.3561462540007715 0.8649902281091402 0.9696113568401211 0.9027122219882004 0.9699785807271095
0 1.0747426158051643 0.9225526540616734 0.9304978873034531 0.17937291747334946 0.7504444470151982 0.21431972553542816 0.8946891755169093 0.957499462123752