0 0.16016253503511485 0.9374116876267644 0.14999098964000063 0.27453255839273344 0.00918735771692231 0.27669311899984966 0.019358903112036523 0.9395722482338806
0 0.26033461955275594 0.9465648197072474 0.24019201772656418 0.2823108305152475 0.13853697999804487 0.28539338174099593 0.15867958182423664 0.9496473709329958
0 0.3436009570293296 0.9544929849419187 0.31654939591279535 0.2323211333400947 0.21283462899003122 0.23620614540457097 0.23988619010656542 0.958377997006395
0 0.4291352459546435 0.9457128099503175 0.41126757176822054 0.18338254761429046 0.24982198812122816 0.18716654679412342 0.26768966230765107 0.9494968091301503
0 0.5136477915950046 0.9562026819990136 0.5056378012791418 0.20148843747808937 0.41284226432492377 0.2024733020910932 0.42085225464078657 0.9571875466120174
0 0.5904311583683086 0.9353392760470916 0.5278576184630412 0.1782534752115985 0.41735918140650313 0.18738622919139392 0.47993272131177045 0.9444720300268872
0 0.5666193414256278 0.9445937386130735 0.5644006896732259 0.22687271696833258 0.532250283913023 0.22697210175981725 0.5344689356654249 0.9446931234045582
0 0.5917968750000001 0.28524122656250006 0.564453125 0.28524122656250006 0.5644531250000001 0.9446698671875 0.5917968750000002 0.9446698671875
0 0.6269531250000001 0.30977810625000013 0.58984375 0.30977810625000013 0.5898437500000001 0.9508040875000001 0.6269531250000002 0.9508040875000001
0 0.6699218750000001 0.3220465453125001 0.626953125 0.3220465453125001 0.6269531250000001 0.953871196875 0.6699218750000002 0.953871196875
0 0.6972656250000001 0.31284521562500006 0.6259765625 0.31284521562500006 0.6259765625000001 0.9569383078125 0.6972656250000002 0.9569383078125
0 0.7343750000000001 0.37418741562500013 0.697265625 0.37418741562500013 0.6972656250000001 0.9569383078125 0.7343750000000002 0.9569383078125
0 0.7714843750000001 0.3343149859375001 0.7480468750000001 0.3343149859375001 0.7480468750000002 0.9630725281249999 0.7714843750000002 0.9630725281249999
0 0.7910156250000001 0.3312478750000001 0.748046875 0.3312478750000001 0.7480468750000001 0.9584718625 0.7910156250000002 0.9584718625
0 0.802734375 0.3312478750000001 0.7890625000000001 0.3312478750000001 0.7890625000000002 0.9446698671875 0.802734375 0.9446698671875
0 0.8339937267644892 0.9506950382969945 0.829865240347549 0.32182355621507946 0.7948917154193236 0.32205315435513293 0.7990202018362638 0.9509246364370482
0 0.9022572379672351 0.9508546756734326 0.8690153015920776 0.2522989939315714 0.7241725036081836 0.2591915798782986 0.7574144399833411 0.9577472616201599
0 0.910853144078059 0.9628787030314394 0.9061178795110714 0.3494028070942663 0.8683952216830473 0.3496939787053575 0.873130486250035 0.9631698746425306
0 1.082029648164467 0.9124576520608783 0.9248366049235575 0.17190852415505678 0.7454204937691555 0.20999237768488827 0.9026135370100651 0.9505415055907097