0 0.19150266038345895 0.960052037073748 0.13511577903138547 0.29949717982372737 -0.00423296232113175 0.3113923931568285 0.052153919030941756 0.9719472504068489
0 0.2920692257314771 0.962195220267773 0.22563966655615234 0.3009643978773061 0.1244472852433309 0.3111305381340629 0.19087684441865566 0.9723613605245298
0 0.3756857546045437 0.9642957103845147 0.2983239395471158 0.24577005404340063 0.19513282090695766 0.25688037719659246 0.2724946359643855 0.9754060335377066
0 0.46039922992885784 0.9495703501849151 0.38939760186534167 0.1903434718987077 0.22860925075511607 0.2053801296211582 0.2996108788186322 0.9646070079073656
0 0.5454376351872108 0.954139373744785 0.48480095465228723 0.2018223240384768 0.3923001632768244 0.20927787876510595 0.4529368438117478 0.961594928471414
0 0.6205785867417382 0.927970657872627 0.5053458573186125 0.17709398733579884 0.39575365580447197 0.19391247297996592 0.5109863852275977 0.9447891435167939
0 0.5974703511336749 0.938863600366642 0.5451914168149395 0.22304567622043017 0.5131262606008031 0.22538751782440825 0.5654051949195386 0.9412054419706202
0 0.6225918677730377 0.9371832459144345 0.5765924329694934 0.27936094266580525 0.549315288366568 0.28126834718613336 0.5953147231701122 0.9390906504347628
0 0.6580903777894103 0.9408501494358639 0.6133746651704323 0.3013856742542066 0.5763556858393298 0.3039742934902435 0.6210713984583077 0.9434387686719006
0 0.701168409827866 0.9409124377460708 0.6570945466474301 0.3106268794987359 0.6142304653700177 0.31362422828589376 0.6583043285504535 0.9439097865332287
0 0.7286595020406298 0.942064674385055 0.6837298378518153 0.2995405605995108 0.6126144328072478 0.30451343429989053 0.6575440969960623 0.9470375480854349
0 0.7656784793727125 0.9394760560993524 0.7250278325957004 0.3581447154675005 0.6880088535554898 0.36073333461776613 0.7286595003325019 0.942064675249618
0 0.803125356784393 0.9430067144529233 0.7592654611173394 0.31578079299071804 0.7358850553840683 0.3174157097264997 0.7797449510511218 0.9446416311887049
0 0.82228810625 0.937054825 0.7785351729790916 0.31135872247394125 0.7356710925341629 0.3143560709372836 0.7794240258050713 0.9400521734633426
0 0.8330155316231826 0.9224689909397984 0.7902253752561939 0.3105412635723352 0.7765868033790276 0.31149496545107996 0.8193769597460164 0.9234226928185432
0 0.8646190303073599 0.9262989430549915 0.8166327444242247 0.299247349826469 0.7817604299947813 0.3019160183502215 0.8297467158779165 0.928967611578744
0 0.9327273788750923 0.92169637265765 0.850837650971638 0.22716117699169472 0.7068284843375116 0.24414069299730795 0.7887182122409657 0.9386758886632632
0 0.9421411129371821 0.9330914874074123 0.8946234679234418 0.3214403029794455 0.8570130106084338 0.32436216499001347 0.904530655622174 0.9360133494179804
0 1.1093834738339432 0.8708525736532527 0.9009152138700707 0.14307262851116667 0.7245927509129725 0.19357915495582484 0.9330610108768452 0.9213591000979108