0 0.2224614634078005 0.9398366402307625 0.19894401384256297 0.29082658513948473 0.10592207519858984 0.29419731681514816 0.12943952476382736 0.943207371906426
0 0.25463651839901197 0.934252799039047 0.20432565378842948 0.3125919602624949 0.16861151076845646 0.31548229740790207 0.21892237537903894 0.9371431361844541
0 0.28575351411393707 0.9703170726244009 0.27728518374218625 0.2385579327634908 0.20089708969959813 0.23944193896386973 0.20936542007134898 0.9712010788247799
0 0.36680818305062207 0.2466094378952381 0.3359813975584494 0.24634418569836664 0.329615929259754 0.9861191173125047 0.3604427147519267 0.9863843695093761
0 0.440061063100771 0.1761225142313244 0.3674249710812214 0.17374544752440502 0.34105746287564737 0.9794581129583515 0.41369355489519694 0.9818351796652708
0 0.5133201363359393 0.06164729439087198 0.441669002423278 0.0602169460977577 0.43455156705972076 0.41675410337893926 0.5062027009723821 0.41818445167205354
0 0.6237546847750293 0.2961282040825458 0.5755385612232609 0.29251874364091857 0.5276438857497052 0.9323084372671726 0.5758600093014735 0.9359178977088
0 0.6511963942133019 0.281122200895258 0.6080786520634717 0.2778944053724216 0.5556247287545423 0.9785877188057143 0.5987424709043725 0.9818155143285507
0 0.7302170576855435 0.27281908322829534 0.615680070074532 0.2635496319179277 0.5597688334081615 0.95441087137552 0.674305821019173 0.9636803226858877
0 0.8220608911630022 0.15554286033347087 0.6291705285505056 0.1340280040653386 0.5492365876316201 0.8506717341806784 0.7421269502441166 0.8721865904488106
0 0.9721685638734101 0.293969368762211 0.8294173537068843 0.27926126037582577 0.7662494989902313 0.8923440217710615 0.9090007091567571 0.9070521301574468