0 0.738852021549144 0.12503589608965662 0.09018386466657566 0.09660168492227138 0.08609689001932945 0.18983762159196368 0.7347650469018978 0.21827183275934892
0 0.7126178904830086 0.18591016694557577 0.08895124047098604 0.18353189835587497 0.08881453443824525 0.219381084543305 0.7124811844502678 0.22175935313300577
0 0.7834511501384952 0.22380398312911795 0.05292729590848898 0.19473422669240148 0.049865059773596544 0.2716883129329917 0.7803889140036027 0.30075806936970817
0 0.7668889331372627 0.3586833473555072 0.03026132417127838 0.2908678063687171 0.027501513793881695 0.3208454853773862 0.7641291227598661 0.3886610263641763
0 0.8362916253435397 0.39616570140168755 0.03376922875250859 0.3185656657953163 0.026802187256332162 0.39061726725362317 0.8293245838473634 0.4682173028599944
0 0.9430992423585763 0.48244982423539895 0.5886888706563264 0.44169818333262356 0.5806092433938446 0.5119653833244837 0.9350196150960945 0.5527170242272591
0 0.7000593008359272 0.5932427969788067 0.06640347957670874 0.49273319010309463 0.0588995885488683 0.5400409488307325 0.6925554098080868 0.6405505557064445
0 0.711327223366862 0.6267645061239918 0.015833631010814718 0.5281539461441389 0.009848703838700412 0.5703652316268858 0.7053422961947478 0.6689757916067387
0 0.7236309499434147 0.635318558968002 0.03448214387651168 0.559976024936168 0.022270924206138253 0.6716705354088695 0.7114197302730412 0.7470130694407034
0 0.8449507791791561 0.6557364662416127 0.135520173198944 0.54866043870371 0.10617499075987327 0.7430865024926427 0.8156055967400853 0.8501625300305455
0 0.6896301145339911 0.846494920438554 0.08427431340798963 0.7377401673576081 0.0588223748823518 0.879411939854112 0.6641781760083534 0.988166692935058