0 0.9602981013236205 0.18361181377687208 0.07172012507866318 0.024433901315804314 0.06359758638851318 0.06977630391220815 0.9521755626334706 0.22895421637327593
0 0.9147030335817166 0.1485409412778795 0.06319814113396935 -0.00016353996641658015 0.058308391691226036 0.027835922716213813 0.9098132841389731 0.1765404039605099
0 0.8562872123829122 0.12584420088043485 0.05876510759858532 -0.0067814764415174145 0.0566139805981448 0.006153962364085301 0.8541360853824717 0.1387796396860376
0 0.9382589069325503 0.22673184865134632 0.07848742744482767 0.061598664546682794 0.07183642865708335 0.0962273135297099 0.9316079081448061 0.2613604976343734
0 0.8641619671471361 0.24308843513282294 0.08030598489525062 0.08979682984202036 0.07021038483542669 0.14142063850592695 0.8540663670873121 0.29471224379672956
0 0.7835696513309776 0.26809766276526126 0.09067302860507079 0.13541889422612702 0.08765962957734041 0.15115595624614447 0.7805562523032472 0.28383472478527877
0 0.904664114901985 0.32048811166544666 0.09874219507576085 0.16288125410735638 0.09582568819716064 0.17779479822088923 0.9017476080233848 0.3354016557789795
0 0.9138465178391056 0.33495163695656077 0.09149062258515439 0.1749811828473003 0.08819996727589456 0.19189736782587302 0.9105558625298459 0.3518678219351335
0 0.8801877933161417 0.33888701563149504 0.11113469020640021 0.19512592070159238 0.10850099545959098 0.20921492801379374 0.8775540985693325 0.35297602294369634
0 0.7651890087959263 0.33138559922530303 0.11450722568627839 0.21280943223217955 0.1108971415655361 0.2326196186501353 0.761578924675184 0.35119578564325876
0 0.8221000792098889 0.3615131309553995 0.12998608568758668 0.22616263435395192 0.12482610628899707 0.25254815962148514 0.8169400998112992 0.38789865622293274
0 0.7710188135879107 0.370144499202214 0.1267573386107522 0.2520238595689716 0.12236228640248852 0.27599564660881004 0.766623761379647 0.3941162862420524
0 0.7739392482693621 0.39404256935601634 0.13963233179420467 0.27939305873413 0.1346511671057179 0.30695172162654566 0.7689580835808753 0.42160123224843193
0 0.7657144670925772 0.4134746832166867 0.13612776517680442 0.3076284774772774 0.13289280169543385 0.3268704519517177 0.7624795036112066 0.432716657691127
0 0.7638162149310769 0.42746774779364094 0.13905901905425297 0.32733902040104706 0.13718449195511143 0.339035207145366 0.7619416878319354 0.4391639345379598
0 0.7628611732185626 0.43479625701897107 0.14300876758015682 0.3399878895187701 0.14086876376267105 0.35397912836528966 0.7607211694010768 0.4487874958654906
0 0.8048510841818743 0.45236824509058104 0.1414233896204352 0.353289638194186 0.13988090508595824 0.3636180732687203 0.8033085996473973 0.4626966801651154
0 0.7225814581932681 0.44610029345687086 0.14582879557681153 0.3622460140987785 0.14403779214214124 0.3745645982856405 0.7207904547585978 0.4584188776437328
0 0.8221842252882338 0.7007415502048608 0.8085915867813774 0.4539855132196996 0.7677321234432217 0.4562362703704683 0.781324761950078 0.7029923073556296
0 0.7705802121820446 0.4611039539409165 0.14981046418771177 0.3744471463689774 0.14785144720068527 0.38848064835719126 0.7686211951950181 0.4751374559291304
0 0.7691896350993146 0.47248183604314364 0.15367340109783648 0.3880978235953436 0.15138064859974998 0.40482168327187484 0.766896882601228 0.48920569571967487
0 0.7729501708414219 0.4864300743289303 0.15174561935846329 0.4036839689671072 0.14968513754343699 0.4191527414990017 0.7708896890263957 0.501898846860825
0 0.776738532941 0.500394809251183 0.15529632254286976 0.41977694282047595 0.15302530246008036 0.4372830838608152 0.7744675128582107 0.5179009502915222
0 0.7747835601779625 0.5160714387479051 0.15868608371071197 0.4372474814818714 0.15681296541489856 0.4518879980862384 0.7729104418821491 0.5307119553522719
0 0.7733164600068781 0.5276556644800933 0.1623135861618279 0.45263394221396724 0.15993332532555757 0.4720196103582275 0.7709361991706078 0.5470413326243536
0 0.7761535560347677 0.5496497333630829 0.16515068188710905 0.4746280142134226 0.1627704211764307 0.4940136821497165 0.7737732953240893 0.5690354012993768
0 0.7792286778183859 0.5697052373281579 0.16822580384733002 0.49468351776387404 0.165607517025775 0.5160077526939979 0.7766103909968309 0.5910294722582818
0 0.7766103918814673 0.5910294708321313 0.17106289991703044 0.5166775898496585 0.16844461339835376 0.5380018228573307 0.7739921053627907 0.6123537038398036
0 0.7743002529033646 0.6097023058848084 0.2065679807470636 0.5427224261516529 0.20413926796088297 0.5633085877572974 0.771871540117184 0.630288467490453
0 0.7827979194736845 0.6302360959047565 0.20961021887504847 0.5629880411227199 0.20699647332300528 0.5852662588017503 0.7801841739216412 0.6525143135837868
0 0.7802559903178841 0.6513607211427781 0.21245401404393 0.5847445352652014 0.20994026674413688 0.6061704194684623 0.7777422430180909 0.672786605346039
0 0.7829794448535956 0.6744587831494531 0.21016425173486525 0.6041259210480809 0.2075459649644859 0.625450155512667 0.7803611580832162 0.695783017614039
0 0.7860545669018004 0.6945142871367317 0.1805070762976057 0.6201624045186371 0.17717471148256572 0.6473023380411016 0.7827222020867606 0.7216542206591962
0 0.777266818724954 0.7209843847620279 0.17171932931701087 0.6466325022622139 0.16838696449005544 0.6737724358712821 0.7739344538979986 0.748124318371096
0 0.790538629156589 0.7481952623154309 0.15225884101151102 0.6698243581294443 0.1484504240573346 0.7008414248830841 0.7867302122024127 0.7792123290690706
0 0.7870670355395589 0.7762356547151112 0.14839769310916695 0.7009282247120581 0.14542444031275123 0.7261438695466935 0.7840937827431432 0.8014512995497467
0 0.8116644229767254 0.7997309692515643 0.14514112478050895 0.7248186548917429 0.1390271384210356 0.7792171124519932 0.8055504366172519 0.8541294268118145
0 0.9482706208581988 0.974069298248833 0.8702317826563586 0.6807996043955535 0.7899728328576857 0.7021564487230201 0.8680116710595259 0.9954261425762996
0 0.9038610677008624 0.6953886518034793 0.8921612817522446 0.4850149746521043 0.8025206287500358 0.49000027731269097 0.8142204146986536 0.7003739544640659
0 0.844020509020172 0.8527027294560346 0.14993572599215046 0.7778926115290523 0.14697096376434526 0.8053995371246561 0.8410557467923668 0.8802096550516385
0 0.791671110052061 0.8742730404399144 0.20794515004976896 0.80260050598152 0.20651699368070675 0.8142319064037856 0.7902429536829989 0.8859044408621799
0 0.7854257615878817 0.8799250379572175 0.18484962450966644 0.8096197817983638 0.1826869157804129 0.8280945207468378 0.7832630528586282 0.8983997769056915
0 0.7560776753134816 0.8927359523496337 0.16600183760204235 0.8265358501213514 0.16309434897248762 0.852451803888384 0.7531701866839268 0.9186519061166664
0 0.7930584137228445 0.9027383445032713 0.1570787950170131 0.8509867433288452 0.15361500407800968 0.8935535507448972 0.789594622783841 0.9453051519193233
0 0.7940384348528029 0.9450070603784233 0.16064633528823774 0.871626234815704 0.15927179190972476 0.8834907090810523 0.7926638914742898 0.9568715346437717
0 0.8145493172771243 0.9569105065470728 0.14286722155963677 0.8798171043139629 0.1383784990832158 0.9189254382663299 0.8100605948007035 0.9960188404994398