0 0.16811902807445725 0.9997950287058404 0.1409783793293143 0.11410577779175526 0.09490572657075472 0.11551760669674249 0.12204637531589765 1.0012068576108275
0 0.12887593974514028 0.9998282703479481 0.09840379905212474 0.1663931509372274 0.06999955673808989 0.1674316697708035 0.1004716974311054 1.0008667891815242
0 0.10684241194432517 0.99998651639948 0.07315084772231178 0.22870348956754358 0.060017987111759194 0.22927716563882522 0.0937095513337726 1.0005601924707617
0 0.1889282985565656 0.999917027501302 0.176978995565639 0.1275936207633927 0.14206540320904218 0.1280718758352482 0.15401470619996874 1.0003952825731575
0 0.22895650361418446 0.9955129413327711 0.22614388367691926 0.1969288369860983 0.17359464331935098 0.1971139158529495 0.17640726325661618 0.9956980201996224
0 0.24421958610818179 0.9758699938816269 0.23023550735175652 0.2705211294919236 0.21426265264895208 0.2708378035087199 0.22824673140537732 0.976186667898423
0 0.2697101768951403 0.9622935221926845 0.25392606800764067 0.14126729339658772 0.23799315611945215 0.14157360129189928 0.2537772650069518 0.962599830087996
0 0.28461827560014413 0.9668072599709536 0.26724722700905557 0.12923511349347325 0.2497117608464802 0.1295987949220625 0.26708280943756874 0.9671709413995428
0 0.2964041322736864 0.9434241723009389 0.27785758544193107 0.16126447956393047 0.26378088987853915 0.1615982657407523 0.2823274367102945 0.9437579584777607
0 0.31869074304103934 0.9362269895684024 0.30010048864033223 0.2750775342706432 0.2799614596451106 0.2756438051333119 0.29855171404581765 0.9367932604310709
0 0.33595861628453144 0.9184235738926162 0.3244527630025287 0.21329298236395983 0.29757102802648505 0.21373162068474166 0.3090768813084878 0.9188622122133981
0 0.35940597578281835 0.915958547395052 0.34099590096854177 0.26121706913813064 0.3166341714290855 0.26190207425590717 0.3350442462433621 0.9166435525128286
0 0.38780122884978935 0.8973477746171753 0.36425185104155655 0.25325449324743754 0.336126082961555 0.2542828292941265 0.35967546076978774 0.8983761106638642
0 0.4071799170796203 0.8950172709295025 0.377079326160006 0.2573319574375582 0.357585480886135 0.2582521233087555 0.3876860718057494 0.8959374368006998
0 0.4177758305703322 0.8883695529876696 0.3862289791813777 0.2564226562518322 0.37443038702028275 0.25701164313574204 0.4059772384092373 0.8889585398715797
0 0.43183761558138106 0.8816428031654133 0.3956996358224494 0.25562389200215224 0.3815692078246739 0.25643959439047115 0.4177071875836056 0.8824585055537322
0 0.44044824407618155 0.8806775263723463 0.4009979757797349 0.2110549746914252 0.39016177514382233 0.21169338064314797 0.42961204344026893 0.881315932324069
0 0.4514531669273773 0.8742303029526104 0.41181757482424286 0.29277372754796066 0.39949625091399127 0.2936136234049083 0.43913184301712577 0.8750701988095579
0 0.6400875920549726 0.18304620116448522 0.6294217093504967 0.14317194800730723 0.39071864784420135 0.20702214340004788 0.4013845305486772 0.24689639655722587
0 0.4640549144959816 0.8676494384303917 0.41999854610579357 0.2424078711978752 0.4058058636336764 0.24340792954365056 0.44986223202386444 0.8686494967761671
0 0.47941775866974234 0.8607818757311838 0.43373354202149805 0.24119384385562553 0.41687883095843603 0.24243659586524333 0.4625630476066803 0.8620246277408017
0 0.4943001013069229 0.859396367228802 0.4446133243255682 0.23469669558131973 0.42860535191713867 0.23596992268720837 0.4782921288984934 0.8606695943346907
0 0.5109875619814839 0.8523711281506025 0.45868476620776083 0.2279345546178538 0.44112755366533457 0.2294051464135379 0.4934303494390576 0.8538417199462864
0 0.5243086210184085 0.8456753475162995 0.4725145052542727 0.22672580448178659 0.4580828344168351 0.22793345644378582 0.5098769501809708 0.8468829994782986
0 0.5433348876463765 0.8384528519052583 0.4896825618496381 0.22520396354625943 0.4702256328789609 0.22690622426283763 0.5238779586756993 0.8401551126218365
0 0.5642584689370106 0.8311049289875927 0.5106061434837423 0.21785604041910997 0.49114921546780294 0.21955830104068047 0.5448015409210712 0.8328071896091631
0 0.5851820501572987 0.8237570056365915 0.5315297275274606 0.21050811752402715 0.5101271049563767 0.2123806042640238 0.5637794275862148 0.825629492376588
0 0.6061056330697232 0.8164090827668904 0.5529323453624057 0.20863563168110472 0.5315297248424685 0.2105081183725915 0.5847030125497861 0.8182815694583774
0 0.6238546155361326 0.7761807256284241 0.5704163719146815 0.20700034507065773 0.5493737348277091 0.20897596054424356 0.6028119784491602 0.7781563411020099
0 0.6443784187436673 0.768865001367478 0.5908372225116498 0.19423519178450294 0.5684580750639178 0.19632037132970237 0.6219992712959354 0.7709501809126775
0 0.6641892909564138 0.7616354892682292 0.6103144892491736 0.192462358246727 0.5888095935651706 0.19449789353039584 0.6426843952724106 0.7636710245518981
0 0.6835133768006928 0.7599806610386638 0.6332144085076814 0.18505982223013864 0.6118117072666752 0.18693231269915206 0.6621106755596866 0.7618531515076772
0 0.7112025803857167 0.7851449026275314 0.6580292934537071 0.1773714531308725 0.6307895940257002 0.1797546180335622 0.6839628809577099 0.7875280675302211
0 0.7391659342225231 0.7881798818237267 0.68174788655973 0.18067093140020693 0.6550598735297143 0.183193319923231 0.7124779211925074 0.7907022703467508
0 0.7695438245167975 0.8021100943496633 0.7134963087820098 0.16148402263696113 0.682365222230958 0.16420763964281662 0.7384127379657457 0.8048337113555188
0 0.7949495169423634 0.7997808624916108 0.7348358351668572 0.1594992056210607 0.7095568905712482 0.16187255243606766 0.7696705723467543 0.8021542093066177
0 0.8460440340395792 0.7952966630012213 0.7829371784907968 0.12759754853250857 0.7284555076890359 0.13274682438871335 0.7915623632378183 0.800445938857426
0 0.8975006767121687 0.037455379053859296 0.8591237476992599 -0.03543955084615926 0.5990956338233866 0.1014572193580526 0.6374725628362954 0.17435214925807116
0 0.63120741947496 0.14791730708566023 0.6060460923368668 0.06114866426041972 0.402583591045794 0.12014908640174875 0.42774491818388716 0.20691772922698926
0 0.8658483086667115 0.782578057117533 0.8010850857937608 0.08750804525329156 0.7737362233474085 0.09005627844376436 0.838499446220359 0.7851262903080058
0 0.868824411928907 0.7216579876006073 0.8149972940560686 0.13601388883984003 0.8034959201278984 0.13707099128728412 0.8573230380007368 0.7227150900480515
0 0.8871162163617721 0.7421389918203433 0.830298698596921 0.1401228799199789 0.8115647784980471 0.14189096355924077 0.8683822962628982 0.7439070754596051
0 0.9146226550652715 0.7562825504647545 0.8568692977686023 0.16532422760865703 0.830933929446655 0.16785884728552194 0.8886872867433242 0.7588171701416193
0 0.9365862262388003 0.7598614602377849 0.8767052980376828 0.12494493132576323 0.833964402099834 0.1289759565146828 0.8938453303009515 0.7638924854267046
0 0.9437276349339833 0.7537669026410324 0.8881591556730987 0.1186162697590262 0.8745393054389294 0.11980785223740557 0.930107784699814 0.7549584851194118
0 0.9848526695832238 0.7666315832736037 0.9207264054123081 0.09358814753963529 0.8815453049986333 0.09732124627032049 0.945671569169549 0.770364682004289