0 0.6777642123467966 0.07462292154127467 0.6701196925018381 0.011751335852607226 0.04400670719514284 0.0878800526478956 0.05165122704010139 0.15075163833656305
0 0.7030820708484862 0.14576141190495878 0.6889882300646261 0.03844422865762355 0.057913669900508224 0.12132251622131154 0.07200751068436836 0.22863969946864676
0 0.6647789235866565 0.1897275276353822 0.6556687354515057 0.13144461726747422 0.05061814822047158 0.22601993353365152 0.05972833635562234 0.28430284390155947
0 0.7938423118370387 0.23696807058438368 0.78706739857417 0.17179399302721238 0.02703538555864588 0.2508001126100593 0.03381029882151451 0.3159741901672306
0 0.7719924113691428 0.2612911444623215 0.7643005894788347 0.20596524276419897 0.02407936957136499 0.30887634964540905 0.03177119146167305 0.36420225134353157
0 0.8358632768824446 0.3195803133270808 0.8298702851002877 0.2567405523839673 0.02431919553166951 0.33356549550019865 0.03031218731382641 0.39640525644331215
0 0.7962179508536662 0.3466224438587777 0.7916877797255856 0.30109754346119755 0.035146820577823326 0.3763807396990922 0.039676991705903976 0.4219056400966724
0 0.7835197419783851 0.3945181399709944 0.778465900496742 0.3517996223951515 0.05411801028531364 0.4374940617724531 0.059171851766956864 0.480212579348296
0 0.8037649954106143 0.42604705805953513 0.7994579654958122 0.3894860889045787 0.05389601275645941 0.47731629986471047 0.05820304267126155 0.5138772690196669
0 0.6483254154244098 0.5355383301371435 0.6412823094898478 0.49307594071628175 0.11131340581499143 0.5809802527796032 0.11835651174955346 0.623442642200465
0 0.8113179601777608 0.5609448385151322 0.8001199259966898 0.48450101558923847 0.11008641734157168 0.5855820254112502 0.12128445152264271 0.6620258483371438
0 0.8116331369679844 0.6037917372235322 0.8021141185272789 0.5377822178301817 0.12637810671961708 0.6352279137928432 0.13589712516032249 0.7012374331861937
0 0.8936729605578424 0.6314752384879423 0.883351132968491 0.548246206313897 0.139787070708709 0.6404609041399355 0.15010889829806037 0.7236899363139807
0 0.7784744521545043 0.6897764086410707 0.772732863342875 0.6436278989307266 0.13426268559499782 0.7230634701360618 0.14000427440662705 0.7692119798464059
0 0.859351010772115 0.7775894267204916 0.845447787737364 0.6378722260379511 0.07088704979420515 0.7149485676836279 0.08479027282895617 0.8546657683661684