0 0.7427204927058202 0.042012485353473066 0.11292025405277692 0.037020246097530504 0.11240022442718252 0.10262503094756577 0.7422004630802258 0.10761727020350834
0 0.7586475150666271 0.07339696805721385 0.12223574595433004 0.05858533801868042 0.11971270141742907 0.16699307120543638 0.7561244705297262 0.1818047012439698
0 0.7113787772819429 0.2189856076960334 0.7112595532152989 0.1600967171669873 0.09882265531194408 0.16133663214712765 0.09894187937858798 0.22022552267617374
0 0.833798741922933 0.2185737340419173 0.06954149388620891 0.20078669475228308 0.06797174305048248 0.2682343140148537 0.8322289910872067 0.2860213533044879
0 0.8066124602795307 0.2503886759489949 0.059307298368733684 0.24513814637193693 0.058916286926145145 0.3007906029716272 0.8062214488369422 0.30604113254868515
0 0.8630350076434847 0.30869386699140533 0.05387293035182773 0.2823953083456292 0.05174689059956635 0.3478099481939908 0.8609089678912234 0.3741085068397669
0 0.8188521123326951 0.34801059801485124 0.05926166412363243 0.31628336195258794 0.057306020218433784 0.36310396831022834 0.8168964684274963 0.39483120437249164
0 0.7980480400666687 0.39619045901153954 0.06884045207181284 0.3772024595196511 0.06769834348035442 0.42106354407262775 0.7969059314752103 0.4400515435645162
0 0.8130449922329183 0.4372305414882763 0.06274725362219467 0.40999331295157565 0.06140472473296783 0.44697565086636015 0.8117024633436914 0.4742128794030608
0 0.640939863530501 0.558303999870439 0.640626050913929 0.515262609168433 0.10343067995228974 0.5191792736214702 0.10374449256886173 0.5622206643234762
0 0.7988106846243445 0.541912029295476 0.10232570252878133 0.523428267823495 0.10028279337193624 0.600406947173203 0.7967677754674993 0.618890708645184
0 0.7936517134648323 0.6487564135209312 0.7924308296550377 0.5842954483708567 0.10920333709977754 0.597235704262546 0.11042422090957207 0.6616966694126205
0 0.8736164585385631 0.6858099804381307 0.8704447900928131 0.6050878377732846 0.11860819532736759 0.6346283866890681 0.12177986377311764 0.7153505293539142
0 0.7468920356366351 0.685121814360268 0.10391306783882837 0.6630812958950709 0.10232837577427127 0.7093108648389783 0.7453073435720781 0.7313513833041755
0 0.8184373604653616 0.6889370070822113 0.03894344905184486 0.6662860422071593 0.03488284480803636 0.806024737762456 0.8143767562215531 0.8286757026375081