0 0.11300446371104514 0.916203670039175 0.09173478112944504 0.28583817965522307 0.02843617712856439 0.2879739901262834 0.049705859710164474 0.9183394805102354
0 0.19237030366990165 0.9027132396345076 0.16480916617733946 0.266816790043214 0.05667199788176723 0.2715036905053351 0.08423313537432942 0.9074001400966287
0 0.24675143038436662 0.9197970515889405 0.20526963860880015 0.3088060824102241 0.14641450565033964 0.3128019129436735 0.1878962974259061 0.92379288212239
0 0.2760433537927269 0.9483768025044326 0.2635790316423047 0.1843511030638658 0.19806248808398325 0.1854199405462843 0.21052681023440548 0.9494456399868509
0 0.3239101704272449 0.9546115025513261 0.2859052053235225 0.20823775443202935 0.23011944853394223 0.2110783363059431 0.26812441363766465 0.9574520844252399
0 0.35586347548098274 0.9588716321527594 0.34953927852917605 0.14969017176754648 0.28641631739917184 0.15018351233194516 0.29274051435097853 0.9593649727171579
0 0.38208301841293973 0.9517649691169534 0.3730231878769349 0.19154151369335468 0.3272766928827189 0.192086689574613 0.3363365234187238 0.9523101449982118
0 0.4418671715684558 0.9374260762562201 0.41962990374128994 0.20836578581592388 0.37663347196988617 0.20967723177101183 0.398870739797052 0.938737522211308
0 0.4753193226870125 0.9413252704462852 0.4528033344754795 0.19094549882432904 0.41600610836419954 0.19204964094099058 0.4385220965757325 0.9424294125629468
0 0.5897104836940756 0.8909499544017978 0.5483305072438448 0.35533637799297874 0.5054158530333999 0.358651841713119 0.5467958294836307 0.894265418121938
0 0.6284020569820398 0.8913959047402737 0.5878460722583462 0.19517839044811366 0.5107171675021517 0.19967129477590512 0.5512731522258453 0.8958888090680652
0 0.6687380103577404 0.8802563516815056 0.6305573950340164 0.1985987665438943 0.5639694249589408 0.2023284538914074 0.6021500402826646 0.8839860390290187
0 0.6923437100877422 0.8680555231361667 0.6652857942174453 0.11928390612854509 0.5814738681983406 0.12231256799505039 0.6085317840686375 0.8710841850026722
0 0.7368118514589129 0.882089202926417 0.7133248993640395 0.23912533068391348 0.6668515863919662 0.24082296335440584 0.6903385384868395 0.8837868355969094
0 0.8171282431747823 0.9445408877140359 0.8078526197716187 0.16620994137488163 0.6674553386100832 0.1678831015042683 0.6767309620132468 0.9462140478434226