0 0.15153209747963253 0.9996888926357036 0.10494625588518214 0.21187269809569148 0.0064969586750145735 0.21769428871124835 0.05308280026946496 1.0055104832512602
0 0.20430256622065707 0.9996486797882411 0.15382876084492542 0.204580817548774 0.09948029929571323 0.20803105595103905 0.14995410467144485 1.0030989181905061
0 0.3159890671875 0.17293726875000004 0.15082204375000002 0.17293726875 0.15082204375000008 1 0.31598906718750003 1
0 0.40310891249529474 0.9918868990452563 0.3643514586783324 0.2575489240139032 0.21143610712087346 0.26561960791887185 0.25019356093783574 0.9999575829502249
0 0.35016892717413084 0.9908040070610351 0.2996580373692004 0.3375088059309238 0.2669042269819361 0.3400412355344181 0.31741511678686657 0.9933364366645294
0 0.3960003663910848 0.9889415757540215 0.36519256890840207 0.32722258263469595 0.298488011069225 0.3303281614837991 0.3292958085519077 0.9920471546031246
0 0.43615717176964663 0.984618692898688 0.39027399692861114 0.39264025244701484 0.3511415198790795 0.3956733397416408 0.397024694720115 0.987651780193314
0 0.47362647221626614 0.9803543755182176 0.4151612866143254 0.30078648723658014 0.3774075907994332 0.30403454658582074 0.43587277640137395 0.9836024348674581
0 0.578675675608695 0.969716353595579 0.5199782680892425 0.27041436354874515 0.45759955057028234 0.2756502545584447 0.516296958089735 0.9749522446052785
0 0.5189929435155503 0.9732882009469359 0.4621349663262394 0.3106354216995034 0.41412740801894865 0.3147546418109024 0.47098538520825944 0.9774074210583347
0 0.6414510917629583 0.9650013005079113 0.5822827741914526 0.2685399635675393 0.5186122347162091 0.27394913490240536 0.577780552287715 0.9704104718427773
0 0.6868687355276757 0.9635768545280289 0.6376130753115408 0.2825293083189514 0.5842140211170137 0.2863913083862142 0.6334696813331486 0.9674388545952917
0 0.732113304886909 0.9597777522936465 0.6813946005714293 0.335208622638566 0.6345122248147201 0.3390157486086326 0.6852309291301999 0.963584878263713
0 0.8017699738089785 0.9540464295642239 0.7502811910408422 0.3396663576381481 0.6811614590353842 0.34545901112553046 0.7326502418035205 0.9598390830516065
0 0.8565299595450119 0.9527986041971787 0.801818569692456 0.2800397512028245 0.7456305004175301 0.28460918548002556 0.800341890270086 0.9573680384743797
0 0.8970556110201928 0.9420450960482609 0.8447884195733618 0.3472561926968091 0.8049611640951166 0.3507560205771777 0.8572283555419477 0.9455449239286295
0 0.9570114726870417 0.9394933680384018 0.8956019061563936 0.2701526360244871 0.8364155797965196 0.27558276521349595 0.8978251463271677 0.9449234972274105
0 1.0090145664071168 0.9343471767492944 0.9542222300049461 0.256599357353119 0.8935358496283359 0.2615055311148993 0.9483281860305066 0.9392533505110746
0 1.0330212351478554 0.7879721688689495 0.9822883417434938 0.3052809434841236 0.9492671058740221 0.308751615316019 0.9999999992783838 0.7914428407008448