0 0.04561234218750002 0.1414447109375 1.7321981250593197e-17 0.1414447109375 6.921316366392844e-17 0.98889203125 0.04561234218750007 0.98889203125
0 0.09191280058665409 0.13267778060297664 0.045395654557071896 0.1313302006111667 0.020530020642821382 0.9896676135567282 0.06704716667240357 0.9910151935485381
0 0.14868596198845618 0.11292333666145071 0.0920640286198022 0.11106881998209281 0.0633102091712298 0.9889778013535049 0.11993214253988378 0.9908323180328628
0 0.21631516896337644 0.19046365697173923 0.1385102461229821 0.18858124404072515 0.11919683059016253 0.9868539187327767 0.19700175343055684 0.9887363316637909
0 0.3143506725014018 0.11177372376535852 0.21890170029373848 0.10973653136770041 0.20018504171633195 0.9866717812875839 0.2956340139239953 0.988708973685242
0 0.3893709185842129 0.11574649317350819 0.31213710754170587 0.11421627921612018 0.2949392325957524 0.9822370010867504 0.3721730436382594 0.9837672150441383
0 0.4658426786232508 0.1203136015560919 0.3865304911191475 0.11887816577138358 0.3709774405668491 0.9782314540240851 0.45028962807095246 0.9796668898087935
0 0.5537809129884264 0.13022296072845985 0.46666037009620875 0.1260587925186371 0.42595913869239366 0.9775886053436356 0.5130796815846113 0.9817527735534582
0 0.5819535556413341 0.19999054102378788 0.5236218312558469 0.19929640489622533 0.514382422091832 0.9757300861866287 0.5727141464773192 0.9764242223141913
0 0.6309568433004251 0.15022297380457053 0.5824724567827108 0.14874009089290033 0.5572260880115782 0.9741961616555358 0.6057104745292926 0.975679044567206
0 0.6808950267312256 0.20738090988038865 0.6130477243522339 0.20684904847654476 0.6070323009637826 0.9742110841953359 0.6748796033427743 0.9747429455991797
0 0.7132921208817679 0.9755432067399041 0.7091322664600799 0.23907023230355043 0.6697476184309372 0.23929269043567136 0.6739074728526252 0.9757656648720252
0 0.75441353339774 0.9744924329532815 0.740602391778973 0.183252666664737 0.6976401856608605 0.18400257476874338 0.7114513272796275 0.9752423410572879
0 0.7833872915673061 0.9741232412665546 0.7745459271738124 0.22404351099209802 0.7394551793152734 0.2244571338059608 0.7482965437087671 0.9745368640804173
0 0.8377583113247018 0.97645555809343 0.8324366716047373 -0.00030131251327172593 0.7733846014013619 0.000020419385215172947 0.7787062411213264 0.9767772899919169
0 0.9190416550428449 0.9702206795848424 0.9187075086997345 0.1389128870249626 0.8352054920983285 0.13894645087909632 0.8355396384414389 0.9702542434389763
0 1 0.13237961562500014 0.917247134375 0.13237961562500014 0.917247134375 0.968786996875 1 0.968786996875