0 0.07752128647430481 0.10191259439390662 0.027386831037269254 0.09840685208049485 -0.021344630022561466 0.795299277270776 0.028789825414474092 0.7988050195841877
0 0.1254799357932954 0.09850841059424639 0.0792572508601482 0.09311172224922984 -0.020205995929018495 0.9450153388456812 0.02601668900412868 0.9504120271906977
0 0.18375877174811747 0.08377724495652675 0.12751393479290454 0.07699485869886291 0.022354722346233636 0.9490570700950757 0.07859955930144658 0.9558394563527395
0 0.2443725450335156 0.16691677380281653 0.16702775626738062 0.15826037822332528 0.07821378694113308 0.9518121093035633 0.15555857570726803 0.9604685048830547
0 0.34889327395723024 0.09707063722791778 0.2539850662553152 0.08672227084316293 0.15890968740135875 0.9586892526947945 0.2538178951032738 0.9690376190795493
0 0.4232817938020207 0.1075667338022542 0.346475247223276 0.0993109727783297 0.25368982710711346 0.9625297204296179 0.33049637368585816 0.9707854814535425
0 0.49906450854926077 0.11878141580053139 0.420179236482931 0.11043892971284992 0.3297877939080428 0.9651665810441588 0.4086730659743726 0.9735090671318402
0 0.5858044527069746 0.1363173903621115 0.49937836052570905 0.12457601245151444 0.3846162969217808 0.9693181511909188 0.4710423891030463 0.981059529101516
0 0.6077892449276572 0.20827488924754936 0.5497399874400473 0.2024994496804104 0.47286508290545626 0.9751733000059822 0.5309143403930662 0.9809487395731212
0 0.6609435902324124 0.1629676218806373 0.6127729432881666 0.157264689082439 0.5156794076969465 0.977379284332598 0.5638500546411924 0.9830822171307962
0 0.7057100996518428 0.22426045524002483 0.6381673326573873 0.21781733589522712 0.5652947928104868 0.9817350465220684 0.6328375598049423 0.9881781658668662
0 0.7310779837915883 0.25829022734430274 0.691823817060801 0.2550792406045708 0.6317799921598355 0.989112266855398 0.6710341588906228 0.99232325359513
0 0.7672932326791966 0.20542787117307587 0.7244291553352074 0.20243051956702152 0.669226590621867 0.9918630968728293 0.7120906679658563 0.9948604484788837
0 0.7975523896946807 0.24902186259830975 0.7625591232459088 0.24637555132388772 0.7059930886445773 0.994371578808282 0.7409863550933492 0.997017890082704
0 0.8751775706560861 0.02567647134321415 0.8163221706531573 0.020850251827848325 0.7360917996125683 0.9992538584071406 0.7949471996154972 1.0040800779225063
0 0.9475342372305914 0.17667673637918327 0.8641605949746914 0.16955518222667154 0.7934203278469454 0.9977274601156718 0.8767939701028453 1.0048490142681836
0 1.0238507588416195 0.17637865619226117 0.9342258643717181 0.1701114728517423 0.8762089146594493 0.9997924815131526 0.9658338091293507 1.0060596648536715