0 0.89326008125 0.020901617187500103 0.1499887033527692 -0.018910059350593374 0.1473206848297588 0.03090100052667174 0.8905920627269897 0.07071267706476522
0 0.8994535160521133 0.07215267375552756 0.045064104151710145 -0.010212466743570948 0.04060721659747306 0.03601968332982726 0.8949966284978762 0.11838482382892576
0 0.9164542171448409 0.11990292268244129 0.04261241163541628 0.03081788778865723 0.03684387173613285 0.08740192939287407 0.9106856772455574 0.17648696428665814
0 0.835876406313478 0.16111427751436486 0.04089551886258942 0.08616323942261182 0.033590295731399135 0.1636473265776292 0.8285711831822878 0.23859836466938225
0 0.9089031419779314 0.24674458257964266 0.035403335533578176 0.16720993447749077 0.026742815054760255 0.2623252476456413 0.9002426214991136 0.34185989574779313
0 0.8979251173406672 0.34082530472058864 0.03327419345201182 0.2615910527298205 0.026228860834002533 0.33847388060045375 0.8908797847226578 0.4177081325912219
0 0.8881026157884755 0.4135689359942606 0.03193512973126124 0.3379283968432193 0.024956554941825464 0.416918167418529 0.8811240409990397 0.49255870656957035
0 0.8749823340770732 0.49262830908270666 0.026337466915619723 0.40917067285163256 0.017892403854644585 0.49504489291350984 0.866537271016098 0.5785025291445839
0 0.798299085245101 0.5465780881662763 0.024458335772756412 0.48099682699313745 0.019550411822140477 0.5389089726328968 0.793391161294485 0.6044902338060357
0 0.8441797543693903 0.6056904903768169 0.02140016708184044 0.5384570365608018 0.01743822398800528 0.5869419160156479 0.8402178112755552 0.654175369831663
0 0.7845362483226433 0.6336259590271079 0.019485592486226923 0.5736238567876396 0.014185266901802218 0.6412051149963452 0.7792359227382187 0.7012072172358136
0 0.7479106834650251 0.6967475007804849 0.013446941292489478 0.6398197078517274 0.010375976182618018 0.6794402940476502 0.7448397183551536 0.7363680869764078
0 0.801228518861342 0.726333240310865 0.011243862787759674 0.6775452739009568 0.00860802710352997 0.7202252603750353 0.7985926831771123 0.7690132267849435
0 0.7579907871178252 0.7579963953944151 0.009018635551188148 0.7187444038684366 0.007178698457577654 0.7538524732981537 0.7561508500242147 0.7931044648241322
0 0.9846117640611991 0.8075990110699334 0.004874801630136799 0.7457565488367438 0.001157866398484253 0.8046419602823747 0.9808948288295465 0.8664844225155643
0 0.8368142374416255 0.8601141441193478 0.007497486935171371 0.801787682482399 0.0016408362324498826 0.885060666876081 0.8309575867389041 0.9433871285130297
0 0.837416569322483 0.9284023872323951 0.003083621724643132 0.884676841495099 -0.0016184378027617962 0.9743974640540538 0.832714509795078 1.0181230097913498