0 0.44110631085187757 0.3575385033146946 0.08287183453370384 0.21479133359042094 0.05226381396990951 0.2916044027320799 0.41049829028808327 0.43435157245635353
0 0.5430939711863771 0.3395373549451091 0.10159082696928579 0.22680013784354308 0.09070248836445383 0.2694412092920494 0.5322056325815452 0.3821784263936154
0 0.5383875134885884 0.2969695101657176 0.15020967428659968 0.2033984177285293 0.14054405343206194 0.24349605600691904 0.5287218926340506 0.33706714844410735
0 0.5444033998452316 0.2507854321480723 0.10804089445214746 0.14382480063181918 0.09610254808228705 0.19252913846485759 0.5324650534753711 0.29948976998111065
0 0.5490293634977915 0.19808793424990118 0.10800367784142617 0.1028259162514686 0.09648081412050405 0.1561722444105902 0.5375064997768694 0.2514342624090228
0 0.1596001739775122 0.9999014239067451 0.1254168113427748 0.30364834868029933 0.02217215811493314 0.3087172662146846 0.05635552074967054 1.0049703414411304
0 0.2106548314573232 0.9999112408654158 0.18207744942668175 0.3636111953043332 0.1288230765220534 0.36600294518697835 0.15740045855269486 1.002302990748061
0 0.2577745671005115 0.999975957536202 0.22977844207343315 0.36200397443634913 0.18036795789023366 0.3641722547519203 0.20836408291731204 1.002144237851773
0 0.29123455463239434 0.9999786248469288 0.26275378071771044 0.36738526674818395 0.2281523001805526 0.36894310312391504 0.2566330740952365 1.00153646122266
0 0.3389748703845866 0.9999459617076368 0.313764747679249 0.38809405416817994 0.263168371739728 0.39017877569991505 0.2883784944450656 1.002030683239372
0 0.4060622200573828 0.999937574825639 0.38462013190603084 0.3859164807645902 0.31435046367122893 0.3883703515439988 0.3357925518225809 1.0023914456050478
0 0.4802779606453287 0.9985558666705924 0.4587936672959435 0.3833262838364103 0.3865720640229828 0.38584831813738024 0.408056357372368 1.0010779009715622
0 0.5212358255272234 0.996185981509367 0.49978431300107384 0.3818948587052196 0.45684173340495215 0.38339444619706925 0.4782932459311017 0.9976855690012165
0 0.5687124248186203 0.9956257122581169 0.5388415609336028 0.38318961602278234 0.4953072795293737 0.38531295036272645 0.5251781434143912 0.9977490465980609
0 0.622791072701778 0.9940405238257407 0.5987520240364634 0.3782523701637105 0.5422604809240176 0.3804576788335557 0.566299529589332 0.9962458324955857
0 0.6546823798420036 0.9915078673082272 0.6292033713759866 0.38037904301822084 0.5968320602272903 0.3817286584806757 0.6223110686933073 0.9928574827706822
0 0.7008698780656804 0.9915188707413968 0.6786902328911558 0.35637713606231797 0.6298918532761673 0.3580812135710949 0.6520714984506918 0.9932229482501738
0 0.76828684134177 0.9875419750794407 0.7424181265458835 0.34739330868010226 0.6753989464647867 0.3501015859075214 0.7012676612606734 0.9902502523068598
0 0.9210662595749926 0.35754827260121164 0.917929744696302 0.26773024902418296 0.5333985070345226 0.2811583773687478 0.5365350219132132 0.3709764009457765
0 0.9540296666949566 0.19745899990754687 0.5407698382956048 0.19378540839216749 0.5399800908030076 0.28262787002764056 0.9532399192023595 0.28630146154301994
0 0.9827807186734081 0.12470386430684326 0.5495965515191534 0.11645112068281067 0.5487309620611025 0.1618856653100559 0.9819151292153571 0.1701384089340885
0 0.9770380673104777 0.1984121294680962 0.9769579410196352 0.15933865574121447 0.549033556806375 0.1602161818579798 0.5491136830972175 0.1992896555848615
0 0.8609285638364186 0.9859294996963277 0.8426695683956951 0.4630602922926995 0.750928613012654 0.466263957114318 0.7691876084533775 0.9891331645179461
0 0.9096709338284752 0.9826215284077305 0.8875473065259752 0.3490836871924218 0.8407008598894332 0.35071960103751293 0.8628244871919332 0.9842574422528216
0 0.9439996632143464 0.9814163372553899 0.9184627113140001 0.3510490468006432 0.8848934367383358 0.3524089792767554 0.910430388638682 0.9827762697315021
0 0.9741408057648361 0.9819760399486672 0.9516251117704412 0.33721094626176523 0.9184422125661575 0.3383697186761623 0.9409579065605523 0.9831348123630642
0 1.0100691921192637 0.9810903810049982 0.9948261123818728 0.3389920572398614 0.9499005619660308 0.3400585664050299 0.9651436417034217 0.9821568901701667