0 0.7554165220301641 0.06399278660574596 0.6766554590415712 0.03881753474113105 0.5592451878058053 0.40613690926169205 0.6380062507943982 0.43131216112630694
0 0.744742741425944 0.08350387179393433 0.7014460097334256 0.07561654758119574 0.6197811181840406 0.5239083640126462 0.6630778498765588 0.5317956882253847
0 0.7714789371270008 0.13037186445798996 0.7308047339453263 0.12352685816832745 0.6645394924459235 0.5172863059426742 0.705213695627598 0.5241313122323368
0 0.8279658889583364 0.08415016171251635 0.7785474166372139 0.07563833963428188 0.7022864456895962 0.5183990843159271 0.7517049180107187 0.5269109063941616
0 0.8688622947871597 0.08125309639505092 0.8148421198795003 0.0734795551577502 0.7505765671081455 0.5200760670007232 0.804596742015805 0.5278496082380238
0 0.669743746394119 0.1126324793569072 0.6574851939191121 0.009992914567534738 -0.012090823044352422 0.08996239570082439 0.0001677294306545424 0.19260196049019687
0 0.6138794129933938 0.17333788982180964 0.6077786519105179 0.12038008203945197 -0.005896286525765193 0.19107568555337848 0.0002044745571106288 0.24403349333573615
0 0.6188101714707195 0.22081057187733633 0.6132004718105728 0.1716717007437431 -0.005598612282588705 0.24231388139740956 0.000011087377558044454 0.2914527525310028
0 0.6157422310384133 0.2540809644920855 0.6117745120163139 0.21967243915875087 -0.003928817936423417 0.2906704778877377 0.00003890108567597972 0.3250790032210723
0 0.5986422342767992 0.3064122428578384 0.5930331660381019 0.25608453925028063 -0.0054707356623056366 0.3227883422280909 0.00013833257639166429 0.37311604583564867
0 0.6057571249644058 0.37694312609929115 0.5984074671396489 0.3070158048211445 -0.007349657824756928 0.3706834459093534 2.2204460492503132e-17 0.44061076718750003
0 0.6135150962380831 0.4507553005837702 0.6059612815453563 0.37888555286110076 -0.005708883904071127 0.443174676300128 0.0018449307886555522 0.5150444240227975
0 0.6178023969502804 0.49154624212890774 0.6133109393955245 0.4488128734778093 0.0020125820453541165 0.5130629130135937 0.006504039600110057 0.5557962816646922
0 0.6192352906560432 0.5305986630979491 0.6140803306375154 0.48731854661858637 0.005219783415652435 0.5598380320798657 0.010374743434180178 0.6031181485592284
0 0.6283396524998378 0.5900187843389519 0.622199064871516 0.5338186849373958 0.009587817844378677 0.6007543858440295 0.01572840547270049 0.6569544852455855
0 0.6283423374500821 0.62054430219963 0.6247379010876604 0.588345990631373 0.016875082064711146 0.6563931254510293 0.02047951842713285 0.6885914370192863
0 0.655737807212651 0.6682363305682044 0.650633878144406 0.6196756912344847 0.018586488484256692 0.6861065514714259 0.02369041755250174 0.7346671908051456
0 0.6691451830661301 0.7311823031997905 0.6617684813741991 0.6645152984784948 0.024983694665369316 0.7349755123901371 0.03236039635730035 0.8016425171114328
0 0.7608572542051585 0.9007093709988551 0.7206382977651133 0.5180515312452726 0.6312578590708785 0.527445793160174 0.6714768155109236 0.9101036329137566
0 0.8334755342733274 0.9318194803333958 0.8083126309409007 0.5193100757242526 0.7196314947400975 0.5247195884109874 0.7447943980725243 0.9372289930201305
0 0.9080590129172933 0.9554253544300275 0.8860742546683399 0.5227207192976772 0.8406900058031873 0.5250265918458312 0.8626747640521406 0.9577312269781816
0 0.8719214888804163 0.9521480065429619 0.8429874126745893 0.5252109313247058 0.8038150609655025 0.5278656921203868 0.8327491371713295 0.954802767338643
0 0.5607531450383418 0.8392580578298448 0.5511577580452052 0.7479640549317123 0.030835918877739288 0.8026520875439246 0.040431305870876025 0.8939460904420573
0 0.6775826223902833 0.8760758702284823 0.6726828507357443 0.829457656217459 0.042231541686498356 0.8957207578651575 0.0471313133410375 0.9423389718761808
0 0.6777785996392593 0.9070530629334457 0.6740803055588854 0.8736604251197372 0.047029925450245716 0.943107370934241 0.05072821953061957 0.9765000087479494
0 0.6938962835017966 0.9391693858387761 0.6904256117939432 0.9061481500150885 0.04880174762978916 0.9735855349854152 0.05227241933764236 1.0066067708091029
0 0.6949914245224608 0.9802958355309987 0.6904999673989829 0.9375624690656764 0.11492748413735507 0.9980575656109275 0.11941894126083293 1.0407909320762498