0 0.17779096434500466 0.8985767705597045 0.1362920012900124 0.22352697097851199 0.08283113216333958 0.22681349981557256 0.12433009521833185 0.9018632993967651
0 0.22485057454270768 0.8913932459392532 0.18897654450273332 0.2189310346527067 0.1372311566465551 0.2216915103600794 0.17310518668652944 0.8941537216466259
0 0.28914006866097325 0.8942052831800437 0.26112394588686333 0.21607144019678967 0.18996461481059568 0.21901128544501672 0.2179807375847056 0.8971451284282708
0 0.35747315218380515 0.9034692966959769 0.3553841943493559 0.22107640466630585 0.2646484375 0.22135416718750003 0.26673739533444923 0.9037470592171711
0 0.4571529579884254 0.8943133284777497 0.44713549221389765 0.2692234641472132 0.34123487190160623 0.2709205894727306 0.35125233767613406 0.8960104538032672
0 0.5275945209906682 0.8899722976630249 0.519235714855862 0.17390123933853824 0.44716230375327604 0.1747425632042037 0.45552110988808225 0.8908136215286904
0 0.5859375000000001 0.17708333281250008 0.521484375 0.17708333281250005 0.5214843750000001 0.8893229171874999 0.5859375000000002 0.8893229171874999
0 0.6387104581852124 0.22679906038081507 0.58991510750965 0.22628602515222904 0.5828491914178289 0.8983331562912896 0.6316445420933914 0.8988461915198757
0 0.685546875 0.20572916718750006 0.6328125 0.20572916718750006 0.6328125000000001 0.8997395828125001 0.6855468750000001 0.8997395828125001
0 0.7294921875000002 0.23177083281250005 0.6862114897379699 0.23053979500190339 0.6672756967893709 0.8962824102473774 0.7105563945514014 0.8975134480579741
0 0.7666015625000002 0.2734375000000001 0.7292674133836395 0.27209300298179667 0.7067305534208891 0.8978991439193125 0.7440647025372498 0.899243640937516
0 0.7998046875000001 0.32291666718750006 0.7655317334806182 0.32162804028699443 0.744147702125013 0.8903682420568699 0.7784206561443949 0.8916568689573758
0 0.8762212071614597 0.19871309451752342 0.7366494599680677 0.19072555476850397 0.6970358132380635 0.8829219081559436 0.8366075604314556 0.8909094479049632
0 0.9074669471442312 0.18773036859134629 0.8715534856057694 0.18573517628365394 0.8328455529134615 0.8824779647451922 0.8687590144519233 0.8844731570528847