0 0.788997835005664 0.1461623321127434 0.7875790656045799 0.09261933128732834 0.11149219518075928 0.11053411658969892 0.11291096458184327 0.164077117415114
0 0.7917523080199238 0.198975176772406 0.7907994019525846 0.1471649724237841 0.11749485057642373 0.1595485559328587 0.11844775664376281 0.2113587602814806
0 0.7920922530576185 0.2711784264469953 0.7916376234449297 0.19995984405103637 0.11293913235211891 0.20429237106515968 0.11339376196480781 0.2755109534611186
0 0.786689740625 0.2745164062500001 0.1036050962024538 0.2735019508631441 0.10347165051828806 0.363357748268477 0.7865562949408342 0.364372203655333
0 0.7344062684820318 0.3488314431165854 0.10918205680116988 0.3458417397305305 0.10867383407166811 0.4521242414974832 0.73389804575253 0.4551139448835381
0 0.8267174315004852 0.4584696743487343 0.1107552485910486 0.44776720526278363 0.10967999201090421 0.5196985551340494 0.8256421749203406 0.53040102422
0 0.8216356171382572 0.5326283606191442 0.109535879122395 0.5140750003445537 0.10785602291518177 0.5785498527355325 0.8199557609310439 0.597103213010123
0 0.770299773139018 0.599379693344839 0.09886091995258621 0.5716946814191984 0.0968500462227746 0.6204639849930561 0.7682888994092064 0.6481489969186967
0 0.7894126244496876 0.6429640634021625 0.09573008511559634 0.6208747263387687 0.09405678772053853 0.673422124331458 0.7877393270546299 0.6955114613948518
0 0.7622449801103935 0.6951670036124291 0.09730422001504255 0.6617512358553579 0.09511584771714918 0.705297682242929 0.7600566078125002 0.7387134500000002
0 0.719413846811523 0.7368548560500264 0.09461979176195626 0.6986314440492452 0.09232616838793332 0.7361226614367188 0.7171202234375 0.7743460734375001
0 0.6689101828371823 0.7714500436736027 0.10122846667309868 0.731826203949172 0.09883070883591641 0.7661783337130693 0.666512425 0.8058021734375
0 0.7937197395104424 0.7447747800981961 0.10403596821046635 0.7206905092332129 0.09912822992317867 0.8612298458610494 0.7888120012231548 0.8853141167260328
0 0.8009468606784764 0.8822383939134795 0.10573443798906604 0.8228210682384193 0.10267749810887798 0.8585887934932339 0.7978899207982885 0.9180061191682942