0 0.2387373027607725 0.3067957500632773 0.16825005267578702 0.3061488725398139 0.16251089209099054 0.9315186415379886 0.23299814217597606 0.932165519061452
0 0.23978415497374767 0.24481413480039374 0.19401610615710627 0.24119111847890498 0.18926014246601242 0.30127121723339073 0.23502819128265381 0.3048942335548795
0 0.19073455933037098 0.23366302441256043 0.13012947772636863 0.23173546282411106 0.10876773074938713 0.903376995059394 0.16937281235338947 0.9053045566478433
0 0.35334141405908304 0.0029645526313020866 0.24407942341857222 -0.003673847458254531 0.18700283493326703 0.9357545679342623 0.29626482557377787 0.9423929680238189
0 0.3929761691274534 0.09497652521288366 0.3188026314690525 0.0923863282690723 0.28971971825190834 0.925212018949431 0.3638932559103093 0.9278022158932423
0 0.46928716515782354 0.1035413924948484 0.3930156321271191 0.10012407490463504 0.3557228550923691 0.9324661678837817 0.4319943881230735 0.9358834854739951
0 0.5110360336925248 0.1697597962386119 0.4707564314032638 0.16734410252357837 0.42481880123309984 0.9333143337040127 0.4650984035223609 0.9357300274190463
0 0.5537392254697856 0.14358306699306972 0.5092769927702807 0.14059277758723723 0.456143367857086 0.9306298858520103 0.5006056005565909 0.9336201752578427
0 0.5970142779940368 0.227417563833532 0.5627533851049997 0.2249331101239606 0.5137430657756592 0.900790862889138 0.5480039586646963 0.9032753165987094
0 0.6506093310216948 0.13542559140891902 0.5775388787173922 0.12952285178507408 0.511160677836011 0.951223531577041 0.5842311301403136 0.957126271200886
0 0.6732688029914263 0.1416686837442963 0.6496716191931603 0.13947886421174963 0.5748036967084724 0.9462449475386915 0.5984008805067385 0.9484347670712381
0 0.697444805002448 0.23091747800875959 0.6838789549354151 0.22950322191508662 0.6574536973993101 0.4829800026207175 0.671019547466343 0.48439425871439035
0 0.6976643822460328 0.14009854667457733 0.6707750303835073 0.13755101018344643 0.5929998288422083 0.9584714435918166 0.6198891807047338 0.9610189800829476
0 0.7547958347026977 0.33486757969144004 0.7039529301055907 0.33064634990708813 0.6563950402216788 0.9034607622309399 0.7072379448187858 0.9076819920152916
0 0.8082798027650206 0.23455544059258818 0.7087311070574148 0.23107912236152953 0.6851921155852974 0.9051474163359143 0.7847408112929031 0.908623734566973
0 0.8372516080062926 0.17603531246995932 0.8151021717168312 0.1738727774702285 0.7425625431469927 0.916848905795941 0.7647119794364541 0.9190114407956719
0 0.7836977249106354 0.8825297678096051 0.7680822425709364 0.881984463206256 0.7663100027147646 0.9327347778117023 0.7819254850544636 0.9332800824150513
0 0.8525557262818155 0.17389452844313893 0.8327902781694748 0.17211086249927146 0.7728532838247293 0.8362943974284693 0.7926187319370701 0.8380780633723367
0 0.7996931768279923 0.8840721791792507 0.7853672694399843 0.882493329546533 0.7788242891741353 0.9418619529972512 0.7931501965621435 0.9434408026299689
0 0.8745198170013658 0.1746273866935824 0.8509015000754052 0.17225292071860127 0.7870079966188168 0.8077882495243358 0.8106263135447774 0.810162715499317
0 0.816698855375904 0.8888937007575466 0.7971795038813149 0.8882120698027677 0.7948165164903093 0.9558791573065738 0.8143358679848985 0.9565607882613527
0 0.8963341447495177 0.167575741905971 0.8734005060899879 0.1652739672854913 0.8124676487920122 0.7723760351122888 0.835401287451542 0.7746778097327686
0 0.8347310715156242 0.9108130338447211 0.8182519710928217 0.9084631607005633 0.8114667119151766 0.9560465664946832 0.8279458123379791 0.958396439638841
0 0.9146900882367348 0.16829995608386064 0.8943992990295122 0.1661443235573999 0.8337768269641908 0.7367785976272052 0.8540676161714134 0.7389342301536659
0 0.8470580368774258 0.9190710237302124 0.8319246813044232 0.9179103096479139 0.8279450903310142 0.9697960980209226 0.8430784459040167 0.970956812103221
0 0.9394537696957354 0.16653787059079778 0.9134147827600787 0.16361031319097105 0.8519920714394973 0.709931002829339 0.8780310583751539 0.7128585602291657
0 0.9488250203425277 0.16720782570448478 0.9359088951222369 0.16564501041474508 0.8949851733543207 0.5038653479715879 0.9079012985746117 0.5054281632613276