0 0.7564793355244221 0.09351853009887404 0.2424198006622876 0.06444555722184701 0.2412230767293059 0.08560566874360617 0.7552826115914404 0.11467864162063321
0 0.7333224532321402 0.10901608148138649 0.2426289211150061 0.08352614180890516 0.23720225393800076 0.18799208087833508 0.7278957860551348 0.21348202055081641
0 0.6545735804580244 0.12529072984362125 0.24476897767631084 0.1035190491323564 0.2432478331386665 0.1321512912311659 0.6530524359203801 0.1539229719424307
0 0.6685441740594442 0.1536604511158141 0.24229898930006472 0.12601137928051998 0.23859244715447753 0.18315238390721061 0.6648376319138569 0.21080145574250478
0 0.4073453366968171 0.17962068989515875 0.2671220318447396 0.16958586640250875 0.2662366982729225 0.18195722494485003 0.40646000312500014 0.19199204843750003
0 0.6392643875880578 0.1967812337190126 0.412356527198633 0.18164795388716165 0.41148076437256415 0.19477911060136277 0.638388624761989 0.2099123904332137
0 0.6360465634395933 0.24160758229475973 0.2378197547175016 0.21079711758861897 0.23634113588682837 0.2299083404757583 0.6345679446089202 0.26071880518189905
0 0.7328922417897213 0.26165199514077936 0.2780431200501231 0.2316676869350295 0.2760021548091844 0.26262825607579104 0.7308512765487827 0.2926125642815409
0 0.7394088735639093 0.2900002919020176 0.23101335212975913 0.25702242256645935 0.22723116798929474 0.31532956966216547 0.7356266894234448 0.3483074389977237
0 0.7161416202123898 0.3242181677736543 0.2297978249659199 0.28659016973655016 0.2277929181734697 0.3125036923638811 0.7141367134199396 0.3501316904009853
0 0.73440322667736 0.364945243617243 0.22233093719044666 0.32141190553196397 0.21627099985656967 0.3926935053630361 0.7283432893434829 0.4362268434483151
0 0.6256352052404731 0.38679437260019556 0.22846704989017935 0.3510828694743643 0.22580008445888433 0.3807437251655455 0.622968239809178 0.41645522829137677
0 0.6247043085054332 0.4169377551227229 0.2326742018643583 0.3618415070722766 0.22587863907006875 0.41019444036988 0.6179087457111437 0.46529068842032634
0 0.5897597052768618 0.43882932361083044 0.24542839358808072 0.4015134309507844 0.24279190618465968 0.4258415416070494 0.5871232178734408 0.46315743426709544
0 0.5864594237447253 0.4601581488649562 0.2214613104278796 0.42178003873526027 0.21910213959823538 0.4442171232842984 0.5841002529150809 0.48259523341399435
0 0.5861904649935659 0.4817566095213367 0.2161388522637882 0.44117281323739405 0.2130413787629762 0.4694162298055168 0.583092991492754 0.5100000260894595
0 0.5868462377908644 0.5163752685399425 0.22246159941500127 0.4714113834036082 0.2196480970814207 0.49421183819711445 0.5840327354572838 0.5391757233334487
0 0.5829120089950016 0.5077100821912351 0.22592865906709378 0.46520648961960875 0.22478409920815956 0.47481953143358757 0.5817674491360674 0.517323124005214
0 0.5910173320922719 0.5443487505574136 0.20414551207116852 0.48997747899279875 0.20033999770290617 0.5170551291451685 0.5872118177240095 0.5714264007097833
0 0.5918327972848599 0.538546410773233 0.20754012613752168 0.4845376009788014 0.20590919132205093 0.4961423058239923 0.5902018624693893 0.5501511156184239
0 0.6112410839517928 0.5710527202679327 0.20393114048565758 0.4947456750101614 0.19928240401436897 0.5195595907228354 0.6065923474805042 0.5958666359806067
0 0.6098804807220981 0.5785569175669419 0.19205891761106478 0.5198359272724467 0.1904279827633041 0.5314406318935045 0.6082495458743374 0.5901616221879997
0 0.6085929405039767 0.5889164753118303 0.19440737444144268 0.5220036833126737 0.1916813113840432 0.5388778255628641 0.6058668774465772 0.6057906175620208
0 0.6097414015289252 0.5982605655653825 0.1970781295249974 0.5402645258577521 0.19354443740156974 0.5654080522305762 0.6062077094054976 0.6234040919382068
0 0.6656102822687547 0.6321062106899846 0.1865423479799344 0.5595361101062659 0.18444046202822964 0.5734116063904725 0.6635083963170499 0.6459817069741913
0 0.6677673485444529 0.6559766431557904 0.1851641393430467 0.5701656832898593 0.18222143354500422 0.5867155420035914 0.6648246427464104 0.6725265018695226
0 0.6640242225375028 0.6443159156548567 0.18597531013891394 0.5641028649798547 0.1833676717218443 0.579643711496959 0.6614165841204332 0.659856762171961
0 0.6610404025205996 0.6657972258719769 0.18319812380527767 0.5835585071430404 0.18102547346192802 0.5961825388274316 0.6588677521772499 0.678421257556368
0 0.6598610157238758 0.6744708482542594 0.1820763173997801 0.591869987688247 0.17973789069971965 0.6053960513125902 0.6575225890238153 0.6879969118786027
0 0.5582589629237167 0.6672048118389796 0.19360350932053047 0.6047542611587617 0.1909935349219371 0.6199941811890145 0.5556489885251233 0.6824447318692324
0 0.6023958581739668 0.6879549127842619 0.18973258788143335 0.6299588692761475 0.1842961382948258 0.6686412160275442 0.5969594085873593 0.7266372595356586
0 0.5805426615681069 0.6750220487751544 0.17819597180765867 0.618475910426328 0.1735749899000815 0.6513559059175709 0.5759216796605297 0.7079020442663972
0 0.6002031310645665 0.7258540203896453 0.18706770202252387 0.6501364619755148 0.18425338182450357 0.6654921523440755 0.5973888108665462 0.7412097107582062
0 0.6129779272991491 0.724943877156127 0.18226063698248648 0.6644105088325334 0.17709601006818443 0.7011587383071134 0.6078133003848472 0.761692106630707
0 0.6146067344549697 0.7568855320784328 0.18255183450080378 0.6818223091819224 0.17749636710753033 0.7109209726090672 0.6095512670616963 0.7859841955055777
0 0.5489709128465307 0.771654411058082 0.19272679779035765 0.7032972985839976 0.19037417404153636 0.7155580324729065 0.5466182890977094 0.783915144946991
0 0.5477702448015132 0.7795585786806651 0.21414021847681228 0.7189244938218743 0.21177227830953518 0.7319537321155473 0.545402304634236 0.7925878169743379
0 0.5490333442643125 0.7889851287925166 0.2126317064246248 0.730470584673167 0.21010092957822044 0.7450200866636584 0.5465025674179081 0.803534630783008
0 0.5013899909169497 0.7938101972605536 0.17582439170730552 0.733318519677229 0.17020511093338686 0.7635614321798305 0.49577071014303103 0.8240531097631549
0 0.6982224749971094 0.7546750938506893 0.17465595222063518 0.6810925903492254 0.15807477598032396 0.7990737458492002 0.6816412987567982 0.8726562493506641
0 0.6845566372915382 0.8728191282102206 0.15160823182127167 0.7899102847045489 0.14738193017892715 0.8170774797356772 0.6803303356491937 0.8999863232413489
0 0.6919024234730731 0.8938477148075099 0.14535782591466492 0.8148464391726813 0.14194490465839305 0.8384576234164622 0.6884895022168013 0.9174588990512907
0 0.7131283560211775 0.9106108963954963 0.13282063184087275 0.8290539436537602 0.1241223104402626 0.8909457005976632 0.7044300346205674 0.9725026533393993