0 0.3944456538227207 0.17537016508144532 0.3550409119273873 0.1747470584192356 0.3446122785196844 0.8342450748491486 0.38401702041501773 0.8348681815113581
0 0.35154021870693103 0.25174415647313564 0.2921849862742433 0.2511732529065695 0.2865297832222368 0.8391287523350586 0.3458850156549246 0.8396996559016248
0 0.4307119879697683 0.1861508450821009 0.398749678287356 0.1852380028645488 0.3810699195071763 0.8042780892858504 0.4130322291895885 0.8051909315034024
0 0.45139885403552327 0.15652756326651235 0.4284218164989995 0.15580276496773304 0.40795935698328495 0.8044890286827874 0.4309363945198087 0.8052138269815666
0 0.4696343447443362 0.15816364688889617 0.4488942783219728 0.15747856161458015 0.4275610984712432 0.8033128594632757 0.4483011648936066 0.8039979447375917
0 0.491061439150307 0.14376291871968702 0.4690173351421148 0.14293288727467335 0.44411581347929197 0.8042713664312814 0.46615991748748425 0.8051013978762951
0 0.5731191750546197 0.180581394699829 0.4911290626565069 0.1762136106452094 0.45876452404179646 0.783746429472782 0.5407546364399093 0.7881142135274016
0 0.6491811036325121 0.1867359353318721 0.5771247697353712 0.18146710206569294 0.5314499552615086 0.8061138722614245 0.6035062891586496 0.8113827055276037
0 0.7214982181028013 0.19060246751454427 0.6516560858157651 0.18354079705049334 0.5895320706212444 0.7979667617716771 0.6593742029082806 0.805028432235728
0 0.802252815450586 0.21331378617319588 0.7228629376013954 0.20434926897249622 0.652981071706553 0.8232239582677625 0.7323709495557437 0.8321884754684621
0 0.8287372981918253 0.22850141219818737 0.8017108816073018 0.2251226810412538 0.7249982978999845 0.8387454134372598 0.752024714484508 0.8421241445941934
0 0.8794481214401845 0.21347667233195927 0.8289367565384735 0.2073544307753747 0.7462679312383118 0.8894110210190579 0.7967792961400229 0.8955332625756425
0 0.9130265117662246 0.21094877353159003 0.8793752957458458 0.2067327594722097 0.7920625126707898 0.9036425143298649 0.8257137286911685 0.9078585283892451
0 0.9399543690040912 0.21528992733840707 0.9115676273069864 0.21138359891872324 0.8161020269556907 0.9051187504425762 0.8444887686527955 0.9090250788622599
0 0.9603181237047155 0.21403162839783735 0.9372990944999531 0.2108002376489709 0.8404781040967719 0.9005110708271251 0.8634971333015343 0.9037424615759916
0 0.9772659921006677 0.2232098259019641 0.9574915790183345 0.2203516917771274 0.8600841423720557 0.8942790882546372 0.8798585554543887 0.8971372223794738
0 0.9911559893113028 0.22127989976805643 0.9723178144947207 0.21859272853539685 0.8761426842686122 0.8928199211262495 0.8949808590851942 0.895507092358909