0 0.5441241010235753 0.5235655577133327 0.5371209470434739 0.4467667243023297 0.10918108795401857 0.4857898265334241 0.11618424193412 0.5625886599444272
0 0.7640072456851824 0.3342772396745588 0.7574546076177237 0.2745466950627026 0.3135341228206586 0.3232462387636413 0.3200867608881173 0.38297678337549745
0 0.7657688144200044 0.3644636847415492 0.7622180687106741 0.3320968772339335 0.3342002044445704 0.3790518509273382 0.3377509501539007 0.41141865843495384
0 0.9307456579177769 0.484429247529369 0.9255271572386553 0.4305714213467059 0.5408994543703982 0.46783954133765204 0.5461179550495199 0.5216973675203151
0 0.9379112887176764 0.5203628772301068 0.9344001200252403 0.482817327590557 0.5373923794903206 0.5199445280871118 0.5409035481827564 0.5574900777266616
0 0.9377361570743448 0.43760355524745054 0.9332960883871181 0.3993601287482959 0.5377540060837623 0.44528263556536657 0.542194074770989 0.48352606206452114
0 0.541409179735915 0.5605115109575226 0.5379006302774663 0.5216679431241347 0.12512858910599656 0.5589516223094975 0.12863713856444522 0.5977951901428854
0 0.5672983946996096 0.5938335927778405 0.5636258747258502 0.5571585946170057 0.13580269029818065 0.5999994744762943 0.13947521027194004 0.6366744726371292
0 0.5511232105306189 0.6268852605658183 0.5482000212618163 0.5939639547561002 0.14328497070891794 0.6299176723089285 0.14620815997772052 0.6628389781186466
0 0.5645113686926386 0.6577895668639744 0.5596052905989123 0.6130682341537773 0.1503064003305573 0.6579696759856803 0.15521247842428368 0.7026910086958773
0 0.5693379025663925 0.6921945609857592 0.5656389645399758 0.6567186763355787 0.16347599213326416 0.6986507078020413 0.16717493015968088 0.7341265924522217
0 0.9243497252926014 0.5503030314201245 0.9214114334659191 0.51913739236194 0.5630692879720771 0.5529218366755844 0.5660075797987594 0.584087475733769
0 0.9577364421594241 0.600670794461575 0.9517279677095839 0.5430445453668366 0.5640377411162405 0.5834675619180134 0.5700462155660807 0.6410938110127518
0 0.9299101826955335 0.6283848865785446 0.9273335867819286 0.602974266944738 0.5639981374636488 0.639815896447379 0.5665747333772535 0.6652265160811857
0 0.9294695590843091 0.6580968639571043 0.9265347007460445 0.6274186981087725 0.5658711364434803 0.6619219495167804 0.5688059947817448 0.6926001153651122