0 0.06314666097343735 0.9997220350078695 0.0585123449127334 0.09345578293091085 -0.0026011138316797354 0.09376829493578284 0.0020332022290242297 1.0000345470127416
0 0.08062646052718687 0.9992408105660416 0.04972483858313594 0.22168204964290253 0.024374252665301112 0.22268952877047749 0.05527587460935204 1.0002482896936165
0 0.1272021549605316 0.9982900998452772 0.09309235665048866 0.11668300506262992 0.043398227938022324 0.11860569456638606 0.07750802624806528 1.0002127893490333
0 0.18597932409501605 0.1089382439653513 0.09407924742213448 0.10706979361356042 0.07594789498373546 0.9988637220285232 0.16784797165661702 1.0007321723803142
0 0.26001740176704546 0.07328499512785075 0.1839340670517797 0.07242215489023046 0.1734201142210539 0.9995191509770823 0.2495034489363197 1.0003819912147027
0 0.2858531526560336 0.9991805553469707 0.26338297375413505 0.09637870119905372 0.22462103473302936 0.09734346184989529 0.24709121363492786 1.0001453159978122
0 0.31213116395843155 0.9980324892604455 0.2987048938153863 -0.0004841925781230931 0.25955609546079794 0.000042210587737372826 0.2729823656038432 0.998558892426306
0 0.4140625 0.11458333281250004 0.298828125 0.11458333281250004 0.29882812500000006 0.996527778125 0.4140625000000001 0.996527778125
0 0.4237604933765688 0.9997127927773203 0.4158889685679811 0.22538798174375368 0.3823363365264103 0.22572906648202534 0.390207861334998 1.0000538775155918
0 0.4765885862570225 0.9999048695700334 0.474560414550597 0.06243883601722174 0.4159669388012171 0.06256560074836155 0.4179951105076426 1.0000316343011733
0 0.5312500000000001 0.09722222187500007 0.474609375 0.09722222187500007 0.4746093750000001 0.996527778125 0.5312500000000002 0.996527778125
0 0.5488475636230778 0.11806216534738478 0.5315263109718913 0.11802334779912818 0.5295536786856976 0.9982557105224561 0.5468749313368841 0.9982945280707127
0 0.5957433924476554 0.15988397586368924 0.5489186771159489 0.15966264054966778 0.5449466900441517 0.9999585723597237 0.5917714053758583 1.000179907673745
0 0.67578125 0.04861111093750008 0.59375 0.04861111093750008 0.5937500000000001 0.9982638890625 0.6757812500000001 0.9982638890625
0 0.7709578675148605 0.1043151631868349 0.676279663384014 0.10208685817282889 0.6552055193983758 0.9975038202197295 0.7498837235292223 0.9997321252337356
0 0.8773000624003927 0.0418722271854645 0.7219880640849315 0.03837770721987207 0.7004671231061507 0.9948639719869746 0.8557791214216118 0.998358491952567
0 1.0190028381332625 0.0611483343379397 0.8799052599333118 0.052863846229433485 0.8237967743271828 0.9949322470840279 0.9628943525271335 1.003216735192534
0 0.21240491021507119 0.9988433525261605 0.186555107885214 0.15851961800319428 0.1405018854999406 0.1599362942749743 0.16635168782979778 1.0002600287979404