0 0.8525830315837221 0.1411354312246296 0.1405629687278864 0.11524493503471131 0.13666108963884366 0.22255134484071387 0.8486811524946793 0.24844184103063216
0 0.6883079584487796 0.19035182651683072 0.1671308767361278 0.17651757127512016 0.16590053093994864 0.22286831588309713 0.6870776126526004 0.2367025711248077
0 0.7682994980538688 0.23773604195734704 0.17118443818487408 0.21757403293521826 0.17031001596657866 0.24347079127190896 0.7674250758355733 0.26363280029403774
0 0.7351632443404073 0.26177681530719743 0.1747336818119569 0.21274558781817846 0.16707350996515177 0.3003017632771594 0.7275030724936021 0.3493329907661784
0 0.6133723711190538 0.30596057940701743 0.2066025095496094 0.2930311636444725 0.2058475841711876 0.31678172572056196 0.612617445740632 0.32971114148310693
0 0.6531949159518422 0.32888139117018883 0.19695075187008246 0.3138295379582166 0.19581096520558838 0.3483781750363421 0.652055129287348 0.3634300282483144
0 0.6233414407540558 0.34007065627446387 0.1931700865540572 0.3266954682861372 0.19242618695727215 0.3506206869235985 0.6225975411572707 0.36399587491192514
0 0.6785324025062581 0.36386646643083415 0.18639746217192585 0.34413933162353194 0.18514167369221815 0.37546762103658565 0.6772766140265505 0.39519475584388786
0 0.6589283335854994 0.38388580530294886 0.19229944507845825 0.36812975342556187 0.1914438276942106 0.39346959059452885 0.6580727162012516 0.40922564247191584
0 0.7048245494062525 0.41075527534569406 0.17570270176590233 0.38859920032904527 0.17209128500009885 0.4748455011871795 0.7012131326404489 0.49700157620382834
0 0.7612919467715855 0.49851857373802133 0.14952192909057943 0.4685369503008895 0.14788948484908243 0.501846702342102 0.7596595025300885 0.5318283257792339
0 0.7479552029171825 0.5283418636609938 0.12287808488641205 0.499268671630793 0.12149152854924442 0.5290797992951973 0.7465686465800149 0.5581529913253982
0 0.639171352752998 0.549819079568751 0.17029679145587828 0.5298330290794309 0.16899589323658396 0.5603522195613011 0.6378704545337036 0.5803382700506212
0 0.6619344620019034 0.5811271324636301 0.17360504537058236 0.553125379586678 0.1709093454421831 0.6001363499081747 0.6592387620735043 0.6281381027851268
0 0.6779376419251426 0.6188680502233672 0.17037455157116765 0.5958589375354525 0.16602456188205678 0.6918163192719813 0.6735876522360318 0.714825431959896
0 0.5991606131523061 0.7106157479688759 0.18662218381157675 0.6745233141311294 0.18389856706729493 0.7056543976946057 0.5964369964080243 0.7417468315323522
0 0.6124166200154173 0.725003109440044 0.1637476661411203 0.7068528163226475 0.16128822365930298 0.7676493818818744 0.6099571775335999 0.7857996749992708
0 0.6621853182834234 0.7316436622989568 0.14723122302339178 0.7084164143961844 0.14265280237553296 0.8099211846688853 0.6576068976355647 0.8331484325716577
0 0.666614262819895 0.8361129017055544 0.13991425661739018 0.790032618942202 0.13685018722397413 0.8250550899805227 0.6635501934264789 0.8711353727438752
0 0.6248016994907062 0.8657847310800637 0.16556080738432266 0.8256063582778974 0.16385854664853472 0.8450632870776318 0.6230994387549181 0.885241659879798
0 0.5948845985448925 0.8828168752039313 0.16950103657461435 0.8411933930100701 0.16599939199839492 0.8769794917234982 0.591382953968673 0.9186029739173593