0 0.8203381637436733 0.10712259583440628 0.8108502678713331 0.03538184637988915 0.15935038314408653 0.12154435672629442 0.16883827901642667 0.19328510618081157
0 0.8955639028137027 0.19020838669826018 0.8884114689470574 0.10126756281704181 0.16819250731144153 0.1591860558982662 0.1753449411780869 0.24812687977948453
0 0.8322065576634239 0.2463087991795422 0.8237152290589821 0.17154840190108014 0.16926290447028136 0.24588147056208037 0.17775423307472332 0.32064186784054244
0 0.8327940611941933 0.32383592272552436 0.8257632974027114 0.2508403211818208 0.17878611339608969 0.31315563420112985 0.1858168771875715 0.3861512357448334
0 0.842052828651596 0.4166036168475996 0.8352498767809369 0.3330055957064247 0.217027416815969 0.3833146530631758 0.22383036868662826 0.4669126742043507
0 0.8778620046912614 0.49586273183810786 0.8751625630748755 0.44125759473526516 0.20142228112246566 0.4745643979452369 0.20412172273885157 0.5291695350480796
0 0.799052589217921 0.5352338009189996 0.7976008214015919 0.5020636638079975 0.2016204866484539 0.5281481224360777 0.20307225446478303 0.5613182595470798
0 0.7986003565044026 0.5765900681370406 0.7976104297420905 0.5373424129118788 0.20320804442463264 0.55233476915411 0.20419797118694474 0.5915824243792718
0 0.8176404842642043 0.5987795071922547 0.8167407679172545 0.561975982235919 0.21770413101989364 0.5766203146817326 0.2186038473668434 0.6134238396380682
0 0.8070900976292481 0.6904078491329892 0.8065192731750382 0.6666172665912538 0.2774627874411388 0.6793112970625742 0.2780336118953487 0.7031018796043098
0 0.8553692834671663 0.720166144224619 0.8539517488985983 0.6752221215417419 0.28471727420527854 0.6931757780533538 0.2861348087738466 0.738119800736231
0 0.8604336086336224 0.7695418576783657 0.8597365812120724 0.7201569011258362 0.2855783893895488 0.7282606645377189 0.2862754168110987 0.7776456210902485
0 0.8101682841572939 0.8226044938303223 0.8099878896612372 0.7700608968074361 0.2878704647909056 0.7718534484232089 0.2880508592869623 0.8243970454460952
0 0.8047782265128001 0.8207448576631073 0.292062939376466 0.819285089279815 0.2919819925219603 0.84771609944945 0.8046972796582944 0.8491758678327423
0 0.7781988222655046 0.8470969807789445 0.28630635847388575 0.8449339796149806 0.2861473391066299 0.8810968951294271 0.7780398028982487 0.883259896293391
0 0.8756611903753961 0.8818725595966989 0.28277383272184325 0.8760886204746695 0.28240946477733436 0.9134384513210483 0.8752968224308872 0.9192223904430776
0 0.8773324987667864 0.919966018879971 0.2817322820769788 0.9074342617306499 0.2811104244516753 0.9369894575398066 0.8767106411414829 0.9495212146891276