0 0.835325346332238 0.01677701819499506 0.1691753990089232 -0.026512796745399005 0.16456209848954645 0.04447734036192937 0.8307120458128614 0.08776715530232344
0 0.7587357967465584 0.051798125428149565 0.17635562004968744 0.011098334299622642 0.17040291991914133 0.09627652459802565 0.7527830966160124 0.13697631572655258
0 0.789324112458214 0.3708578913429771 0.7013563972505688 0.07268214844857342 0.610118024747395 0.09959926481243067 0.6980857399550401 0.3977750077068343
0 0.6537422056049954 0.06047519135322412 0.1723191718034007 0.03354528091771024 0.1699503654140841 0.07589217104807987 0.6513733992156789 0.10282208148359376
0 0.6425704834631979 0.1006539201465183 0.17107425851818575 0.07042698326390098 0.16780860295834824 0.1213664573632279 0.6393048279033604 0.15159339424584523
0 0.6404611518965965 0.1493474467488936 0.17189556411267432 0.11961165016971083 0.1703804731434282 0.14348588836812232 0.6389460609273503 0.17322168494730508
0 0.6662430282826268 0.17383321268462412 0.17385661955690715 0.1398144008712227 0.1703096112402242 0.19115360390840103 0.6626960199659437 0.2251724157218024
0 0.6325414258139866 0.22106645128665398 0.1695945128031871 0.1888732211776184 0.16829028183559633 0.20762839728931165 0.6312371948463958 0.2398216273983472
0 0.6968445562456965 0.23682072255226774 0.17147316083257294 0.20584104934682523 0.17058952143459266 0.22082632244768385 0.6959609168477162 0.25180599565312634
0 0.6993444643043553 0.24514384753843674 0.16896405422771324 0.20596132926002242 0.1679500816546196 0.219686613206872 0.6983304917312616 0.25886913148528634
0 0.6965347667479876 0.25239081131369107 0.15802798478089286 0.2184560871329621 0.15684142737611145 0.23728544924196454 0.6953482093432062 0.27122017342269344
0 0.6935336671213783 0.2693256120684603 0.5734918199755135 0.26121049903035476 0.5717801719724057 0.2865298491110969 0.6918220191182705 0.29464496214920244
0 0.25036128993069245 0.25871887739114274 0.1800828393000974 0.2562647007179087 0.17987835010702424 0.2621205071953392 0.25015680073761926 0.2645746838685733
0 0.6560933147559715 0.2866151901901257 0.258280102631761 0.2597220763746825 0.2576618485728716 0.2688675265729548 0.6554750606970822 0.29576064038839806
0 0.6763571974549311 0.31495729126784894 0.15920642749465475 0.27332800561114945 0.15580021522217238 0.31564257506807003 0.6729509851824487 0.3572718607247695
0 0.5851416666630065 0.32978355697737743 0.16049571235777788 0.2983260287842349 0.15834050575534664 0.32741921623352216 0.5829864600605753 0.3588767444266647
0 0.573601949155845 0.3555204046793084 0.15974973667797268 0.3240510141079118 0.1576817077805011 0.35124754760115023 0.5715339202583734 0.3827169381725468
0 0.7654882775074187 0.8143236105017779 0.6495253329003334 0.34902896085059915 0.5784382442080482 0.36674562304407676 0.6944011888151334 0.8320402726952555
0 0.5669944333382816 0.38029270794328907 0.15626977901715747 0.34830173376157836 0.15481943266912324 0.3669223921716252 0.5655440869902474 0.39891336635333585
0 0.509861393761345 0.38759082738201805 0.15315647359221624 0.3610190954512019 0.151294654880257 0.38601256959688257 0.5079995750493858 0.41258430152769876
0 0.5088565556030825 0.41011073211916893 0.15228317806013747 0.38408533815699747 0.15063405090486887 0.4066799947684071 0.507207428447814 0.43270538873057857
0 0.6200194898148683 0.4377216277056791 0.1334240675411653 0.4041029122853149 0.13148544397773027 0.43216244221333866 0.6180808662514333 0.46578115763370287
0 0.5593530503924284 0.4587887014380313 0.1507277080187692 0.43055692476520446 0.1490948615936418 0.45419066334438113 0.557720203967301 0.48242244001720797
0 0.5584017704960738 0.4786792315846437 0.1524466621616523 0.4520488579564909 0.15136697544461772 0.468507670900732 0.5573220837790391 0.49513804452888477
0 0.5861742394447302 0.4932376935997739 0.5237045045093032 0.49105619587000343 0.5231591981788299 0.5066716794244411 0.585628933114257 0.5088531771542115
0 0.5706368660724507 0.5068926787256073 0.15418907031234805 0.47902972426302626 0.15234243082748034 0.5066301334037548 0.568790226587583 0.534493087866336
0 0.5802852906724282 0.5331373900784235 0.1532505362364193 0.5051242059385259 0.1513754281722125 0.5337084721090785 0.5784101826082214 0.561721656248976
0 0.605051866324694 0.5608973866032632 0.15228490244325113 0.5324835692940223 0.15117530290561618 0.5501647561726272 0.603942266787059 0.578578573481868
0 0.5502790582688257 0.5730227346321882 0.1571179324761471 0.5452188563451175 0.1552033748421524 0.5722916850708265 0.548364500634831 0.6000955633578974
0 0.5702458072028389 0.5997097714149209 0.14607173492509823 0.572791120868904 0.1438084897044029 0.6084544963484565 0.5679825619821436 0.6353731468944733
0 0.5612441464334957 0.633443086586486 0.14453403346183655 0.6067284105190137 0.14250163906881874 0.6384308086681956 0.5592117520404779 0.6651454847356677
0 0.49986456436079474 0.6588744439828005 0.14602223837832715 0.6373486093476879 0.14501653466052802 0.6538803977214025 0.4988588606429956 0.6754062323565151
0 0.49162526347600605 0.6722038165936393 0.14552594862569748 0.6525799085182885 0.14442376344248622 0.6720187244403182 0.4905230782927948 0.6916426325156689
0 0.5672295220230568 0.6626015786348463 0.145558815052009 0.647876511285881 0.14351392237783955 0.7064345687237329 0.5651846293488874 0.7211596360726982
0 0.5809090967858286 0.7356170780707221 0.12530956428215018 0.7112554658627374 0.1231559431495683 0.7515314858903752 0.5787554756532467 0.7758930980983599
0 0.5819987165114695 0.7706204889265511 0.1367905161871004 0.7506736501271137 0.13535622529159946 0.7826866460082262 0.5805644256159685 0.8026334848076637
0 0.6072927686140406 0.8028752500554976 0.13855585164089734 0.7787672540109539 0.13565688161575412 0.8351325474792486 0.6043937985888974 0.8592405435237922
0 0.6518585383455574 0.8622904083857597 0.13150381861720248 0.8335524703562427 0.13028441364481455 0.8556321036267495 0.6506391333731695 0.8843700416562663
0 0.6484353248117815 0.8808020346268105 0.13069941344441868 0.8517641623774395 0.12998326622709946 0.8645328366469537 0.6477191775944623 0.8935707088963246
0 0.6507082819295922 0.8904033259564113 0.13296584039851994 0.8615173929467055 0.13218325658881042 0.8755441807331886 0.6499256981198827 0.9044301137428944
0 0.6530220956958283 0.9009270920090978 0.12992560151078023 0.872834934861797 0.12880247427226874 0.8937483847584543 0.6518989684573168 0.9218405419057552
0 0.6393435305523593 0.9183817238441009 0.12678430805917743 0.8919257794093636 0.12587386429080274 0.9095647773741895 0.6384330867839846 0.9360207218089268