0 0.8164759541776674 0.3720577468180991 0.8143488071183083 0.3327055262199563 0.15572983051256373 0.368306551982429 0.1578569775719228 0.40765877258057176
0 0.7372950737601718 0.3345844068293703 0.7337241748823125 0.2753339364539016 0.14680641924571844 0.3107062118420493 0.15037731812357766 0.36995668221751793
0 0.8082513467756843 0.40898775978978785 0.8069323873717422 0.37703963194679346 0.18816697358053538 0.4025849930197417 0.1894859329844774 0.43453312086273604
0 0.8392455104916573 0.42755781823531025 0.838365746089426 0.4045861921574992 0.18983226023273453 0.42942364478619155 0.19071202463496578 0.4523952708640026
0 0.8388854553606526 0.44586301621543933 0.8381221178790558 0.4251256812732779 0.19237291360201597 0.4488955906040033 0.19313625108361293 0.46963292554616476
0 0.8547457825275948 0.46623337071684184 0.8540360731065724 0.4441850647226673 0.19257153922062611 0.4654768415827656 0.19328124864164864 0.4875251475769401
0 0.8237410529450507 0.5506595441990284 0.8223788560110862 0.4685644755727817 0.21406832133060255 0.4786581238162908 0.2154305182645671 0.5607531924425375
0 0.8229166671874999 0.5546875000000002 0.19661458281250008 0.5546875000000001 0.19661458281250008 0.6269531250000001 0.8229166671874999 0.6269531250000002
0 0.8256853690675647 0.6289689467504566 0.207362581317051 0.6247910900764666 0.2068876374305953 0.6950827852719129 0.825210425181109 0.699260641945903
0 0.8097852796077275 0.7015588148931744 0.18788513341599622 0.6808288100201165 0.18522171545505003 0.7607313488485017 0.8071218616467813 0.7814613537215596
0 0.7951808787316946 0.7817554434663133 0.17759386651276501 0.7506166024617641 0.17623684566072098 0.7775308493154033 0.7938238578796506 0.8086696903199526
0 0.8148828414315099 0.8078943995907517 0.1287313358869843 0.7728071066297935 0.12613681210469296 0.8235444605023521 0.8122883176492186 0.8586317534633103
0 0.8190167390477627 0.8579938683008436 0.11771399015574717 0.8195077418748047 0.11585563628060683 0.8533710791881773 0.8171583851726224 0.8918572056142162
0 0.8164500274568965 0.8902063129202586 0.11750516343211218 0.8490919091540947 0.11591572377693975 0.8761123832920257 0.8148605878017241 0.9172267870581896
0 0.8189131449571935 0.9159052862890003 0.12395313257266254 0.8710461870553937 0.12246403313316859 0.8941154100802118 0.8174240455176995 0.9389745093138183
0 0.8108776751286367 0.9368660592147092 0.13178893588263438 0.8868438977077888 0.13032479627140278 0.9067207021624272 0.8094135355174051 0.9567428636693476
0 0.8136259570846841 0.9515204917558668 0.1342389680837089 0.9044545256503775 0.13292751470946337 0.9233850700090519 0.8123145037104387 0.9704510361145411