0 0.14592089077654363 0.46118620844218394 0.13733452161693277 0.2973485504627248 0.08564764121243146 0.3000573455061533 0.09423401037204229 0.4638950034856125
0 0.179784679689901 0.8279376790767493 0.14962194531249998 0.5131470546874999 0.10420414762334707 0.5174989154532466 0.13436688200074806 0.832289539842496
0 0.21209038529294694 0.8224016252782906 0.17893921454369638 0.3103715595703679 0.13379509456523295 0.3132943965870997 0.16694626531448348 0.8253244622950223
0 0.25021001145314503 0.8093989833343139 0.2108688045273638 0.3237632756964593 0.1705455882382597 0.3270298476782824 0.20988679516404093 0.812665555316137
0 0.2830798727483046 0.8040469824333494 0.2699625004493043 0.3223614631152475 0.21316447959563029 0.32390820005356935 0.22628185189463057 0.805593719371671
0 0.31971774453916585 0.8035054196870884 0.2839725299182158 0.33587993844839253 0.24812082855322987 0.33862043658468527 0.2838660431741799 0.8062459178233812
0 0.35741463225107495 0.802147256236314 0.3335636108394824 0.3470426520033488 0.28480240327577355 0.3495981185814495 0.3086534246873661 0.8047027228144149
0 0.371352174495044 0.7985268900101501 0.33885543847070354 0.38040404353505464 0.3250163416660891 0.38147962569820637 0.35751307769042956 0.7996024721733017
0 0.4014711751112953 0.7965294524904112 0.36471870894978176 0.3137325131603082 0.33232579820470265 0.31619839324165944 0.36907826436621616 0.7989953325717625
0 0.4328426259411926 0.7922591281438821 0.39628391480183234 0.3143924978889815 0.3618320388796647 0.31702820438176543 0.39839075001902496 0.794894834636666
0 0.47152667865881587 0.792683681581991 0.4348457491582007 0.3096493554833704 0.394810909623983 0.31268954341035277 0.43149183912459826 0.7957238695089733
0 0.5509293374954691 0.7775642818910395 0.517573161997906 0.31349384771696714 0.4891295461036916 0.31553830082943757 0.5224857216012547 0.7796087350035099
0 0.5677054086245981 0.7778244002284722 0.534968198080078 0.3102569251494155 0.5153509389425317 0.3116304474257109 0.5480881494870518 0.7791979225047676
0 0.5906504244463303 0.7765959179491574 0.5600649992502317 0.3088081602395367 0.5343609911527121 0.3104887686008069 0.5649464163488107 0.7782765263104275
0 0.6446075550728498 0.7962232063773671 0.6179625551446111 0.28780634558772167 0.5672508985723097 0.2904640310225265 0.5938958985005484 0.7988808918121719
0 0.6874012053255572 0.7913568875920608 0.6584101697029624 0.2778046105322557 0.6175229797773226 0.28011277278290025 0.6465140153999174 0.7936650498427055
0 0.7337142526107033 0.7950157000253957 0.6975240929306714 0.2781316618667794 0.6535048752331724 0.28121371199767103 0.6896950349132044 0.7980977501562874
0 0.7948601306181825 0.7497615327206966 0.7611372531249999 0.25813708437499994 0.6888409263431202 0.263096235978376 0.7225638038363028 0.7547206843240726
0 0.8680232154914462 0.7675641738501638 0.8422641110957715 0.27605119858312854 0.7661966266920219 0.2800377266515035 0.7919557310876965 0.7715507019185388