0 0.8272130402939999 0.090063766240736 0.27878367458484554 0.06876108754453517 0.27667291374106384 0.12310182315002356 0.8251022794502182 0.1444045018462244
0 0.959334057614005 0.1638040676978553 0.26682132521943436 0.14398903725868578 0.2648557539857702 0.21268351188589746 0.9573684863803409 0.23249854232506695
0 0.8819361363797416 0.2232184595422802 0.28207584346607467 0.20011333158547315 0.28135228716441973 0.21889845564371804 0.8812125800780868 0.24200358360052512
0 0.8832317146878225 0.24056123541281024 0.2756898928899995 0.2144939608912458 0.2746510928772485 0.23870494818522897 0.8821929146750713 0.26477222270679335
0 0.8781139251716145 0.26308595978464716 0.2787255326310286 0.234631594645181 0.27716943160222574 0.2674107091927505 0.8765578241428116 0.29586507433221665
0 0.872188990790183 0.293140999370333 0.28084453881570387 0.2644169615557309 0.27955547633605615 0.2909550113420539 0.8708999283105351 0.319679049156656
0 0.8619482744025457 0.3159976783533824 0.28628858378755945 0.28823897129127635 0.2852448154991186 0.3098846239023022 0.860904506114105 0.3376433309644083
0 0.8627709999320222 0.3347975616750311 0.284578017191516 0.3054838035253988 0.28212352443827127 0.3538969233604393 0.8603165071787775 0.38321068151007165
0 0.8347395684056416 0.3521935477752596 0.2660457672230815 0.3043065424142266 0.2612208436044311 0.36160609857604553 0.8299146447869911 0.4094931039370785
0 0.7858751069685626 0.39297351413622833 0.28374577392145844 0.36275306138863284 0.28281499916136915 0.37821839254711204 0.7849443322084732 0.40843884529470753
0 0.799884448516414 0.4076877498682691 0.2745704289047171 0.3741068273384727 0.27282974960566925 0.4013366700751139 0.7981437692173663 0.43491759260491036
0 0.7892213934561243 0.432968367946577 0.2724312729310404 0.39427528968439435 0.26790103570104223 0.4547817665336698 0.7846911562261262 0.49347484479585246
0 0.742124202091491 0.487087503519157 0.2953409203050462 0.4517779528095952 0.29344197200662875 0.47580596607117426 0.7402252537930736 0.511115516780736
0 0.6869035300099454 0.5043260750571553 0.28962421920835696 0.47397468662740605 0.28402928988641146 0.5472085576297439 0.6813086006879999 0.5775599460594931
0 0.7136740129859441 0.5791827948346447 0.2668375605167815 0.5413553357375713 0.2624301629356156 0.5934176721143145 0.7092666154047782 0.6312451312113879
0 0.7891792908852231 0.6375307574834748 0.26535252774567997 0.5884847495639857 0.262246415859558 0.6216589997073906 0.7860731789991011 0.6707050076268797
0 0.7236013902290646 0.662843949786649 0.2673354229967574 0.6196548203694686 0.2642066424534226 0.6527084174233234 0.7204726096857298 0.6958975468405038
0 0.7409440305015716 0.6979731259389544 0.253654144122721 0.6498595325225851 0.25095451827817655 0.6772010856605789 0.7382444046570271 0.7253146790769482
0 0.7070535691918909 0.722078309191845 0.2537642805119535 0.6744356848954375 0.250497766004513 0.7055144942475081 0.7037870546844506 0.7531571185439156
0 0.6338509938649767 0.7458065427030878 0.2608586639613651 0.7066034685015007 0.25697967786118275 0.7435095553999653 0.6299720077647943 0.7827126296015523
0 0.6326482857844467 0.7850020525050658 0.24160570540190748 0.7413441796664152 0.23603488414488843 0.7912418997693987 0.6270774645274275 0.8348997726080493
0 0.6427954932095328 0.835121397908377 0.2361302446830945 0.7923791583828897 0.23245541586857438 0.8273428193828662 0.6391206643950127 0.8700850589083535
0 0.6498898762099987 0.8672891821578521 0.2276832812089516 0.8229134804303195 0.22257935222586095 0.8714741204469899 0.644785947226908 0.9158498221745225
0 0.6324231821894009 0.9117640763549064 0.23119732483413466 0.864758830160351 0.22804112792298237 0.8916993934842342 0.6292669852782484 0.9387046396787895
0 0.6247340786631803 0.9378295325999492 0.23115658073273596 0.8902358409234485 0.22624785636360115 0.9308286881513128 0.6198253542940455 0.9784223798278134
0 0.7011584182164325 0.927666460060291 0.23491800899263207 0.8786625946012718 0.22695587618803398 0.9544171911486512 0.6931962854118345 1.0034210566076704