0 0.9390377495717749 0.22438455518182168 0.9337133200416444 0.16776238410972116 -0.005166726953546868 0.2560493669791327 0.0001577025765835516 0.31267153805123327
0 0.8977094950016298 0.27992523176800305 0.8919975429705815 0.22284464821976857 -0.004955174084438163 0.312601104364043 0.0007567779466101209 0.3696816879122774
0 0.905097906171086 0.3494089103702017 0.8973399345434739 0.2755967392092252 0.011321248339856472 0.3687210535463706 0.019079219967468718 0.442533224707347
0 0.9745057261703345 0.39513870758284886 0.9691976418008966 0.3446356421119437 0.4111762573193579 0.4032860341457688 0.4164843416887957 0.453789099616674
0 0.8648220072017427 0.4172907631555115 0.8632126204275448 0.4009857777714075 0.4156145575504713 0.44516603218937495 0.4172239443246692 0.46147101757347897
0 0.8554657334030928 0.45085574598486255 0.851790904646039 0.41589208538854106 0.42156067831911725 0.46111110367480845 0.42523550707617097 0.49607476427112995
0 0.8335553029275156 0.48887795522743077 0.8302252584490205 0.455282020984005 0.4252004832378984 0.49542826328144873 0.42853052771639355 0.5290241975248745
0 0.8452042804547458 0.5173712929349213 0.8422961406679139 0.48766788172016906 0.3222216336867631 0.5385862545270518 0.32512977347359506 0.5682896657418042
0 0.9156179685938032 0.7388510397205449 0.8389226882098697 0.5025514953003865 0.7122961702717682 0.5436504162531743 0.7889914506557016 0.7799499606733329
0 0.7602859502045201 0.5699657165344563 0.755922217309186 0.5252891631635734 0.3296168758615391 0.5669280654864222 0.3339806087568732 0.611604618857305
0 0.0995055418252625 0.6653034640552375 0.06518483854890149 0.6538112677351304 0.043742992721285436 0.7178459576977035 0.07806369599764644 0.7293381540178107
0 0.7722013152397108 0.6804401477015685 0.7642387345870078 0.6123491296649053 0.08329898954544843 0.6919783934924044 0.09126157019815147 0.7600694115290677
0 0.8368102579560956 0.765073967817089 0.8331354280992047 0.7301103093751165 0.0834273128359054 0.808907834825589 0.08710214269279629 0.8438714932675616
0 0.8126707903835648 0.7341826353622725 0.8042056675322904 0.6639307517326862 0.07647939603721875 0.7516193939730378 0.08494451888849308 0.821871277602624
0 0.6125295662736361 0.022623753810566537 0.609071869125412 -0.007407338577431299 0.22184215353385275 0.03717722285010142 0.22529985068207692 0.06720831523809925