0 0.27178634633176746 0.03455768657256445 0.21491780379520792 0.03393431985673946 0.20444566511853432 0.98928732261533 0.2613142076550939 0.9899106893311551
0 0.32270278720728485 0.08146512211265389 0.26533783557172763 0.08117923776360927 0.2608117045913453 0.9893831518761693 0.3181766562269025 0.9896690362252138
0 0.39257812500000006 0.08138020781250005 0.31835937500000006 0.08138020781250005 0.3183593750000001 0.97227933125 0.3925781250000001 0.97227933125
0 0.4453125 0.017132675000000052 0.39453125 0.01713267500000005 0.39453125000000006 0.5782277953125 0.4453125 0.5782277953125
0 0.4558781357704412 0.1285310568390558 0.4394942443348704 0.1284272921932695 0.436645737934791 0.5781914605069107 0.4530296293703618 0.578295225152697
0 0.48828125 0.14134457187500005 0.453125 0.14134457187500005 0.453125 0.5739446265625 0.48828125 0.5739446265625
0 0.5238049066421201 0.16710937781981813 0.49004492992818144 0.16690944860668844 0.4876346298054652 0.5739118808311556 0.5213946065194038 0.5741118100442852
0 0.5533598048671114 0.1585025786486673 0.5235151285490215 0.15828993533051755 0.5197919747398261 0.6808378398908731 0.549636651057916 0.6810504832090228
0 0.8124838155644023 0.2288862744134274 0.7769920700776295 0.09941238356314892 0.5338702262738243 0.16605762412781075 0.5693619717605971 0.2955315149780892
0 0.5967897272916797 0.24845333291351643 0.5519017824712414 0.2481231893206141 0.5487515399753646 0.676445635571349 0.5936394847958029 0.6767757791642512
0 0.6839113724313957 0.9428647733928799 0.6222291234283254 0.9158111561016489 0.6077344554971449 0.9488589998307642 0.6694167045002152 0.9759126171219952
0 0.7159199251493475 0.9336839731585076 0.707904462214162 0.2481509636899232 0.6393541382240673 0.248952475175947 0.6473696011592527 0.9344854846445315
0 0.7988281250000001 0.19274259843750008 0.763671875 0.19274259843750008 0.7636718750000001 0.94658031875 0.7988281250000002 0.94658031875
0 0.7767229219928053 0.9464264740855125 0.765582755802533 0.21352080461098533 0.6948308731619567 0.21459623322849866 0.705971039352229 0.9475019027030257
0 0.04086520910767791 0.7279562639050374 0.037001414173805404 0.3381874774211203 0.00677340637857933 0.33848712897719757 0.010637201312451836 0.7282559154611147