0 0.2505884543774649 0.9091310005421374 0.20098951567899506 0.19983665905434092 0.09188096296508493 0.20746631024567092 0.14147990166355476 0.9167606517334674
0 0.27857316857541203 0.8733285630724138 0.21062235455336378 0.3564163764630414 0.1646261866833206 0.36246281361354743 0.23257700070536885 0.8793750002229199
0 0.298262184209829 0.8657209973643727 0.22359329843564363 0.2729447850956335 0.1985838430258855 0.2760950939822175 0.2732527288000708 0.8688713062509568
0 0.35484160301175155 0.8600672914245739 0.3155986259459492 0.2988673731363025 0.22792209689137444 0.3049983220312923 0.2671650739571768 0.8661982403195637
0 0.3648498039416901 0.8192302392814723 0.3142600095365862 0.41541219732015755 0.2907088487925061 0.4183626558342392 0.34129864319760994 0.8221806977955539
0 0.3780422446602749 0.827035078479353 0.3421497521853969 0.3724540898694287 0.3088178065223149 0.3750858906681018 0.34471029899719285 0.8296668792780262
0 0.40089573529948924 0.8270884274445832 0.34619912836561495 0.4002005220779953 0.3222463881346101 0.40326955636295453 0.37694299506848444 0.8301574617295424
0 0.4202393246628101 0.8313940119766979 0.3689689539572366 0.34150721461460737 0.33833113795496034 0.3447136945452858 0.38960150866053384 0.8346004919073764
0 0.4430499857900987 0.8214223606379731 0.3856152031242697 0.35807365813050873 0.3604534922089686 0.3611925994161972 0.4178882748747975 0.8245413019236615
0 0.5235831438182679 0.828373649263986 0.46571837339200844 0.3020093047200471 0.37995194031632346 0.31143785931658546 0.4378167107425829 0.8378022038605245
0 0.5567150740530848 0.8475299583681826 0.4911249476045221 0.23854789882083743 0.4578448500122721 0.2421323160874457 0.5234349764608349 0.851114375634791
0 0.5880003774465287 0.8692628194136208 0.5176645810649407 0.24746900157611806 0.4880814615039489 0.25081537172983015 0.558417257885537 0.8726091895673329
0 0.6111238977049114 0.817533105277794 0.5577876581074503 0.3512738686825624 0.5274545040349433 0.35474373318363267 0.5807907436324042 0.8210029697788643
0 0.6484368354111267 0.8097564453014009 0.6018760203992781 0.32274077647989385 0.5550306281543762 0.32721939961690794 0.6015914431662248 0.8142350684384148
0 0.7290133522987626 0.8020719375417045 0.6853160333787294 0.2958913848580925 0.589811022392382 0.30413609695026217 0.6335083413124154 0.8103166496338743
0 0.7525716078524236 0.7800382634074405 0.7236844588457668 0.3669327678829898 0.6925105812629229 0.3691126576607998 0.7213977302695797 0.7822181531852506
0 0.8003537278817637 0.7949185489100425 0.765403145702324 0.348052198387743 0.7049784732706919 0.3527781695355349 0.7399290554501314 0.7996445200578346
0 0.8491248816271637 0.8067101335320619 0.8045833269203936 0.29292173290291923 0.7045384843912728 0.3015948614149378 0.7490800390980429 0.8153832620440806
0 0.8778622700245868 0.8078290165240748 0.8409811923203497 0.2804050184764373 0.8059105803410844 0.28285739449711583 0.8427916580453216 0.8102813925447533
0 0.8933990943608474 0.7780232031670163 0.8612417004551398 0.3181510469279044 0.841758026201083 0.3195134781584493 0.8739154201067907 0.7793856343975613
0 0.9249124638533719 0.7708348975950173 0.8985771215728166 0.3442857780317524 0.8628531948817022 0.3464913899856095 0.8891885371622574 0.7730405095488744