0 0.3171453426125663 0.041900840199330304 0.2689592594027803 0.03825224304334399 0.2185154205009341 0.7044510352989729 0.2667015037107201 0.7080996324549592
0 0.3670433950607753 0.04637814474748355 0.31606681270815373 0.04221091636166354 0.2647473218418462 0.6699884246313863 0.3157239041944678 0.6741556530172061
0 0.2651740216115029 0.10150700701764852 0.22481662781129225 0.09872878647683365 0.16949688448694913 0.9023225377534203 0.2098542782871598 0.9051007582942352
0 0.4639628259426777 0.03793253617592435 0.3686238789369857 0.029591459295161222 0.2999361719127373 0.8146955595858895 0.39527511891842926 0.8230366364666526
0 0.4962006384796627 0.13234165121786648 0.4391006702710227 0.12524038012740787 0.3756045980078994 0.6358002026455642 0.43270456621653947 0.6429014737360228
0 0.5058370055108827 0.2780855269421901 0.4726607373236268 0.2747273870447161 0.4381404165281274 0.6157660142570885 0.47131668471538324 0.6191241541545625
0 0.5799245391858132 0.19428710683110695 0.5451688782086503 0.19107458752842216 0.48839314484470425 0.8053209015904061 0.5231488058218673 0.808533420893091
0 0.5395167254608255 0.27241772723860935 0.5064399465885804 0.2695238841584575 0.46239022190077933 0.7730145581604541 0.4954670007730245 0.7759084012406059
0 0.6883437059492827 0.053572744451710654 0.5801175760373309 0.04248751757000597 0.5024362304561321 0.8008979216440462 0.6106623603680837 0.8119831485257508
0 0.6824216640463293 0.2763575658356056 0.6655115260394872 0.2746760917552308 0.6129466865314599 0.8033067145895044 0.6298568245383022 0.8049881886698792
0 0.7283055104043302 0.19864447925365877 0.6718804199394636 0.19370792338401752 0.62671078448785 0.7099992070087608 0.6831358749527167 0.7149357628784021
0 0.7813428682245533 0.09585697923129098 0.7289613861234983 0.09044309232124356 0.6676983923256538 0.6831866177028499 0.720079874426709 0.6886005046128973
0 0.8180789092174809 0.06891367853937584 0.7635995118308787 0.06414734932319181 0.7087240107513775 0.6913772561344891 0.7632034081379796 0.6961435853506732