0 0.9003293584405349 0.4342766025854152 0.45521619163278304 0.23813688773884895 0.3029352363428207 0.5837183948122566 0.7480484031505725 0.779858109658823
0 0.8000554938200543 0.7758636925359751 0.3664279092395656 0.6676758003726759 0.29070036282700096 0.971199164960667 0.7243279474074896 1.079387057123966
0 0.8597137037465886 0.04876099551127281 0.49374575231634515 -0.005907520851735159 0.44798303666128436 0.3004422470651392 0.8139509880915279 0.35511076342814724
0 0.38778456875 2.7757607361183166e-17 0.056935646875 7.498953702404592e-18 0.05693564687500001 0.10961143125000002 0.38778456875 0.10961143125000003
0 0.4014619331767175 0.10620380980908792 0.05538034703955648 0.0667580343253186 0.03314255723363011 0.26186358045373725 0.37922414337079113 0.3013093559375065
0 0.35225762753030726 0.16595687852507146 0.05192204016683712 0.10929595719798561 0.02525497475321172 0.25064679595380834 0.32559056211668186 0.3073077172808942
0 0.32809057712319845 0.2151286050096986 0.0410863104840687 0.17779024242039346 0.029784341173370282 0.26466372022319484 0.3167886078125 0.3020020828125
0 0.3496478915791104 0.2600883066600731 0.052891781587042 0.160105474200392 0.009425428360562472 0.2891166812416893 0.30618153835263084 0.38909951370137047
0 0.3142930937693992 0.3139709966823001 0.02830368125000003 0.2706623296875 0.010820878057091443 0.38611027489746286 0.2968102905764906 0.42941894189226293
0 0.30476569903656153 0.3594819569562258 0.021417512232409758 0.31965996714989264 0.006557884281898574 0.4253917162874514 0.2899060710860503 0.46521370609378454
0 0.3029206166288858 0.46957641951833623 0.00545867053743484 0.43050018367815895 -0.03588108307576532 0.7451928170991123 0.2615808630156856 0.7842690529392896
0 0.22914532249129618 0.778447247262712 8.881784197001253e-17 0.7363456125 -0.014615124838101502 0.8158909202571095 0.2145301976531946 0.8579925550198213
0 0.209970674104644 0.8471446993597176 8.881784197001253e-17 0.8232126078125 -0.008364461211975704 0.8965990711617472 0.2016062128926682 0.9205311627089647
0 0.19601935120877276 0.9227457024371877 0.00042329184827532006 0.8952564702937249 -0.005013157199921769 0.933938817082897 0.19058290216057566 0.9614280492263598