0 0.10463848676640877 0.9991790549193039 0.045969216865971364 0.3981770582524668 -0.0003605941077445496 0.4026997323858773 0.05830867579269285 1.0037017290527144
0 0.25942155040855314 0.9945586339129273 0.2138454741965652 0.2559049373207488 0.08389330983367253 0.2639231869744644 0.12946938604566044 1.0025768835666429
0 0.230434462175254 0.9986545710720811 0.17913792594043282 0.37129832088399545 0.11864594611088955 0.37624452016759535 0.16994248234571074 1.003600770355681
0 0.28824950131502936 0.9948212256232567 0.23621637074492496 0.3274765016655203 0.17560178509555752 0.332202644746178 0.22763491566566194 0.9995473687039145
0 0.38656327419571335 0.9875967674733441 0.36127955406063017 0.3061968358766228 0.23546994236952865 0.3108650708804735 0.2607536625046118 0.9922650024771948
0 0.3818052406559021 0.9836327380687389 0.3358980056983393 0.3863042610616534 0.31469740749490416 0.38793361723740866 0.360604642452467 0.985262094244494
0 0.4085248514967271 0.982155538481684 0.38324087053911426 0.38571074498480185 0.3354040706284174 0.38773860196536836 0.36068805158603023 0.9841833954622505
0 0.43261505451822285 0.9792050325121547 0.38844110572992874 0.41569386140604375 0.3644428569920728 0.41757509724503156 0.4086168057803669 0.9810862683511423
0 0.48441836961780105 0.9802200354835671 0.42615477700665005 0.20093591023637805 0.371525373426255 0.20502030668650298 0.429788966037406 0.9843044319336919
0 0.5238587872233543 0.9795313884268613 0.47269642248623284 0.19410730856404954 0.427765147768823 0.19703412265612252 0.47892751250594445 0.9824582025189341
0 0.5552539868761143 0.9740061662626986 0.5133136618559322 0.376067200059102 0.48158509918904413 0.3782926884548849 0.5235254242092262 0.9762316546584815
0 0.6001329157475837 0.9722365107842309 0.5442987618167057 0.33404928220772223 0.49176505656306213 0.3386453863827209 0.5475992104939401 0.9768326149592295
0 0.6453278965124427 0.9597940834912043 0.5970872189996075 0.025134682097639676 0.4968382281326079 0.03030884418512477 0.5450789056454431 0.9649682455786893
0 0.6635788953591393 0.9464491766183212 0.6312858637321287 0.21682331375076286 0.6057197018337089 0.2179548647507811 0.6380127334607195 0.9475807276183394
0 0.6951109038308736 0.9436907672088406 0.6672615163385222 0.3292140863915159 0.6330455845611127 0.33076482504804794 0.6608949720534641 0.9452415058653726
0 0.8174995355432507 0.9244641412047592 0.7618923642673018 0.28887116844244565 0.6354223349043042 0.29993586060462984 0.6910295061802533 0.9355288333669434
0 1 0.2908152437500001 0.9467167140624999 0.2908152437500001 0.9467167140624999 0.9187139375 1 0.9187139375
0 0.8558789630228125 0.9329970660552833 0.8323130664079785 0.3541598141916143 0.7659125913289017 0.35686314181237694 0.7894784879437355 0.935700393676046
0 0.9138943414620082 0.933558166553885 0.88858808475915 0.31528864853619293 0.7699161907137888 0.32014598231476094 0.7952224474166469 0.938415500332453