0 0.8469635777884166 0.13042528636673353 0.8425031756174421 0.05819745126736574 0.18657992009260102 0.09870373958281482 0.1910403222635756 0.17093157468218262
0 0.916802925202132 0.2181540637957334 0.9152485805066183 0.12910568255209848 0.19260351830761258 0.14171949431915293 0.19415786300312615 0.23076787556278786
0 0.8490939226292346 0.27010033564501623 0.8458382999833638 0.19492972507383602 0.18779497655767374 0.22342943698824191 0.19105059920354434 0.29860004755942215
0 0.8442719761345396 0.34747959098248404 0.8423502549193367 0.2741713606351462 0.1926021789161692 0.29120402744863233 0.19452390013137202 0.3645122577959702
0 0.8470370428450733 0.4406671628703919 0.8460821645443856 0.3567982328536784 0.2258562817553444 0.3638597303221938 0.22681116005603208 0.44772866033890735
0 0.8782283914837705 0.46753355038395883 0.2038519510077809 0.45576224938446164 0.20289752120077204 0.5104414200183884 0.8772739616767617 0.5222127210178856
0 0.7966846671406113 0.5228039447472035 0.20034799106970427 0.5084175984589866 0.1995472318132106 0.5416103288287231 0.7958839078841176 0.5559966751169398
0 0.7938197716734874 0.5579342261448703 0.19987163873769562 0.5390771453092414 0.19862866497471285 0.5782275287777634 0.7925767979105046 0.5970846096133923
0 0.8111567688829562 0.5836076346066346 0.21227253082135505 0.5711481499011627 0.21153711380848375 0.6064970963321142 0.8104213518700849 0.6189565810375861
0 0.7941481906131242 0.6877511759679731 0.2654987116496896 0.6633451704146047 0.2644010552229908 0.6871211011701035 0.7930505341864255 0.7115271067234719
0 0.8405050020135507 0.6993788530956431 0.27146747812500005 0.685492934375 0.2703711851004846 0.7304184362936563 0.8394087089890352 0.7443043550142995
0 0.843338385848267 0.7446570392579754 0.2699839045728242 0.715377494606648 0.26746829641056313 0.7646383430980208 0.8408227776860061 0.7939178877493481
0 0.7902680293511095 0.7909326469590363 0.26919609283653295 0.7592030217101529 0.2660007511790584 0.8116777311410349 0.787072687693635 0.8434073563899183
0 0.7816617715542515 0.8412237933303917 0.270297262217278 0.8040023704896282 0.2682332654848461 0.8323584782308201 0.7795977748218196 0.8695799010715837
0 0.7533088829936961 0.8656576381171714 0.2627655271439846 0.8291872239310546 0.26008429779877174 0.865250955867066 0.7506276536484833 0.9017213700531828
0 0.8481080153028124 0.9071471366448332 0.2570683683383611 0.8600195555536235 0.2540994954284545 0.8972529877800186 0.8451391423929058 0.9443805688712283
0 0.847117985871116 0.9452643875238762 0.2538427936256449 0.8912161850959486 0.25116078444491474 0.9206560080840221 0.844435976690386 0.9747042105119498