0 0.3441244243371613 0.11878704138419846 0.154144887373174 0.09546048885507688 0.05480868395465936 0.9044889942739414 0.24478822091864663 0.9278155468030629
0 0.13168697157196213 0.3173720925079193 0.0850564440840293 0.312708654037216 0.026395082922553926 0.8992737457188491 0.07302561041048676 0.9039371841895525
0 0.28098446598672144 0.3445458220775656 0.19568752949111415 0.33407267430958043 0.12459707308296772 0.9130579307026517 0.20989400957857499 0.923531078470637
0 0.2779554968880473 0.3777232731867437 0.21855189935238 0.37103980902755473 0.1573502530845889 0.9150089060135329 0.2167538506202562 0.9216923701727218
0 0.32070790309520036 0.3415520758166743 0.28193656845247467 0.33679155463705507 0.20894191126045653 0.9312853451991059 0.24771324590318233 0.9360458663787252
0 0.36430847555120405 0.33903438228781857 0.3216600075784223 0.33379780888190125 0.24834798068590222 0.9308763540641853 0.29099644865868396 0.9361129274701027
0 0.41161438917482585 0.2582599420157058 0.37478162136545423 0.2537374467891817 0.2900443433488259 0.943867193677488 0.3268771111581975 0.948389688904012
0 0.5283826692529806 0.1808105244446639 0.48542707649902733 0.1750546709049181 0.38094504981680877 0.9547978240754402 0.423900642570762 0.960553677615186
0 0.5818274640168376 0.09832104548398005 0.5404859259777619 0.09218866819339608 0.41275140967716634 0.9533133371945006 0.454092947716242 0.9594457144850846
0 0.5100912022896572 0.11088987552650309 0.43322942551811244 0.09939983342050773 0.3067750398828869 0.9453069824818702 0.3836368166544316 0.9567970245878655
0 0.5818920815242297 0.09833063047078587 0.5404859259401718 0.09218866827472547 0.4127514118277807 0.9533133375512952 0.45415756741183866 0.9594552997473557
0 0.6102731694526752 0.2592175390415152 0.5520066421462607 0.25052882451087877 0.445102351159227 0.9674290941659143 0.5033688784656414 0.9761178086965507
0 0.6939054020145636 0.29047328004572315 0.651553389548732 0.2839711559406835 0.5439265516490657 0.9850056343277929 0.5862785641148974 0.9915077584328325
0 0.6603169922139314 0.24174787647317436 0.6135298567936666 0.23449221547141125 0.4987956786582951 0.9743398363081595 0.5455828140785599 0.9815954973099223
0 0.7400142819865364 0.29342057854971193 0.691874434864881 0.28616026308738507 0.5852793981687483 0.9929434320978489 0.6334192452904037 1.0002037475601757
0 0.7741022273323189 0.3422930010325929 0.7320732720696312 0.3358854347743305 0.6325936389747225 0.9883991787411912 0.6746225942374102 0.9948067449994535
0 0.7845115400230344 0.38293602322013803 0.7663980227069209 0.38010998964886555 0.6719624946592527 0.985396349278884 0.6900760119753662 0.9882223828501564
0 0.8188312076215511 0.3504730731664661 0.7735605855591176 0.34360944447928377 0.6751119646471957 0.992949686062347 0.7203825867096293 0.9998133147495294
0 0.8742130916474233 0.2207394104094726 0.753659553754659 0.20222276822154206 0.6340837603786126 0.9807270343574782 0.7546372982713769 0.9992436765454087
0 0.9161434498441487 0.21795325320608364 0.8705956713291878 0.2111611614146433 0.7531395012612782 0.9988224274491839 0.7986872797762391 1.0056145192406245
0 0.9888800200195863 0.2899856166508994 0.9055795459839647 0.27748522921007995 0.7971940806710053 0.9997476936244748 0.8804945547066267 1.012248081065294