0 0.08364373168646237 0.9158148266973216 0.04063615404505789 0.2562442944452833 -0.01792501127327943 0.26006280018658756 0.02508256636812506 0.9196333324386258
0 0.16827484243550098 0.8925967702166135 0.09781460810718133 0.3131599488969201 0.01107212101998702 0.32370794264102637 0.08153235534830665 0.9031447639607197
0 0.3649308012555127 0.3226748149450023 0.3225792459662715 0.23749666307759085 0.04420888735529942 0.37590560216739327 0.08656044264454059 0.4610837540348046
0 0.13621551478103097 0.8993435747916264 0.08263525275703601 0.42008337850023364 0.040681799645389906 0.4247736845759893 0.09426206166938488 0.904033880867382
0 0.1851381357933134 0.8927933022821717 0.13240326878994813 0.42332149027809074 0.08152768878965863 0.4290362464709737 0.1342625557930239 0.8985080584750547
0 0.20600316318613018 0.8865429751712581 0.1540911479887197 0.4199069612358749 0.13028462852127226 0.42255537319612857 0.18219664371868272 0.8891913871315117
0 0.2529764673182341 0.8783373171336775 0.2011031940963631 0.3875028045394767 0.1499364936636258 0.39291029762178037 0.2018097668854968 0.8837448102159812
0 0.26968737693243894 0.8774323528330503 0.22079515189683127 0.4159526876324329 0.20208974120962572 0.4179344632504436 0.2509819662452334 0.879414128451061
0 0.2810254625904708 0.8730888975950316 0.22303268252617134 0.35001156982160536 0.20698026039292466 0.3517912772125476 0.26497304045722414 0.8748686049859739
0 0.2816224429106552 0.8756723675575572 0.2277275913964744 0.3465866454754421 0.21403724953722944 0.34798120010220235 0.2679321010514103 0.8770669221843173
0 0.2999261375874796 0.8837094330304499 0.24121198747614217 0.34731877409130857 0.22251867589239344 0.3493649728535632 0.2812328260037309 0.8857556317927046
0 0.2741603664011639 0.46743764802683974 0.26552886914115426 0.34702182239604495 0.2402618716630486 0.34883297984448225 0.24889336892305822 0.4692488054752769
0 0.32132297003621807 0.8565656237552186 0.3115361387168037 0.7869286975402423 0.3057337876000904 0.7877441647746803 0.3155206189195049 0.8573810909896566
0 0.3140256536669776 0.7788457505122865 0.2720175340649803 0.38234308697171765 0.26284129452953375 0.3833152785944914 0.30484941413153105 0.7798179421350603
0 0.3615614215595381 0.8730633967532777 0.3325535248399959 0.35543552973905274 0.28738810609665166 0.3579666025148657 0.31639600281619384 0.8755944695290905
0 0.388074448921632 0.8666931290520268 0.347442045024453 0.4427083613298685 0.3184213731510382 0.44548954535037755 0.35905377704821717 0.8694743130725356
0 0.4130168549932846 0.8629319065990462 0.37194827600444225 0.44992864029146257 0.34476104745645386 0.4526321076346947 0.38582962644529617 0.8656353739422784
0 0.7757657257882715 0.2097885637311819 0.7443176699714984 0.15392400213606655 0.3267783443347298 0.3889710452595737 0.3582264001515029 0.44483560685468904
0 0.424480529485953 0.86357645716853 0.38969401888988847 0.45308686777962154 0.3707764204816315 0.454690019855806 0.40556293107769603 0.8651796092447144
0 0.44813603667631724 0.8632391450276661 0.41274040138924406 0.5072854338080691 0.38775754356675207 0.5097697009923722 0.4231531788538253 0.8657234122119691
0 0.4688001544610703 0.860250184937137 0.43234384663836034 0.5045975545748853 0.4098215225511389 0.5069062139512275 0.4462778303738489 0.8625588443134792
0 0.4968198869989375 0.8747519376341835 0.445814467779101 0.3896607907539203 0.4178696889683565 0.3925990739351622 0.46887510818819306 0.8776902208154252
0 0.5157269765110251 0.8535482858571004 0.4727854354455383 0.4461990143857668 0.44919239027259794 0.448686122597583 0.4921339313380847 0.8560353940689167
0 0.5286871117831369 0.8489352415725963 0.4855158753707879 0.4443761399361311 0.4689093630388248 0.4461482510243943 0.5120805994511739 0.8507073526608593
0 0.5025487744191859 0.4760341153985431 0.49384936675904856 0.41413462435524817 0.478376427760484 0.41630920449767295 0.4870758354206214 0.4782086955409679
0 0.5672898817333263 0.8411360677636498 0.5216234938064712 0.4262907481576531 0.49391279633839363 0.4293411561060972 0.5395791842652486 0.8441864757120939
0 0.5937406659425672 0.8374688065567124 0.5470870142396188 0.41207100374029115 0.5186075804426313 0.4151943616332214 0.5652612321455798 0.8405921644496426
0 0.6092327762848264 0.834921788448377 0.559378931077689 0.38399336993176536 0.5417620793757845 0.3859410577724941 0.5916159245829218 0.8368694762891057
0 0.6310790173999417 0.8269973532182517 0.590079193717061 0.4349974522388135 0.563160702222526 0.437812895309915 0.6041605259054068 0.8298127962893533
0 0.6680717562656497 0.8320620053314418 0.6220897999827011 0.4094993371339239 0.5865100073605237 0.41337101958965994 0.6324919636434725 0.8359336877871778
0 0.6985018873249004 0.8279960386435649 0.6521101096129701 0.41303477321158366 0.6205534988025545 0.41656273448414893 0.6669452765144849 0.8315239999161301
0 0.713184841165151 0.8228694184960457 0.6729395728187061 0.4706648297415582 0.6564843005041472 0.47254511997955645 0.6967295688505921 0.824749708734044
0 0.7312302557711299 0.8202740819134352 0.6899526528837301 0.4760975331330849 0.6706167534275812 0.4784165161726032 0.7118943563149809 0.8225930649529536
0 0.7652015233655194 0.8152232659742097 0.7064805309644142 0.3974017027355777 0.6484570105328886 0.40555637688866586 0.7071780029339938 0.8233779401272979
0 0.8122112496481828 0.8276556448876123 0.7586833197290499 0.37448469019193953 0.7180177974552909 0.37928804575530856 0.7715457273744237 0.8324590004509813
0 0.8387539897448534 0.810615821588127 0.7847214190573423 0.36804019457906173 0.7522530353199055 0.372004150414719 0.8062856060074164 0.8145797774237842
0 0.8933086502617297 0.8006127707228854 0.8356550793888408 0.33481071223950465 0.7796427012485295 0.3417435146049255 0.8372962721214183 0.8075455730883064
0 0.9131499312478673 0.8025314682090416 0.853119191558887 0.28482911750797646 0.8314086568499002 0.2873465861960341 0.8914393965388804 0.8050489368970991
0 0.9232852726199031 0.8010859488700144 0.8617291257765365 0.28620623360293873 0.8490995822856722 0.28771615137719997 0.9106557291290388 0.8025958666442756
0 0.9330303830444091 0.7971106161920072 0.8722861637021792 0.28212419340967426 0.8583095613192537 0.2837727762911814 0.9190537806614836 0.7987591990735143
0 0.9522242343655245 0.7971845126896658 0.8890548587357674 0.2771568771643307 0.868264101806157 0.27968239512605747 0.9314334774359141 0.7997100306513927
0 0.9670485908393438 0.7974955953791248 0.905572133365041 0.28793643480379366 0.8880227473282714 0.2900537043337369 0.9494992048025741 0.799612864909068