0 0.153311310116167 0.726095420567867 0.10034842843417335 0.24748088328302162 0.05088048596928176 0.25295494347075154 0.10384336765127541 0.7315694807555969
0 0.18354865910604928 0.7271618169989151 0.12694322923109475 0.24862546310731742 0.0996960756665584 0.2518484927221978 0.15630150554151298 0.7303848466137954
0 0.2289639709242028 0.7312939663909781 0.16867389087588358 0.22779264137201466 0.12302313169673067 0.23325893865549055 0.18331321174504986 0.736760263674454
0 0.26655352562499113 0.7287258796508169 0.20615121057825875 0.22918691368000407 0.16831276131593356 0.23376219226469072 0.22871507636266591 0.7333011582355036
0 0.3098737709863463 0.7279939032022191 0.2524372666412531 0.22591506494198327 0.20830598745115525 0.23096356771843923 0.2657424917962484 0.7330424059786751
0 0.33172832003908914 0.7274584734975262 0.2722729077120186 0.22530885084380273 0.24810584261668828 0.2281702745214401 0.3075612549437588 0.7303198971751637
0 0.3529956138681303 0.7286411602348308 0.29642611484676473 0.20812991682167428 0.26901376540625244 0.21110910871132477 0.32558326442761804 0.7316203521244813
0 0.38762055353592584 0.7286730778420245 0.3327491524209927 0.2050703371264726 0.2951471808573765 0.20901086818931583 0.3500185819723097 0.7326136089048678
0 0.41655192521388706 0.7212964491441746 0.3560736108694148 0.20897703894746456 0.3244403119021909 0.2127112886374341 0.38491862624666323 0.725030698834144
0 0.44833198591511625 0.7375837979173472 0.3945922019422018 0.20092056158529634 0.35519766111705897 0.20486540813026338 0.4089374450899735 0.7415286444623143
0 0.4650610283840174 0.7333188699181765 0.40435338337713767 0.20062886023130067 0.3863591026151674 0.20267956587395752 0.44706674762204707 0.7353695755608334
0 0.5034620201778202 0.7405826042668706 0.4432608997164075 0.19716001006066816 0.4020038898209334 0.20173051973228606 0.46220501028234606 0.7451531139384885
0 0.5384504660851378 0.7367460670734463 0.490149810297632 0.19453503898526067 0.4463709465221329 0.19843490033157873 0.49467160230963864 0.7406459284197643
0 0.5676724889615746 0.7183882467845627 0.5231227322806072 0.1925401104939107 0.4897746139550752 0.19536535689993656 0.5343243706360427 0.7212134931905886
0 0.608147344047915 0.7296348462670499 0.5645510745065014 0.19226256758769272 0.5229784619468414 0.19563529613101444 0.566574731488255 0.7330075748103717
0 0.6331306624347375 0.7228283730929508 0.5893350863117546 0.1880822278876539 0.5628260254107703 0.19025331337381882 0.6066216015337532 0.7249994585791156
0 0.6681361744988672 0.7204590091553936 0.6287173760828151 0.18544000545003061 0.5895572347533669 0.18832522206162544 0.628976033169419 0.7233442257669884
0 0.6993140411464862 0.718399397644143 0.6622559140120681 0.1884434958439855 0.6291336695065814 0.19075962883484796 0.6661917966409997 0.7207155306350055
0 0.718706884375 0.71573805625 0.6813762715651064 0.18188541979300024 0.6628667827875202 0.18317972933027418 0.7001973955974139 0.7170323657872739
0 0.7595317687783334 0.7115780400647298 0.7246535329712128 0.2127960141726531 0.6837378190644979 0.215657119512812 0.7186160548716185 0.7144391454048887
0 0.9733433678854311 0.7679373006551964 0.9476146109971209 0.1563282875775033 0.7420020015336943 0.16497786063633518 0.7677307584220044 0.7765868737140283
0 0.10628939131093332 0.7242784494699335 0.05124238498775287 0.24870734525242105 0.012067858511817697 0.2532417679444316 0.06711486483499814 0.7288128721619441