0 0.2851372312708545 0.05563295287543761 0.2369967163759143 0.05555860355208035 0.2359649522883545 0.7236165250286463 0.28410546718329466 0.7236908743520034
0 0.3357242105529317 0.05675772974130996 0.2845811125212746 0.05615659899440625 0.27717817694624053 0.6859847383569947 0.32832127497789765 0.6865858691038984
0 0.2388194570657068 0.9243534959645947 0.23794858139968222 0.11885834745042653 0.19749569626431132 0.11890208381972667 0.1983665719303359 0.9243972323338948
0 0.4318184145493748 0.04157193598175759 0.3361298649592748 0.03990168550888963 0.3223755646992108 0.8278847239165172 0.41806411428931084 0.8295549743893853
0 0.47056334369600156 0.13350227818242202 0.4131071078057527 0.13040139775673548 0.38538056092117173 0.6441467860104062 0.44283679681142063 0.6472476664360927
0 0.49034281451484263 0.27821893184422464 0.4570131109354071 0.2771832316849738 0.4463665316817681 0.6197991205494041 0.4796962352612037 0.6208348207086549
0 0.5584043932708137 0.1894565541258952 0.5235093004324904 0.18867629272490447 0.5097195273833687 0.8053868081464202 0.5446146202216919 0.806167069547411
0 0.5235451274732046 0.2702155597710555 0.4903470567583975 0.2696360854911648 0.4815263705553686 0.7749730339688502 0.5147244412701757 0.7755525082487409
0 0.6567437188046192 0.04152202675902322 0.5480079561472524 0.03801327610502385 0.5234198737286082 0.7999950062761414 0.632155636385975 0.8035037569301409
0 0.6663767865075056 0.26417725539934844 0.6493905472342327 0.26367946893710464 0.6338291620709542 0.7946891123403381 0.6508154013442271 0.7951868988025819
0 0.7067278711912677 0.18345277870933746 0.6500958730431614 0.18246426337695282 0.6410509278204628 0.7006487611994594 0.6976829259685692 0.701637276531844
0 0.7524659395631604 0.07721596448382426 0.699834400877594 0.07546921281716219 0.6800683372378283 0.6710423346139667 0.7326998759233948 0.6727890862806287
0 0.7872330242819078 0.04777571996827697 0.7325538530862044 0.04682129035476109 0.721565354315312 0.6763512179353366 0.7762445255110154 0.6773056475488525