0 0.8977917766395042 0.42034534805802937 0.44610458289986943 0.2398593391081615 0.30597701185736126 0.5905448559413384 0.757664205596996 0.7710308648912063
0 0.7815044926174298 0.7008713055647235 0.3442115546777126 0.6706410400513483 0.3221674522521294 0.9895178395178383 0.7594603901918467 1.0197481050312136
0 0.843746562734647 0.0364820512613059 0.47609364386245945 -0.005381065444485411 0.44105025812783943 0.30237917952348436 0.8087031770000269 0.3442422962292756
0 0.3711614828125 2.5815101502386057e-17 0.04209181093750001 5.665395484476626e-18 0.042091810937500015 0.11471451250000002 0.3711614828125 0.11471451250000005
0 0.38777867027490087 0.10988262907929838 0.040531271402655555 0.08253895582918205 0.025116113534287794 0.27830173517606316 0.3723635124065331 0.3056454084261795
0 0.3406896890277399 0.17131650093744105 0.03855962234290244 0.12517166172083533 0.016841876959340953 0.2673670615179701 0.3189719436441784 0.3135119007345758
0 0.31825343181854626 0.2213016948987363 0.030120910757923093 0.1940023800149595 0.021857666439376776 0.2812173679287232 0.30999018749999996 0.3085166828125
0 0.34136668607900567 0.265481669670825 0.041302002389578055 0.17591637695841203 0.002364552074706461 0.30636594462655287 0.30242923576413405 0.39593123733896585
0 0.3079139018286146 0.3205653978860446 0.020587256250000026 0.287264 0.007144178316499944 0.4032517582947691 0.2944708238951145 0.4365531561808137
0 0.2999806219577394 0.36638113704190134 0.015415275000000034 0.33647211406249994 0.004254683855199076 0.4426580464335121 0.2888200308129384 0.4725670694129135
0 0.3019789045110989 0.4764729248605829 0.0033919649878819623 0.44780728863863706 -0.026939992090042674 0.7637509559455377 0.2716469474331742 0.7924165921674835
0 0.2390279883768601 0.7877303162436764 8.881784197001253e-17 0.7523867171874999 -0.011830129928839205 0.8323936274807284 0.22719785844802082 0.867737226536905
0 0.22226252624209097 0.8570551068890817 9.992007221626409e-17 0.83955325 -0.005798215377153549 0.9131869224491143 0.21646431086493728 0.9306887793381959
0 0.21095813948995037 0.9330969466194812 0.00037224738359045164 0.9109634803843534 -0.0037108953660198174 0.9498119937346766 0.20687499674034013 0.9719454599698045