0 0.2482431513022909 0.9412204863175881 0.23215372580960522 0.316031381458944 0.16168683942110276 0.3178448675057069 0.17777626491378842 0.9430339723643512
0 0.231036812954919 0.2540509888647035 0.1851702038664394 0.2520274620407653 0.18251390336390563 0.3122369415148913 0.22838051245238522 0.3142604683388295
0 0.18371914718366744 0.9165963777640938 0.1816279296506982 0.2446184782852913 0.12099249510700216 0.24480717777069896 0.1230837126399714 0.9167850772495015
0 0.333984375 3.462258284698816e-17 0.2265625 2.804489007813031e-17 0.22656250000000006 0.9479166671874999 0.33398437500000006 0.9479166671874999
0 0.37890625000000006 0.09895833281250005 0.3046875 0.09895833281250005 0.30468750000000006 0.9322916671874999 0.3789062500000001 0.9322916671874999
0 0.4551766406870814 0.1043368496708017 0.37896054420906794 0.10415004551276734 0.3769181432176433 0.9374496500140138 0.4531342396956567 0.9376364541720481
0 0.49950409412086216 0.16957581797802163 0.45916472290755783 0.168567333697689 0.43998705235009367 0.9356741559962524 0.48032642356339805 0.9366826402765849
0 0.5412677175204653 0.1419247146780796 0.4967282110836799 0.14048795640592524 0.4711988505765984 0.9318981321254549 0.5157383570133838 0.9333348903976091
0 0.5874421894893901 0.22419786413710216 0.5531154614311907 0.2229106118349197 0.5277220936671088 0.9000670855437664 0.5620488217253083 0.9013543378459488
0 0.6377941200554917 0.13039149093241584 0.5645621774770658 0.12704246916815856 0.5269013533917621 0.9505591558334647 0.600133295970188 0.953908177597722
0 0.6606576696691855 0.1358399762549531 0.6369984363481385 0.13447502048643115 0.5903318512716549 0.94336249514548 0.6139910845927019 0.9447274509140019
0 0.6879336830937456 0.22419067091211456 0.6743267390827223 0.22325071754540557 0.6567637899333797 0.47749531542400137 0.6703707339444029 0.4784352687907103
0 0.6849835909223104 0.13341940114598044 0.6580217116431604 0.13181184139681976 0.6089435986667148 0.9549465074708439 0.6359054779458649 0.9565540672200046
0 0.7488775808242047 0.32607592798583535 0.69791833052144 0.3236316616224112 0.6703803478536846 0.8977568766965349 0.7213395981564494 0.9002011430599591
0 0.798828125 0.2239583328125001 0.69921875 0.2239583328125001 0.6992187500000001 0.8984375 0.7988281250000001 0.8984375
0 0.8257399582198446 0.16446275129499038 0.8035285445038911 0.1630745379377433 0.756962599270428 0.9081296616731518 0.7791740129863814 0.9095178750303988
0 0.7968750000000002 0.8723958328125001 0.7812500000000002 0.8723958328125001 0.7812500000000002 0.9231770828125001 0.7968750000000002 0.9231770828125001
0 0.8409600414484959 0.1617891657518093 0.8211443856304849 0.16069639061157256 0.7844235746684178 0.826567094098609 0.804239230486429 0.8276598692388457
0 0.8129145383812635 0.8733790716384273 0.7985422575329646 0.8723011505640257 0.7940751971252139 0.931861955405094 0.8084474779735128 0.9329398764794957
0 0.8629363290430889 0.16175504110570207 0.8392495326700571 0.16020628903515768 0.7975748153695739 0.7975843183366644 0.8212616117426057 0.7991330704072089
0 0.830078125 0.8776041671874999 0.810546875 0.8776041671874999 0.810546875 0.9453125 0.830078125 0.9453125
0 0.8844912683328904 0.15394638427855578 0.8614912682460139 0.15244638427941165 0.8217830882372665 0.7613051470607505 0.844783088324143 0.7628051470598946
0 0.8488643304861269 0.8988808322905614 0.8323132586243753 0.8971075031371832 0.827192770688122 0.9448987231928164 0.8437438425498736 0.9466720523461944
0 0.9028613054459556 0.15402954316615092 0.882507645980605 0.1525833621003983 0.8418369524954329 0.7249857154572016 0.8621906119607834 0.7264318965229541
0 0.8614719860268633 0.9067035853552861 0.8463073413344888 0.9060717251597705 0.8441409635398613 0.9580647922308276 0.8593056082322358 0.9586966524263433
0 0.9275484049525151 0.15140429105438585 0.9014231110421896 0.1493872646803768 0.8591041341798487 0.6975187729042593 0.8852294280901741 0.6995357992782684
0 0.9369373290176763 0.15174678646044382 0.9239745301927167 0.1506356894183044 0.8948794570059257 0.49007820993086515 0.9078422558308855 0.49118930697300456