0 0.546554139335175 0.45454657860646125 0.11896765080132576 0.41188249225284784 0.11131869352741297 0.4885415997417587 0.5389051820612623 0.531205686095372
0 0.7957249289589384 0.32846678621756276 0.3507691770148583 0.2908338810749555 0.3457240884180047 0.35048490141821204 0.7906798403620848 0.3881178065608192
0 0.7894298878676146 0.3853220498737372 0.36032934459862215 0.3496344374863626 0.357634483767587 0.38203689226757975 0.7867350270365795 0.41772450465495437
0 0.9302871911758634 0.5211658966203057 0.5472571389274383 0.4762942724617615 0.541087743019391 0.5289570427829609 0.9241177952678161 0.5738286669415051
0 0.9296750878029709 0.5655602559145578 0.5326786954585181 0.5279711105155052 0.5291138696433448 0.5656208887409988 0.9261102619877976 0.6032100341400515
0 0.9443558332481945 0.488440445568629 0.5475678178028136 0.45329218042277236 0.5442020486241145 0.49128827688219345 0.9409900640694955 0.5264365420280501
0 0.5330528278807041 0.5281347183919485 0.12039594869560762 0.48864999484019045 0.1166832556418361 0.527451541137792 0.5293401348269325 0.5669362646895502
0 0.5515550167604475 0.568107854391597 0.12339200963535986 0.5287908626028794 0.1200257290439081 0.5654497409984645 0.5481887361689957 0.604766732787182
0 0.529346631183125 0.6011757810977162 0.1245981306161282 0.5626465275664505 0.12147300059987112 0.5954759123125248 0.5262215011668678 0.6340051658437906
0 0.5369038011587643 0.622346023480752 0.12647410127317094 0.5893800546677875 0.12287194720619361 0.6342272430225173 0.5333016470917871 0.6671932118354817
0 0.5345331823574802 0.6663053139776391 0.131738911352371 0.6308878100251724 0.1286141842515315 0.6664245371858932 0.5314084552566406 0.70184204113836
0 0.9098773891317867 0.6010244571763298 0.5519757059476947 0.5638758378846035 0.5487449530463164 0.5950019449486328 0.9066466362304085 0.6321505642403592
0 0.9351585035220642 0.62931420854659 0.5470853591672475 0.5940305348858184 0.5418478788516787 0.6516358022426301 0.9299210232064954 0.6869194759034017
0 0.8998299782053533 0.6826130609031205 0.536098592143794 0.6497734318796484 0.5338016089778825 0.6752147932939281 0.897532995039442 0.7080544223174001
0 0.8943491688912504 0.7068605377012237 0.5337769496852655 0.6715123240010079 0.530776550758431 0.7021181279810079 0.8913487699644159 0.7374663416812237