0 0.7704693466489888 0.46649541862389315 0.031663819336213254 0.4149569047294266 0.026024696814156485 0.49579382790925486 0.764830224126932 0.5473323418037215
0 0.7726145240238279 0.3926536970016975 0.025706656354765767 0.36698923672248035 0.023239699948859993 0.43878459609186216 0.7701475676179221 0.4644490563710793
0 0.817438520550715 0.33629365329153577 0.07029333495294428 0.3077750097230013 0.06745716291037078 0.38207841346110133 0.8146023485081415 0.4105970570296358
0 0.8187203082463925 0.27192898199446136 0.06446793867764047 0.2698032487021561 0.0642869843858189 0.33400942352385987 0.8185393539545711 0.3361351568161651
0 0.8694163883104741 0.19907540669346657 0.04194309485492666 0.11210444445865382 0.02540636259686919 0.2694409157698807 0.8528796560524166 0.3564118780046934
0 0.7943049611200116 0.1950017638034205 0.7925890682316725 0.14499971847375479 0.05524945033138925 0.17030259955200328 0.05696534321972829 0.22030464488166895
0 0.8244577151551541 0.08711309217577032 0.041522881180465945 0.07831023336480825 0.04031770892007298 0.18549942767821265 0.823252542894761 0.19430228648917475
0 0.7980234317572036 0.08588825004271641 0.7949835363653106 0.034471875229544154 0.06176086328995376 0.07782227154224156 0.06480075868184672 0.1292386463554138
0 0.7956128265625 5.1928432150593e-17 0.045209606250000006 5.979487059314536e-18 0.04520960625000001 0.083784703125 0.7956128265625 0.08378470312500005
0 0.731046630678157 0.5475386726134699 0.04283547488145313 0.48765605195977385 0.028442765955330705 0.6530666959323317 0.7166539217520346 0.7129493165860278
0 0.7566720537937279 0.6486096755159952 0.024930904603412917 0.5797768207214637 0.0018740104823726455 0.8248876511708468 0.7336151596726876 0.8937205059653784
0 0.9317333008530412 0.9162617629763034 0.002125631703023978 0.7640015874988872 -0.019690781927032754 0.8971992891320225 0.9099168872229845 1.0494594646094388