0 0.722714446033677 0.21615589167578322 0.34768846414404064 0.12560610174448467 0.2419677725424627 0.5634647229960055 0.6169937544320991 0.6540145129273041
0 1.0323997864275833 0.22555802197879657 0.7210856138984584 0.19333656653087974 0.6759818649515771 0.6291156487035187 0.987296037480702 0.6613371041514354
0 0.3322573297002694 0.19568312029245366 0.013007297714825755 0.18209172361092713 -0.002567235975002832 0.5479239110706862 0.3166827960104408 0.5615153077522128
0 0.12114778511098354 0.6539907156951793 7.771561172376095e-17 0.6455192375000001 -0.022319071805706654 0.9646968417737231 0.0988287133052768 0.9731683199689023
0 0.3178688986619658 0.6458439325501552 0.16156550180165674 0.5705494461442088 -0.007276777066008444 0.9210481742764116 0.1490266197943006 0.996342660682358
0 0.3199580438137845 0.6891995363181243 0.200564051628783 0.6432072477260998 0.0836660033683799 0.9466695255929333 0.2030599955533814 0.9926618141849577
0 0.3164039385552768 0.6968959284294176 0.24001601981544943 0.6754957328413064 0.15877489686963103 0.9654856197265052 0.23516281560945837 0.9868858153146164
0 0.403038791086065 0.7012852913178317 0.2796554473782117 0.658502072007553 0.1751765777975564 0.9598106804642554 0.2985599215054097 1.0025938997745343
0 0.4441567546530731 0.7100581738566716 0.3457362149771826 0.6772447004522785 0.248768459165927 0.9680892185100969 0.3471889988418175 1.0009026919144899
0 0.47995385467869484 0.712008718869929 0.3734431086910508 0.704560762125843 0.35348349304375964 0.9899965702631148 0.4599942390314037 0.9974445270072009
0 0.8004397913257024 0.720714012367342 0.48350537891855777 0.6985518068504557 0.462592068171806 0.997626185885502 0.7795264805789507 1.0197883914023882
0 0.8746418437177045 0.7588860664591007 0.7936935747824331 0.7507554058658692 0.7686587812500002 1 0.8496070501852715 1.0081306605932316
0 0.9405088429813881 0.7692089724449186 0.8673962126691975 0.7647578851423426 0.8530864842257676 0.9998064956126008 0.9261991145379582 1.004257582915177
0 0.9818878799920838 0.7764757800129216 0.9429205332351897 0.7737509173864294 0.927119657112977 0.9997139486712865 0.9660870038698711 1.0024388112977785