0 0.8182568363619118 0.005368699001557872 0.148801666102091 -0.014712445722172627 0.14666869593246767 0.05639544816083357 0.8161238661922885 0.07647659288456407
0 0.7429361623070018 0.04304140838916662 0.15949035360038816 0.022691191397455162 0.15651395651478078 0.10802523994108985 0.7399597652213944 0.12837545693280134
0 0.7846408691890124 0.36083929464739417 0.686320556569992 0.0659152222993773 0.5960771584990742 0.09600011513126963 0.6943974711180945 0.3909241874792865
0 0.6383093550646237 0.05537741213280386 0.15623975067125148 0.04526532775700558 0.1553502724136424 0.08766909099976063 0.6374198768070147 0.0977811753755589
0 0.6285466564852953 0.09592155217984957 0.1562827484590366 0.08216801183519946 0.15479684450774028 0.13319042420364913 0.6270607525339991 0.14694396454829925
0 0.6281379885638999 0.14465903143202868 0.15882007496413605 0.1312940526164126 0.15813910588197017 0.1552066224212092 0.6274570194817339 0.16857160123682524
0 0.6547587013084044 0.1682301056919046 0.16148500074396524 0.15141605856491688 0.15973186583470447 0.2028477773979005 0.6530055663991436 0.2196618245248882
0 0.6227260440871046 0.21661074163254962 0.15893761826656377 0.2005937356296299 0.15828872794667698 0.21938300373227232 0.6220771537672178 0.23540000973519198
0 0.6875398197089952 0.23011126796280465 0.16140729043380903 0.21748566539991768 0.16104716785238057 0.23249264852585613 0.6871796971275669 0.24511825108874313
0 0.6903286782507061 0.23834207771168145 0.158903910178033 0.21769343717032813 0.15836956074071462 0.2314457481385957 0.6897943288133878 0.252094388679949
0 0.6877736064386553 0.24568268476814775 0.14841056412452883 0.23056224644896894 0.14788186472301768 0.24942154878195816 0.6872449070371441 0.26454198710113697
0 0.6853653515143027 0.262711905244741 0.5651134179645921 0.25879113653584074 0.5642864453839668 0.284154798408334 0.6845383789336773 0.2880755671172343
0 0.24209277343750002 0.267578125 0.17177148437500006 0.267578125 0.17177148437500006 0.2734375 0.24209277343750002 0.2734375
0 0.6485512049743122 0.2812975993152712 0.2500417739254849 0.2683043508892094 0.24974306812264876 0.2774658073345749 0.6482524991714762 0.2904590557606367
0 0.6697918684845608 0.30891523742984683 0.15150329191954212 0.2853596102212016 0.14957591157695918 0.32776727805396877 0.667864488141978 0.351322905262614
0 0.5791493317938324 0.326915846966154 0.15366420912069018 0.3102974116661468 0.15252565298516024 0.3394480921153473 0.5780107756583025 0.3560665274153545
0 0.5685148484791339 0.35303974718479886 0.1538164776004715 0.33603276019010303 0.1526988537765522 0.36328489951255133 0.5673972246552146 0.38029188650724716
0 0.7762962851909078 0.8048667259343961 0.6441654330704012 0.34390256894659943 0.5737399507782807 0.36408934235445434 0.7058708028987872 0.8250534993422513
0 0.5627758981093189 0.378027559074533 0.15118497789395408 0.36039015288393406 0.15038536649175285 0.3790500844685523 0.5619762867071177 0.39668749065915127
0 0.5059323631139478 0.38731514604021816 0.14851739707178127 0.3732084237303507 0.1475289722605324 0.39825164869697766 0.5049439383026989 0.4123583710068452
0 0.5057140698822546 0.4098564008400044 0.14844963365893926 0.39629109259632034 0.14759005329480546 0.4189295383038756 0.5048544895181208 0.4324948465475596
0 0.6177728928575623 0.43357094594863355 0.13030061536098475 0.4169546498891667 0.12934243645467297 0.44506474446363553 0.6168147139512505 0.4616810405231024
0 0.557878640473729 0.45674241961149037 0.14851694743049076 0.4427886519501677 0.14770990086417696 0.46646497771175294 0.5570715939074152 0.4804187453730756
0 0.5576221100541351 0.4766540275387123 0.150984912335764 0.46420750587274595 0.1504802876332074 0.4806939733737964 0.5571174853515786 0.4931404950397627
0 0.5858857421875 0.490234375 0.5233779296875001 0.490234375 0.5233779296875001 0.505859375 0.5858857421875 0.505859375
0 0.5708343867798242 0.5044232881630214 0.15366787607269522 0.4911111272033969 0.15278560200742847 0.5187591698022672 0.5699521127145575 0.5320713307618917
0 0.5813928617127581 0.5303152862870878 0.15364059833503152 0.5172224656871671 0.15276420904644888 0.5458547606865729 0.5805164724241754 0.5589475812864936
0 0.6071131593559687 0.5571940327766244 0.1536303805249176 0.5445988633163888 0.15313852145503423 0.5623080031980041 0.6066213002860853 0.5749031726582396
0 0.5527968868479569 0.5712235367407335 0.15890492224196112 0.5571577252045559 0.15793635938943695 0.5842808758200666 0.5518283239954328 0.5983466873562442
0 0.573682835985047 0.5971974884200059 0.1488277118936483 0.585098696509945 0.1478104791471909 0.6208193327469071 0.5726656032385897 0.6329181246569681
0 0.5658639343774531 0.6312244073422033 0.14847534131017837 0.6190689775290992 0.14755058267986873 0.6508229927771365 0.5649391757471434 0.6629784225902406
0 0.5054092857676767 0.6587823883730233 0.1510312692355569 0.6496185852082007 0.1506031292204483 0.6661754019166441 0.5049811457525681 0.6753392050814668
0 0.49764019223022976 0.6723911879740355 0.15106684592020478 0.6648579264510731 0.15064373705277087 0.6843233672290208 0.4972170833627958 0.6918566287519832
0 0.57286328125 0.66015625 0.15093554687500008 0.66015625 0.15093554687500008 0.71875 0.57286328125 0.71875
0 0.5890827265707032 0.7326498596097146 0.13291052539698675 0.7242032820768374 0.13216382901796736 0.7645299267444433 0.5883360301916837 0.7729765042773205
0 0.5913932843948267 0.7675939204250275 0.1457601581797137 0.7631967747437464 0.14544397846252 0.7952403243624565 0.5910771046776331 0.7996374700437376
0 0.6177976030706748 0.7989462835980985 0.14850487070604126 0.7912116559370292 0.1475747870266642 0.8476437856204718 0.6168675193912978 0.8553784132815412
0 0.6644097828825392 0.8567699251818024 0.1433691102609114 0.8462096099653605 0.1429210161552918 0.8683183490895792 0.6639616887769196 0.8788786643060209
0 0.6616347019108282 0.8753897428310911 0.14320077414325869 0.8644382822112426 0.14293068350917718 0.8772241701526502 0.6613646112767466 0.8881756307724986
0 0.6642413542367719 0.8849058590564048 0.14580620277086212 0.8741064766569984 0.1455136236203192 0.8881520313579621 0.663948775086229 0.8989514137573685
0 0.6669210320312206 0.8953424639547002 0.14316279187499129 0.8855232243567206 0.14277021771339676 0.9064631301361716 0.666528457869626 0.9162823697341512
0 0.6538599585365247 0.9132638384124739 0.14068967316655134 0.9047120692941141 0.1403953761833596 0.9223720955129918 0.653565661553333 0.9309238646313517