0 0.6385003624711378 0.853960864000185 0.5272343334881116 0.06226217785268538 0.4672767000189742 0.0706886763426523 0.5785427290020004 0.8623873624901519
0 0.7099181338404746 0.8515477446911959 0.5907301791814723 0.14522884580943074 0.5114447288262981 0.1586078884444388 0.6306326834853004 0.8649267873262039
0 0.7818737927934076 0.8520284026186218 0.6596534453125 0.13437858281249998 0.5910246860236323 0.146066498807149 0.7132450335045399 0.8637163186132708
0 0.8392510777754072 0.8138707533192528 0.7257809564818473 0.12852578748829063 0.66188794266759 0.13910432587227733 0.77535806396115 0.8244492917032394
0 0.9055484423739589 0.8398110865082401 0.7848799039603327 0.11159216220195667 0.7231761598313773 0.12181669821738958 0.8438446982450035 0.8500356225236729
0 0.9253717340206192 0.8372079856091152 0.8027838521867678 0.09703749098186469 0.7804740506596816 0.10073246576563585 0.9030619324935328 0.8409029603928865
0 0.5978301466251107 0.8542566024976285 0.47309347649898487 0.1192191975177829 0.442004072119643 0.12449510422975499 0.5667407422457689 0.8595325092096007
0 0.5791365579862607 0.8881140871560189 0.45177230925474454 0.14894333457308223 0.4164272448394256 0.15503353438130452 0.5437914935709418 0.8942042869642414
0 0.5541883334619002 0.9102516342918026 0.43009278275675566 0.1780850667982597 0.3972970457659999 0.1836436448914677 0.5213925964711444 0.9158102123850107
0 0.5168932415551944 0.8841895644474963 0.41379017047486 0.1675372661813805 0.3828756144350389 0.171984870237772 0.4859786855153733 0.8886371685038877
0 0.49354731622064074 0.8611976376391756 0.3951570417825694 0.14660994460952007 0.3622354932412629 0.15114285250522183 0.4606257676793343 0.8657305455348773
0 0.467454806886553 0.8438128778913491 0.36814884400688974 0.13721536731767628 0.3410712035839381 0.14102088759544712 0.44037716646360137 0.8476183981691199
0 0.4709607952521881 0.8753879550707712 0.4580774108442305 0.8241557193868729 0.43090302751825293 0.8309892690409981 0.44378641192621054 0.8822215047248964
0 0.4434682406654587 0.8234403735198809 0.34785816814365983 0.18980328550600395 0.3208218726269222 0.19388281655614897 0.416431945148721 0.8275199045700259
0 0.4373348553782913 0.8504963550800791 0.3218494993161256 0.18827266470792964 0.2949269791761381 0.19296768977220974 0.4104123352383038 0.8551913801443591
0 0.4365212589283762 0.8840898117381581 0.29968181028692964 0.1955045479341544 0.2645693032153239 0.20248229834599743 0.40140875185677044 0.8910675621500012
0 0.4090652150356159 0.8914653909445345 0.3039605461862523 0.1436066913993729 0.22852997034154554 0.1542077657735782 0.3336346391909092 0.9020664653187399
0 0.35434044054800296 0.9038946515986883 0.22883635977669106 0.15666342749064185 0.1675656348030693 0.16695438665818108 0.2930697155743812 0.9141856107662276
0 0.2909664526503252 0.9001125113161749 0.17824919759706886 0.17930916129975644 0.11862386237262659 0.1886332080289736 0.23134111742588298 0.9094365580453921
0 0.2346184119923281 0.8948648742901394 0.12464562655054527 0.22131321923725217 0.08564632263773472 0.22768075177823546 0.19561910807951755 0.9012324068311226
0 0.14702070780886306 0.8283247506097677 0.06683764479789445 0.2819852411903074 0.03411273197277297 0.2867880857619427 0.11429579498374158 0.833127595181403
0 0.20328505253825507 0.941372322670053 0.09732511708729914 0.21730309913251702 0.05303841817683781 0.22378399295501925 0.15899835362779374 0.9478532164925552
0 0.15156033616296077 0.9155490901553227 0.0322224104942649 0.2651378896617971 -0.043606308630918494 0.27905099884510615 0.07573161703777737 0.9294621993386318