0 0.7371607734242218 0.3591207664268005 0.7352519149505344 0.24976241671925908 0.07129055415220674 0.2613519137549253 0.07319941262589413 0.3707102634624667
0 0.7196292936033071 0.250035141392276 0.7182999139070798 0.17387486745478098 0.07516871311030533 0.18510074042171903 0.07649809280653264 0.26126101435921406
0 0.6948590437819678 0.18283787894156558 0.6945769778367514 0.13442264274479518 0.0770556198967752 0.1380203066043859 0.07733768584199163 0.18643554280115632
0 0.6093503149627096 0.36254759468944 0.6090803578461704 0.3182212603203517 0.08283828720665767 0.32142619016653734 0.08310824432319694 0.3657525245356257
0 0.688852552203439 0.4288599545546624 0.6879398504736287 0.36017086694122014 0.07577589459702254 0.3683049552057248 0.07668859632683274 0.4369940428191671
0 0.6895639130423634 0.467389812156404 0.6888821784040331 0.4283332611557654 0.07959998846784075 0.438968321414682 0.08028172310617104 0.47802487241532055
0 0.5574061879624334 0.48925103647932167 0.5566077826848677 0.4679421277160477 0.08008438882511028 0.4857965752040805 0.08088279410267599 0.5071054839673544
0 0.673384804340402 0.5244613831033808 0.6707384605047134 0.467678948715825 0.08443473861949195 0.4950036179905233 0.08708108245518051 0.551786052378079
0 0.7345608676156048 0.5814438508961821 0.7305765855488635 0.5115048948664948 0.05334632732858309 0.5500853445337196 0.057330609395324326 0.620024300563407
0 0.6284645183411571 0.6280185241453109 0.6262845513975982 0.5857519888517004 0.0664597250705737 0.6146258865369225 0.06863969201413263 0.6568924218305329
0 0.6316022340352573 0.6692037483860904 0.6290550973867275 0.6244920394914159 0.06911615777958312 0.6563906412060587 0.07166329442811292 0.7011023501007332
0 0.650668319100171 0.7294286197552514 0.6469481637096228 0.6649255499157456 0.06403443548787396 0.6985445645403876 0.06775459087842212 0.7630476343798935
0 0.7515703480667211 0.7970552731984755 0.7428839577631716 0.6518901467505056 0.06765509913012077 0.6922944887148905 0.07634148943367029 0.8374596151628604
0 0.6889383961092742 0.8302831985919144 0.6872799902905798 0.8008194338940164 0.06726988658592377 0.8357174984888097 0.06892829240461802 0.8651812631867075
0 0.8806926742213215 0.8799711671343312 0.874013774113946 0.7567512405550868 0.05352320910998061 0.8012243600807774 0.06020210921735608 0.9244442866600217