0 0.768849555436935 0.49130226249935544 0.7588264286389157 0.4112951321599766 0.023428699802237146 0.5034242293021791 0.033451826600256515 0.583431359641558
0 0.7558450289135388 0.41059501267031695 0.7445806884285039 0.33895428399184224 0.006977627749402448 0.45493037987415175 0.01824196823443741 0.5265711085526265
0 0.7887942043975881 0.3473805885861202 0.7774707647632627 0.27440988951764733 0.03838447108559623 0.38909974637598943 0.04970791071992157 0.46207044544446224
0 0.7769959618336507 0.27368749358444405 0.7645327788270402 0.21104655227406122 0.024849720292123328 0.35821556239048674 0.03731290329873396 0.4208565037008696
0 0.8153147419144474 0.28618181576969637 0.798778011045394 0.1288453437493772 -0.014926537025755093 0.21436914471931107 0.0016101938432983298 0.3717056167396302
0 0.7244609936667331 0.1404772645046678 0.7123865871160246 0.09192463777762627 -0.0035796262218600883 0.26997611962666257 0.00849478032884835 0.3185287463537041
0 0.7526002635628295 0.13422682646274428 0.7337765280598132 0.028557241307936864 -0.01810423865070059 0.16249554211255446 0.0007194968523156264 0.26816512726736186
0 0.7053503372611846 0.032992059998377954 0.6916868053522804 -0.016668714520395866 -0.0036008537668938746 0.17463086161993668 0.010062678142010196 0.22429163613871053
0 0.6267268322521946 0.0031911808494286876 0.6003651966686806 -0.09076101847561682 -0.025947721164374438 0.08497337645898922 0.000413914419139616 0.17892557578403473
0 0.754707561139279 0.6640374257997465 0.7405388378414633 0.4987085826818484 0.04857975674602025 0.5580096493835648 0.06274848004383585 0.7233384925014629
0 0.8103692042555128 0.8365454451547389 0.7819608431794325 0.5919970767890341 0.05189883735638033 0.6768059234313217 0.08030719843246065 0.9213542917970265
0 1.0026614453749638 0.9649120779552289 0.9989711231419456 0.8182857957598166 0.042483564846954106 0.8423588831294964 0.04617388707997252 0.9889851653249087