0 0.13956757597184705 0.9978296019478927 0 0.36014922031249996 -0.062189719047924905 0.3737605349896572 0.07737785692392214 1.01144091662505
0 0.1521042422730062 0.9995966083271431 0.011864544450320114 0.29622220055455506 -0.012239461530360785 0.301028088397065 0.1280002362923253 1.0044024961696532
0 0.19965025774710704 0.9995816216776288 0.038138075647271605 0.18505665352202633 -0.01064346130051766 0.19472954605036935 0.1508687207993178 1.009254514205972
0 0.24279721718749997 1 0.12870811748015765 0.16295428443444476 0.0376247576151442 0.17536892121243494 0.1517138573224865 1.01241463677799
0 0.3259533256240232 0.999948578493153 0.19621905266274292 0.11608011471754569 0.12093745237224104 0.12712995310563582 0.25067172533352133 1.0109984168812431
0 0.361565962817254 0.9992915131893607 0.20315584103593837 0.13836300696345233 0.1650220469221023 0.14537959303984752 0.32343216870341795 1.0063080992657558
0 0.3886497722043142 0.9997809245199164 0.22289019400009508 0.03716708985610776 0.18430572888277927 0.043811233574772866 0.35006530708699846 1.0064250682385816
0 0.4696296550843483 0.9998894317787663 0.35610609763011664 0.1335803322301632 0.24105988081571983 0.1486563089355059 0.3545834382699515 1.014965408484109
0 0.5018403982572351 0.9993797628075336 0.37396573116144827 0.24192677492504994 0.34087954486111866 0.24751244839430592 0.4687542119569056 1.0049654362767897
0 0.5549292980942575 0.9964793784717643 0.4064239710722039 0.07180556743796507 0.3485717083742741 0.08109681056435636 0.49707703539632775 1.0057706215981557
0 0.6085393173158562 0.9855261211759835 0.4678569335486431 0.09729250701721932 0.41191364964505367 0.10615305272261547 0.5525960334122668 0.9943866668813797
0 0.6242482609799213 0.9848268404067623 0.4884979278984017 0.11512301089185144 0.4713838565280481 0.11779431209815086 0.6071341896095678 0.9874981416130618
0 0.6688869238565237 0.9796656519111423 0.5413587639515755 0.14909380243949694 0.4950759139760347 0.15620019148493858 0.6226040738809829 0.9867720409565839
0 0.7515627308596283 0.9646311889090728 0.6030043119039056 0.026670211282185264 0.521983002439 0.039502725558292685 0.6705414213947225 0.9774637031851803
0 0.8249825678316025 0.9544891673135997 0.7057231808756426 0.06679955070252445 0.6118620391323868 0.07940961396542676 0.7311214260883467 0.9670992305765018
0 0.9293593314364029 0.9365667556537233 0.8011863189097378 -0.010044784730874824 0.64723980498144 0.010799867606821523 0.7754128175081052 0.9574114079914195
0 1.034126332241446 0.9251097300232306 0.9457211346098194 -0.006014515264016385 0.806213962403946 0.007230934193789218 0.8946191600355726 0.9383551794810362
0 0.28670978009763626 0.9994313846140755 0.1369948340377242 0.21175739222899942 0.09173022053020866 0.22036093790299122 0.24144516659012072 1.0080349302880673