0 0.6408339580928354 0.08491710742566126 0.5796573298649002 0.07646723166393167 0.47027406840753533 0.8683959308814625 0.5314506966354706 0.8768458066431922
0 0.6794601538504335 0.18080007858734687 0.5994135391009773 0.17320265694940234 0.5317314804069229 0.8863024342047308 0.6117780951563789 0.8938998558426754
0 0.7488431718750003 0.18815818281250013 0.6795278250064192 0.18168541273830927 0.6118421741468232 0.9065148618895797 0.6811575210154043 0.9129876319637706
0 0.8142322586047765 0.19961987616502047 0.7497784185589068 0.19330123039779118 0.6820018063961859 0.8846618605257481 0.7464556464420558 0.8909805062929774
0 0.8757002029252561 0.1985591824239291 0.8134526568624247 0.19246522153725235 0.7415325876407064 0.9271020045708781 0.8037801337035377 0.9331959654575549
0 0.8967611149250455 0.18913433275459876 0.8742551706680658 0.18692920273679728 0.8010957519859773 0.9336070790706851 0.823601696242957 0.9358122090884866
0 0.5725636181915665 0.12523006797511635 0.5411680554658255 0.12227967259021436 0.47141274559785157 0.8645555104729434 0.5028083083235926 0.8675059058578455
0 0.5442757793348577 0.1484230558142608 0.5085588097094692 0.14515776130395505 0.440271757989018 0.8921061741986746 0.4759887276144066 0.8953714687089802
0 0.5157925286081698 0.1709607327233691 0.4826756131876917 0.16784174554719442 0.413044059494323 0.907178634097017 0.4461609749148011 0.9102976212731917
0 0.5027753856969598 0.15655291266694035 0.4717630929709096 0.1528476924672078 0.38586974981405936 0.8717656939915415 0.4168820425401096 0.875470914191274
0 0.49019355559843614 0.13151606456944945 0.45722057909699537 0.1273737936040779 0.36730938063519625 0.8430777779356232 0.40028235713663707 0.8472200489009948
0 0.4665371366634381 0.11545136719096838 0.4393972029453418 0.11211900335993755 0.3524383744662316 0.8203420428580843 0.3795783081843279 0.8236744066891152
0 0.37560821235186725 0.8022600156822319 0.34759112056869623 0.801827471734101 0.34677563957452023 0.854648476304819 0.37479273135769126 0.85508102025295
0 0.43332709267593905 0.16099577788342775 0.4061561769789887 0.1579387942057121 0.3345110698257184 0.7947309304382282 0.3616819855226687 0.7977879141159437
0 0.4086008016703032 0.1527857726576907 0.38138048295880156 0.15035275767818812 0.3215346663540878 0.8199015336842658 0.3487549850655895 0.8223345486637683
0 0.38531670504500726 0.15403381596276206 0.3495946521599433 0.15168601993752312 0.3035524339937295 0.8522249656543895 0.33927448687879347 0.8545727616796285
0 0.4033638559985507 0.10557857733250675 0.3274762473106115 0.09520083523848774 0.2251333141431599 0.8435871791873868 0.3010209228310991 0.8539649212814059
0 0.3269380827298717 0.09818002276710058 0.2650916099567607 0.09226229526599092 0.19292156941896552 0.8465150800246859 0.2547680421920765 0.8524328075257955
0 0.2722134876250092 0.10696120267201745 0.2122065946918338 0.10053536769165505 0.1345254666379167 0.8259513094805625 0.1945323595710921 0.8323771444609248
0 0.20956496349034995 0.13366038142900474 0.17024649115484689 0.1297171830113269 0.10214404744256914 0.8087811725577205 0.1414625197780722 0.8127243709753984
0 0.13802366654206333 0.17730324662406632 0.10517075937549909 0.1734726073337655 0.041218579041372536 0.721948954072074 0.07407148620793677 0.7257795933623749
0 0.18421327382758584 0.12271583340964445 0.1397582297510919 0.11751365503633401 0.054704761698207184 0.8443352670264629 0.09915980577470115 0.8495374453997734
0 0.109002325848125 0.15140023423919927 0.03621140120999426 0.14553981590558127 -0.01690981387199958 0.8053463593289389 0.05588111076613115 0.8112067776625569