0 0.5752762651856319 0.9679331931883608 0.495995658661911 0.23103959579460134 0.41582578614944304 0.23966487920077748 0.49510639267316386 0.976558476594537
0 0.5152239549280742 0.9826463205453233 0.4153869784082459 0.24265787141310988 0.34336540291026263 0.25237480192782996 0.44320237943009094 0.9923632510600434
0 0.4542175409380439 0.9495615464371744 0.3524439874781249 0.20858620464068323 0.27928678102130833 0.21863440522487493 0.38106033448122734 0.959609747021366
0 0.41279355166745857 0.961235382632009 0.2785562092267658 0.21909652786836115 0.21570729651594972 0.23046457707294551 0.34994463895664246 0.9726034318365935
0 0.3571167453601053 0.9991092326558674 0.29188894721631187 0.18126630141024824 0.1340716448532028 0.19385316222282561 0.19929944299699626 1.0116960934684447
0 0.30997843467207775 0.9882632517739687 0.14444940647663002 0.26929865620054316 0.09569344755978208 0.2805238633219122 0.26122247575522983 0.9994884588953378
0 0.2600846577313437 0.9988907530819098 0.13869101708757642 0.24105458704988392 0.03270900740330683 0.25803126693793876 0.15410264804707413 1.0158674329699646
0 0.21720813123325672 0.9906078955070357 0.0366310983663945 0.28646834474194727 -0.013260574128157199 0.2992630956887479 0.16731645873870504 1.0034026464538361
0 0.17171950723859605 0.9994975406298409 0.002610823013371277 0.3536701406153172 -0.09178714030719831 0.37838806891988214 0.07732154391802648 1.0242154689344056
0 0.7156733827694153 0.9410827201986596 0.6684577013340718 0.24819408001234455 0.502906760017477 0.25947525862197474 0.5501224414528205 0.9523638988082895
0 0.9141606646165483 0.9269099326633199 0.8419032067872869 0.19548504551909315 0.5969008404277918 0.21968882702345374 0.669158298257053 0.9511137141676805
0 0.9750600890625 1.1384338344084267e-16 0.8270921828125 1.0478296230256277e-16 0.8270921828125 0.9630341625 0.9750600890625 0.9630341625