0 0.833854245487627 0.11854156802607836 0.8268758455414755 0.04651339721848313 0.1727658093129386 0.1098863996203869 0.17974420925909024 0.18191457042798215
0 0.9061345076662978 0.2042020852550465 0.9020904210032737 0.11506582409002111 0.18028887078776232 0.1478137538822792 0.18433295745078637 0.23695001504730456
0 0.8408578810757634 0.25805718278397505 0.8349808258017871 0.18304598430011176 0.1783329897430473 0.2344937108536917 0.18421004501702354 0.309504909337555
0 0.8387393699800885 0.33555758263639535 0.834260399133122 0.26236107854152446 0.18550256342809762 0.30205925086267393 0.18998153427506417 0.37525575495754476
0 0.8447549523157317 0.4285918884915148 0.8408736720462432 0.3448073734070206 0.22127205496807623 0.3735101417990489 0.2251533352375647 0.4572946568835431
0 0.8777762106389426 0.5090524448598863 0.8769841051654639 0.4543863642587733 0.20249185649266357 0.4641596824867821 0.20328396196614223 0.5188257630878951
0 0.7976407739942889 0.5456491214479022 0.7973475115624523 0.5124485261312237 0.20081989680572315 0.5177176828223206 0.20111315923755982 0.5509182781389991
0 0.7958911698262945 0.5476735181106827 0.20146491376878112 0.5457900421485238 0.2013406583451566 0.5850051358072205 0.79576691440267 0.5868886117693795
0 0.8143323107419873 0.6083116248960984 0.8139600366015542 0.5727396142649577 0.21492629230861734 0.5790087221475411 0.21529856644905038 0.6145807327786817
0 0.8005214248134853 0.6773711790014204 0.27134222783073664 0.6714296417521842 0.27107500807764295 0.695229397342072 0.8002542050603918 0.7011709345913082
0 0.8475954896710818 0.7323748705498994 0.847443678964788 0.6874210458542696 0.2780667568486898 0.6893438524959509 0.2782185675549834 0.7342976771915806
0 0.8516676412126891 0.7325256625229246 0.2776405896904736 0.7232737389797002 0.2768456929378941 0.7725923738577409 0.8508727444601096 0.7818442974009653
0 0.8002393298866247 0.7806216020267557 0.27837815433941 0.76721444305501 0.2770279443217769 0.8197701104057549 0.7988891198689916 0.8331772693775005
0 0.7933987304099256 0.831186075944099 0.28104672126081126 0.8118336901498706 0.2799735957350359 0.8402445550967753 0.7923256048841503 0.8595969408910037
0 0.7659158421342418 0.856594537265224 0.27439851365553963 0.8372660542513831 0.2729775235913257 0.8734013908764586 0.764494852070028 0.8927298738902996
0 0.8621051876342024 0.894750318861951 0.2697808562195566 0.8682784328227433 0.2681132199558479 0.9055927946888023 0.8604375513704937 0.9320646807280101
0 0.8624460353267001 0.9328789011654222 0.2676459942658651 0.8995686301673604 0.26599305393887496 0.9290841202821681 0.8607930949997099 0.9623943912802299