0 0.29573950460537757 0.999756652579696 0.2398746489181694 0.051610860776960664 0.18310115121509596 0.05495596158683708 0.23896600690230413 1.0031017533895725
0 0.3526445513029417 0.9991170573087297 0.29393915774844986 0.09485228042948626 0.23669400265369694 0.09856866908560902 0.29539939620818884 1.0028334459648525
0 0.4257843276210823 0.97862225590648 0.36363836996709964 0.08989331606024542 0.28960042436694716 0.09507055157690478 0.3517463820209299 0.9837994914231393
0 0.4509026061735967 0.5818520436546888 0.4117625947712936 0.02212372293764834 0.3611050453044874 0.025666043364107265 0.4002450567067905 0.5853943640811476
0 0.458605645612964 0.5813809890439747 0.43007325087013726 0.1325137225988651 0.41372203127434926 0.1335530932255729 0.442254426017176 0.5824203596706825
0 0.49346791214890284 0.5745819606499596 0.463291258418005 0.1430356967885173 0.428220646821521 0.14548807279290718 0.45839730055241884 0.5770343366543496
0 0.5265122692064791 0.5724388645878922 0.5005256434297987 0.1662597357889928 0.46683395783985804 0.1684152705349567 0.4928205836165384 0.574594399333856
0 0.5621451818938727 0.6771469756472632 0.5294081665676162 0.15561225729352107 0.49962135749198333 0.15748199135131752 0.5323583728182398 0.6790167097050597
0 0.7928106862399653 0.20774890859377798 0.7483737448221737 0.08106618947211883 0.5104930726318798 0.16450842664413198 0.5549300140496716 0.29119114576579114
0 0.6057426389041587 0.669813201313491 0.5790069442309611 0.24231437838171987 0.5342053145104931 0.24511626374096745 0.5609410091836907 0.6726150866727385
0 0.7144730817716447 0.9296830493568458 0.6512257080553485 0.9060194987262264 0.6385427437913915 0.9399182231042562 0.7017901175076877 0.9635817737348755
0 0.7456462207488974 0.9175657289039888 0.689829916071972 0.23426177337753012 0.6215024887201329 0.2398431613850419 0.6773187933970582 0.9231471169115005
0 0.829252071621269 0.9246472753463536 0.7766670010011123 0.1726458649236348 0.7415963904656826 0.17509824135024404 0.7941814610858392 0.9270996517729628
0 0.8071899818142096 0.9260357850759318 0.7449520304427588 0.19569253673149822 0.674447514430334 0.2017007481430447 0.736685465801785 0.9320439964874783
0 0.05788506400293593 0.7594285973588809 0.026841783625036288 0.37087879266012796 -0.0032916877867312233 0.37328631362779435 0.027751592591168422 0.7618361183265473