0 0.2797353115527407 0.9255325018209135 0.18077958449063258 0.22142579300598872 0.07246901181533069 0.23664784860269944 0.17142473887743878 0.9407545574176241
0 0.3051546365329855 0.8878651081585371 0.201311377375742 0.3769521022573158 0.15584903342902554 0.3861923406341548 0.25969229258626914 0.8971053465353762
0 0.32426501453624407 0.8789026370901049 0.20842804063791592 0.29277903706794883 0.18369926091186056 0.2976662434721208 0.2995362348101887 0.8837898434942767
0 0.38031218397743694 0.86931593316157 0.30201751940656035 0.312220517825205 0.21498223936998948 0.3244525302753186 0.29327690394086603 0.8815479456116837
0 0.3874473989209657 0.8278802114377894 0.30881191643887757 0.42857481608429937 0.28552393818131794 0.4331609334461608 0.36415942066340606 0.8324663287996508
0 0.40115214085419726 0.8347457806218068 0.33363711474786684 0.3837758622598331 0.3005699491676973 0.3887263710554454 0.3680849752740277 0.8396962894174191
0 0.4239536865676362 0.8332048194948433 0.33961211714432665 0.4111722349781979 0.31593180659395725 0.41590465287559064 0.40027337601726687 0.837937237392236
0 0.44355049443726224 0.8361505759900536 0.35823224099530343 0.3510335592169968 0.327892730117101 0.356369414255911 0.41321098355905994 0.8414864310289678
0 0.4656099981219466 0.8246120257326206 0.37599355908578813 0.3663984644857091 0.3511107078111417 0.3712649999025833 0.44072714684730013 0.8294785611494948
0 0.5464318843506483 0.8259286704275437 0.45199074921399884 0.3048829655450394 0.3670909411276705 0.3202713166501782 0.46153207626431997 0.8413170215326826
0 0.5808193788252399 0.8427271522898676 0.4729086002942308 0.23980387487675894 0.4399596026875006 0.24570106298801248 0.5478703812185097 0.8486243404011212
0 0.6135444849600933 0.8622247169044105 0.5000058788978398 0.2468519362289781 0.4707282523406418 0.25225376908948727 0.5842668584028953 0.8676265497649196
0 0.6330031884971793 0.8090080002443198 0.5472722794142212 0.34760509488115676 0.5172550611765863 0.3531824403589198 0.6029859702595444 0.8145853457220829
0 0.6696827690073768 0.7986474637305478 0.58926287547246 0.316066059350086 0.5428440106180582 0.3238015421841068 0.623263904152975 0.8063829465645685
0 0.7495269623399826 0.7853609403182823 0.6706267158698029 0.2834615898452649 0.5759294720045595 0.2983483114040252 0.6548297184747393 0.8002476618770424
0 0.7714908379558896 0.7617376000295767 0.7138572735568186 0.35165347290071547 0.6829113963414313 0.35600263223020673 0.7405449607405024 0.7660867593590679
0 0.8201945600888736 0.7732485256309743 0.7541572937613569 0.32990874798005654 0.6942094800440222 0.33883821909852924 0.760246746371539 0.7821779967494471
0 0.8696694491694918 0.7816092818308186 0.7893963276081888 0.27217950719706996 0.6902001966005151 0.28781028395823344 0.7704733181618183 0.7972400585919821
0 0.898414884456599 0.7807208200317305 0.8248324064502086 0.2571542941529287 0.7900182935828161 0.2620470987302975 0.8636007715892063 0.7856136246090994
0 0.9118347114318958 0.7499038190057954 0.8476765917650873 0.2933950736025494 0.8283354181006606 0.29611329827393595 0.8924935377674691 0.7526220436771819
0 0.9427698854292716 0.7405347624770571 0.8867441329624614 0.3168617547490947 0.851261082946869 0.3215539691235764 0.9072868354136793 0.7452269768515387