0 0.12989575181462715 0.7746079690840366 0.03040391813572315 0.276208954388364 0.0019453473930128417 0.28188993549704844 0.10143718107191683 0.7802889501927212
0 0.17252109039901561 0.7690027580578847 0.08960470037679036 0.24135284077071123 0.026142409012672407 0.2513254834833366 0.10905879903489768 0.77897540077051
0 0.24569202014965427 0.7417062202665953 0.11774620073538541 0.2633041203553553 0.045367131447193954 0.28266147545525544 0.1733129508614628 0.7610635753664955
0 0.2826846649614959 0.7404049258726781 0.14950120212164672 0.24783415051968727 0.11341608293604925 0.2575910045000771 0.2465995457758984 0.750161779853068
0 0.32954609244642913 0.7310500234370174 0.18465091773940484 0.17858736198783862 0.13445540615364004 0.1917522108151777 0.27935058086066433 0.7442148722643565
0 0.37599322954030867 0.722535136120581 0.2429686027770063 0.2262443136107477 0.19754918370751437 0.23841842805229668 0.33057381047081674 0.73470925056213
0 0.429728159705202 0.7084954801860109 0.3115283364254669 0.23879032961015806 0.2614097485908152 0.2514025145475022 0.3796095718705502 0.7211076651233551
0 0.4583365515390492 0.6954685644348827 0.3450527221989482 0.2293479734134271 0.3120018893244133 0.23738049757783303 0.42528571866451426 0.7035010885992886
0 0.4760712169238202 0.6783556979682774 0.36834643325295857 0.25468453416927306 0.34733503742888117 0.2600269984745506 0.45505982109974275 0.683698162273555
0 0.49637069089949665 0.6659817326720189 0.40186251821359653 0.2603542847768884 0.37430281842801116 0.26677548945626467 0.46881099111391134 0.6724029373513951
0 0.515152250044386 0.6575418336992835 0.41437157540473296 0.2122609332521678 0.39055241283561626 0.21765193760617615 0.4913330874752694 0.6629328380532918
0 0.5334191616914157 0.6167771470176088 0.44390794424576024 0.2081548552928648 0.41470226470302796 0.21455253839811897 0.5042134821486834 0.6231748301228629
0 0.6046822704755466 0.5893986198033808 0.5304391882975626 0.22040796567890375 0.47187836540612366 0.23219074645598212 0.5461214475841075 0.6011814005804592
0 0.5489157547580853 0.5999501121470237 0.44859247681094405 0.14564356769062264 0.4286404717331096 0.15004951467829247 0.5289637496802507 0.6043560591346935
0 0.6346313828125 0.6028487640625 0.5487793147650856 0.1466303665882903 0.5147025521282158 0.153042998259729 0.6005546201756301 0.6092613957339388
0 0.6652417344625745 0.6625702669253088 0.5716855710264608 0.14155466918218917 0.5487236340404159 0.145677829292523 0.6422797974765297 0.6666934270356426
0 0.7084007027290621 0.6713453098743892 0.6147673520217752 0.09412544011550102 0.5638843043251083 0.1023794010403523 0.6575176550323951 0.6795992707992405
0 0.7338382839977287 0.6373005740512093 0.6506084376254457 0.09241700994181982 0.6172704219995293 0.0975093234224752 0.7005002683718123 0.6423928875318647
0 0.7950378494980849 0.6258770917405061 0.7315403934295309 0.14618708060100638 0.661132766978006 0.15550706864261005 0.72463022304656 0.6351970797821098
0 0.9001952943678445 0.6331524978341301 0.8178061468036828 0.01200759731646539 0.6988542946234712 0.02778546443593809 0.7812434421876329 0.6489303649536027
0 0.9235998880232629 0.6461078800883397 0.8604973213939807 0.07305017060725982 0.8278521568514858 0.07664491095641601 0.8909547234807679 0.6497026204374959
0 0.9041250308419686 0.22684809378240658 0.8845413246487184 0.09029230862034905 0.8568009143847665 0.09427060982263605 0.8763846205780167 0.23082639498469354
0 0.9525088573133715 0.6595842265011741 0.9049036449157191 0.27187088669563264 0.8777637106491489 0.2752032516224273 0.9253689230468014 0.6629165914279687
0 0.9272274482423134 0.18123513003922984 0.9178650900185934 0.10498483956900981 0.8868480226189257 0.10879325648459351 0.8962103808426457 0.18504354695481354
0 0.9746466923285102 0.6494943962774162 0.9458932135075948 0.35619228612619225 0.9157309718746495 0.3591492010134976 0.9444844506955649 0.6524513111647217