0 0.5432700657455158 0.4514098500365333 0.11374906061973919 0.43867661278240444 0.11146620407442072 0.5156825475917326 0.5409872092001973 0.5284157848458614
0 0.7830390047662842 0.30825590568489913 0.3365420051687402 0.3017532149127851 0.3356702507521662 0.36161085616113986 0.7821672503497104 0.36811354693325393
0 0.7807253227453649 0.3654117908927688 0.35018060272033413 0.3597436532450603 0.3497525874633056 0.3922551623962691 0.7802973074883364 0.39792330004397763
0 0.9307154908711921 0.49109902011310114 0.5454883950796101 0.47305552794005407 0.5430075968639649 0.5260203688196621 0.9282346926555469 0.5440638609927091
0 0.9332016731385823 0.5354279351228952 0.5345502580354708 0.5256234242935864 0.5336204317881669 0.5634301599626124 0.9322718468912781 0.5732346707919211
0 0.9424670513801766 0.45747190754503864 0.5441937728950027 0.45008779545007666 0.5434866763646621 0.48822611861236637 0.9417599548498361 0.49561023070732835
0 0.5349348905135294 0.5257605341709485 0.12052890862176965 0.5151574833915968 0.11953191864019874 0.5541234961785699 0.5339379005319584 0.5647265469579216
0 0.5561803956914939 0.5643456515958839 0.1263177566665578 0.5549915739225298 0.12551687010299625 0.5917959734362169 0.5553795091279324 0.601150051109571
0 0.5363328102406891 0.5988822041788249 0.12988259166369986 0.5886806371686377 0.1290551367028044 0.6216480478990405 0.5355053552797937 0.6318496149092278
0 0.5453064029025627 0.6194540323213565 0.1335728607751576 0.6165352784928142 0.13325391119610136 0.6615278498637467 0.5449874533235064 0.664446603692289
0 0.5460499329023591 0.6634912894130081 0.1417662488866583 0.6562575685315043 0.14112805020214333 0.6919257010923576 0.5454117342178442 0.6991594219738613
0 0.9159260582318126 0.5721867660210521 0.5563048487706518 0.5600945961486725 0.5552532130385422 0.5913702495578776 0.9148744224997032 0.6034624194302572
0 0.9431189834267277 0.5986440830901723 0.5535298991581736 0.5905169734188493 0.5523235175307518 0.6483472639542536 0.9419126017993058 0.6564743736255764
0 0.9115944552640258 0.6542774945876901 0.546458322959577 0.6468904824455305 0.5459416349522368 0.6724300994080542 0.9110777672566858 0.6798171115502137
0 0.9078184153211335 0.678848227069402 0.5456587660054553 0.6687383670465104 0.5448006288676746 0.6994789157959221 0.9069602781833528 0.7095887758188137