0 0.08783329465524428 0.7061681285487793 0.0763990443988372 0.19806433818232783 0.04738633046463407 0.19871723359076784 0.05882058072104115 0.7068210239572192
0 0.14038044922418974 0.17307363917743301 0.07626195790906284 0.17287239416873373 0.0745839041101525 0.7075156065752658 0.13870239542527937 0.7077168515839651
0 0.2058776750983419 0.6954377383174725 0.1799695028152452 0.20108060693791568 0.10664104782008246 0.20492359032922708 0.13254922010317916 0.699280721708784
0 0.24424029540455602 0.6990162226536586 0.19861420708941951 0.19080163898471883 0.1613830422201117 0.19414414915854927 0.20700913053524822 0.702358732827489
0 0.29201425658562485 0.6979408430278431 0.24525449672958924 0.12871054951575017 0.19353551585392412 0.13295903585477462 0.24029527570995982 0.7021893293668675
0 0.3392343493891633 0.6976207771341085 0.2944106630113039 0.18577024351473334 0.24756725514581035 0.1898724063242273 0.29239094152366973 0.7017229399436025
0 0.39459088691918986 0.6931253885013594 0.3597502265364817 0.21003093053729258 0.3082029685377335 0.21374850684144428 0.3430436289204416 0.6968429648055111
0 0.42502675331999723 0.6852641759821205 0.39440494952801564 0.20655347421083778 0.3604614011329048 0.20872474941967015 0.39108320492488635 0.6874354511909528
0 0.44546360855495404 0.6714908847257868 0.4129451299618717 0.2355500249526956 0.3913252328101237 0.23716273490394837 0.42384371140320615 0.6731035946770396
0 0.46760340001836187 0.6628298739042012 0.44496748877578485 0.2469536474008062 0.4167114519446774 0.24849160773855758 0.4393473631872545 0.6643678342419526
0 0.4875652002900345 0.6577795795818732 0.4656378273140809 0.2017631152207112 0.4412443941664234 0.20293606389382984 0.463171767142377 0.6589525282549917
0 0.5126333101389349 0.6208062158037249 0.49543848702495125 0.20284835686553673 0.46556556065242977 0.20407733168653305 0.48276038376641345 0.6220351906247211
0 0.5875680031150845 0.6062183387590839 0.5785273951718158 0.22994130648643685 0.51881018452612 0.23137610011615312 0.5278507924693887 0.6076531323888001
0 0.5308164592882061 0.6069257772636203 0.5109068217235109 0.14210021509532234 0.4904928477376238 0.1429745964899647 0.510402485302319 0.6078001586582628
0 0.6147265296875001 0.6246647546874999 0.6094002411084648 0.16046928482000894 0.5747276379287538 0.16086712646713713 0.5800539265077892 0.6250625963346281
0 0.6345013104939051 0.6887943860420483 0.6328398859257669 0.1594483287245753 0.6095108126798179 0.15952155019266204 0.6111722372479561 0.688867607510135
0 0.683503155953009 0.1202207274166307 0.6319598511328786 0.11951354361624275 0.6239375222368049 0.7042234074887389 0.6754808270569354 0.7049305912891268
0 0.7190964008185602 0.1247619916023176 0.6853805940805859 0.12398785565539994 0.6727279525457266 0.6750461270258648 0.7064437592837007 0.6758202629727824
0 0.7894617430274615 0.19176886061487602 0.7185053676259635 0.18872110105115103 0.69774085823995 0.6721497614213072 0.768697233641448 0.6751975209850322
0 0.8977169491786361 0.0746077560558724 0.7778324459319561 0.06949014954898605 0.7511092368606131 0.6955051900496914 0.8709937401072931 0.7006227965565778
0 0.929159617015 0.14213619977226283 0.8963861854759344 0.1400075546554171 0.8590196564452885 0.7153168776359843 0.8917930879843542 0.71744552275283
0 0.9498442725803182 0.16329158881861802 0.9218344756671669 0.16239237899501305 0.9174079982736455 0.30027424992045737 0.9454177951867967 0.3011734597440624
0 0.9383664531106441 0.3456474598257698 0.911060177695519 0.34421639857451325 0.890616444872979 0.7343060599886332 0.9179227202881043 0.7357371212398898
0 0.9801104434969823 0.18354751844118064 0.9489032701585405 0.18191202068187792 0.9448826715768709 0.25862965367695356 0.9760898449153126 0.2602651514362563
0 0.9640910421676333 0.435805592199732 0.9338735677522916 0.43347996623746415 0.9112588376368025 0.7273191474995603 0.9414763120521442 0.7296447734618281