0 0.9813806885555586 0.08211508892141892 0.9240441469178526 0.0784596484456402 0.8655363804586151 0.9961692951892716 0.9228729220963212 0.9998247356650503
0 0.931255478414766 0.09454956012514101 0.8605412035818768 0.09016108030937484 0.8045563675602636 0.9922791820455735 0.8752706423931528 0.9966676618613398
0 0.8631156916201783 0.045428246410518285 0.7951386928394825 0.042002249582363836 0.7469197922621074 0.9987387295517396 0.8148967910428034 1.002164726379894
0 0.7936816913876983 0.06597763971445293 0.726539306622163 0.06279391720118312 0.6830436816780094 0.9800849101961747 0.7501860664435448 0.9832686327094444
0 0.727150048676359 0.00393654674299268 0.6874287244420649 0.0023160250762179592 0.6478365937302364 0.9727762746211104 0.6875579179645305 0.9743967962878852
0 0.6875580686120926 0.0032487670486065962 0.6134556710456075 0.00021908231767190644 0.5845570258710151 0.7070447371440653 0.6586594234375001 0.7100744218750001
0 0.6130288448913565 0.0019223386063919518 0.567840313635058 0.00038314989974247426 0.5350268712504805 0.9637421327303723 0.5802154025067789 0.9652813214370217
0 0.5637787546875002 0.0010370984375000752 0.5142583292666462 -0.0003391012545599148 0.48749187845281466 0.962810388572187 0.5370123038736686 0.9641865882642471
0 0.512297536420823 0.00013849073806020267 0.4468309433292732 -0.0010042334115122759 0.43008107049357447 0.9585949049108444 0.49554766358512425 0.9597376290604169
0 0.4448287390625003 5.828670879282072e-17 0.3714274197699748 -0.0012812248929374146 0.3546956866783662 0.9572790479712125 0.4280970059708917 0.9585602728641499
0 0.36681184230997277 0.03574077451199061 0.3033293260301181 0.034632683086447194 0.2871833960869114 0.9596324049914869 0.35066591236676603 0.9607404964170303
0 0.3019870125000004 4.0245584642661923e-17 0.24451855680475126 -0.0006415293447308113 0.23388498091187643 0.9519184589097955 0.29135343660712554 0.9525599882545265
0 0.24561402908300348 0.00003181570328733702 0.1920107566807302 -0.0005200223358517792 0.182250461361964 0.9475548322259065 0.2358537337642373 0.9481066702650457
0 0.19002187374042073 0.10659556791172267 0.15760644144047373 0.10647131355756775 0.15438422766101062 0.9470813133803186 0.18679965996095763 0.9472055677344736
0 0.16865547568756512 0.014365360339072616 0.0992027454272132 0.013459251305116765 0.0870846139514008 0.9423069783548119 0.15653734421175272 0.9432130873887677
0 0.10164334062500018 1.3357370765021415e-17 0.044153222355433654 -0.00027750762454960303 0.03958885865862884 0.9453030297769193 0.09707897692819537 0.945580537401469
0 0.04378461250000003 3.2107778298981582e-18 3.0348987638407476e-17 5.297435523965488e-19 8.818645626660365e-17 0.94455754375 0.043784612500000084 0.94455754375