0 0.933564697852743 0.9258213265767028 0.8374503030634433 -0.007202856254899459 0.7675009408453934 0.000002895470721997473 0.8636153356346933 0.9330270783023241
0 0.8629001249640085 0.926207668654883 0.7650696969374164 -0.004586800782113709 0.7214291968749998 0 0.8192596249015921 0.9307944694369967
0 0.8205444278302219 0.9515703776826383 0.719027061923013 0.005542462359013023 0.6485064081904675 0.01310996739033483 0.7500237740976763 0.9591378827139602
0 0.7576172691989589 0.9686041106780632 0.6450661886116695 -0.00718373130578005 0.5799940181183176 0.0003219403065009563 0.692545098705607 0.9761097822903443
0 0.6982356031207441 0.9812591499092578 0.5936270875404013 0.1056026542299729 0.5400970180847636 0.11199751469443273 0.6447055336651064 0.9876540103737177
0 0.6477272164473746 0.9871397801283104 0.5327086860042776 0.045500978611491404 0.4865091492422815 0.051144122051371955 0.6015276796853786 0.9927829235681909
0 0.6009428537826188 0.9885630496788368 0.4973624820200058 0.14006204440860204 0.44659130759444193 0.14625991228284158 0.5501716793570549 0.9947609175530763
0 0.5503614918233761 0.9973238403477505 0.43799291664499085 0.02803129613398277 0.3544982615751195 0.037710701470606345 0.4668668367535048 1.0070032456843738
0 0.47392796396441417 0.9997599742183928 0.3571365949698189 0.07766271760577206 0.30625642399749425 0.08410711897441563 0.42304779299208956 1.0062043755870365
0 0.4272628169416085 0.9994288125074048 0.30775295346265946 0.09408802104253712 0.2495192317211611 0.1017751861419213 0.3690290952001102 1.0071159776067888
0 0.36630113242820206 0.9993346879895754 0.24054394615194954 0.024245367550118756 0.18172701717041362 0.03183098185137536 0.30748420344666616 1.006920302290832
0 0.3120317382446475 0.999302126880397 0.17718650474514994 0.02925088540428646 0.11719230033702029 0.03759058144933303 0.2520375338365179 1.0076418229254434
0 0.251752003125 0.9999999999999998 0.1508225026723827 0.22516998534679353 0.11506037480761803 0.22982836671077417 0.21598987526023533 1.0046583813639804
0 0.21908105312500012 0.9999999999999998 0.1079420106288014 0.11772949414780702 0.04911075973953993 0.12514042860534125 0.16024980223573865 1.0074109344575342
0 0.168448268637189 0.9998188737914256 0.047950743018786754 0.12712830329052086 -0.003555735199011681 0.13424010601688754 0.11694179041939057 1.0069306765177923
0 0.1184395281250001 1.0000000000000002 0.0008861348888342252 0.16323051464296248 -0.034132630804831345 0.16815011891423456 0.08342076243133453 1.0049196042712722
0 0.0812201109375 1.0000000000000002 0.01792100027217123 0.3977491224995063 -0.01311030012561371 0.4010106432234289 0.050188810539715065 1.0032615207239228