0 0.901590747322081 0.09575991365177441 0.8958049700859568 0.04068277330171851 0.001422715845063155 0.13463638915925047 0.007208493081187486 0.18971352950930637
0 0.8939336643927775 0.159010431465066 0.8868721284725064 0.09112883095964487 0.003983238855932489 0.1829733302232998 0.011044774776203772 0.25085493072872095
0 0.9412034724196829 0.22204923558004439 0.9350052087461573 0.1561573217897995 0.0007284427938666598 0.24404206221265703 0.006926706467392171 0.30993397600290196
0 0.9281635108325293 0.2890295573985519 0.9222137662943928 0.22448210463294577 0.023251252138867563 0.3073451314360162 0.02920099667700412 0.3718925842016224
0 0.9896668246002485 0.32411951865750666 0.986301381871186 0.28668601067173266 0.03787828449785104 0.3719535634306956 0.041243727226913565 0.4093870714164695
0 0.9940962431803531 0.39674478358877296 0.9875380811477952 0.3241386419726452 0.02994649978432673 0.4106332636645388 0.03650466181688468 0.48323940528066656
0 0.9974810778956051 0.44170056457488743 0.9940466658806917 0.39787658956353034 0.0453703094273206 0.47222277737564344 0.048804721442233974 0.5160467523870005
0 1.0006245415171184 0.4943434924871567 0.9971172916809143 0.4456562137579481 0.055322540212863223 0.5134995924399999 0.05882979004906743 0.5621868711692085
0 1.0040731241101373 0.5587390866570798 0.9998452078248053 0.4963823932934145 0.05870296838245215 0.5601938365613577 0.06293088466778404 0.622550529925023
0 1.0049428673131593 0.6350343395033629 0.999928972553471 0.5609853219334889 0.06319899963637426 0.624411761021896 0.06821289439606257 0.6984607785917699
0 0.9767346005949719 0.7016538779437074 0.9730438452116571 0.6412828238116745 0.06494806634856518 0.696798822870999 0.06863882173187996 0.757169877003032
0 1.0030561634990505 0.7604021841493219 1 0.704732175 0.07608305152534241 0.7554532238596954 0.079139215024393 0.8111232330090175
0 1.0026865211614941 0.8120539524583453 0.9999536634445325 0.7615353933406535 0.08329483976092852 0.8111230732720746 0.08602769747789013 0.8616416323897663
0 0.9106403969399233 0.8480447106852775 0.9088743227145525 0.8160298491023859 0.08703714200401562 0.8613658396562196 0.0888032162293864 0.8933807012391112
0 1.0025630539454347 0.9017366979973795 0.999556869282773 0.8411361359097864 0.09210626974477779 0.8861516271936992 0.09511245440743946 0.9467521892812923
0 1.0027419789012593 0.9558530979544034 1.0000000000000002 0.9013532671874998 0.09633658450142993 0.9468181059635036 0.09907856340268897 1.0013179367304073
0 1.0005050574283907 0.965277979813495 0.9987115443310671 0.9400085442897549 0.15347086875 1 0.15526438184732366 1.02526943552374