0 1.0591070816489156 0.22707260958111117 0.9974110611415428 0.21672846654969796 0.8660881752072299 0.9999832455184556 0.9277841957146029 1.010327388549869
0 1.0228071659058142 0.08570517822081722 0.9635866216649219 0.07558375338203503 0.8057572079222375 0.9990450177732784 0.8649777521631297 1.0091664426120608
0 0.9669637825771963 0.08452083293170384 0.915652599446382 0.07600944579888748 0.7626481087937049 0.9984021553781408 0.8139592919245192 1.0069135425109572
0 0.9144353188448877 0.09655138307061087 0.872607997246107 0.0898343594296068 0.7264505025258426 0.9999661175519773 0.7682778241246233 1.0066831411929813
0 0.8752415599318963 0.08375131084220337 0.8199099044028688 0.07483622434942654 0.670879849308543 0.9997941233706348 0.7262115048375705 1.0087092098634116
0 0.8198202354106815 0.07261469935371095 0.7667526900587871 0.06410185374640943 0.6166203187500001 1 0.6696878641018944 1.0085128456073016
0 0.7413609796875003 0.1895982734375001 0.7079637846819149 0.1843619719521324 0.5801760821369777 0.9993935038711314 0.613573277142563 1.004629805356499
0 0.7363075610800287 0.028348060767648973 0.6748287486529119 0.01865491471357563 0.5202011606821657 0.9993809270814774 0.5816799731092825 1.0090740731355508
0 0.6698898750000003 0.01896267812500012 0.6061762220767527 0.009363084888391427 0.4575560815813159 0.9957728020021737 0.5212697345045635 1.0053723952387823
0 0.5991378203340155 0.04643637451853605 0.5339660169899583 0.03698331231252298 0.3960853141509074 0.9875677742079599 0.4612571174949647 0.997020836413973
0 0.5365413002648292 0.026279847176834716 0.48536479652400494 0.018639700442575857 0.3418065137475548 0.9802457076402888 0.392983017488379 0.9878858543745477
0 0.4880986374562525 0.0001236597882210977 0.4024149600118016 -0.012676758169077929 0.2558109538514636 0.9686638838170589 0.3414946312959145 0.981464301774358
0 0.3897756782040517 0.09202639689097625 0.330345486021567 0.08297394574284135 0.1966658416955055 0.9605933687232004 0.2560960338779902 0.9696458198713354
0 0.33741044281965943 0.00016874175810576152 0.2861810897748587 -0.007031074216318484 0.15103403750000008 0.9545901781250002 0.2022633905448008 0.9617899940994243
0 0.2754194906875099 0.05345336052452876 0.2198345067384274 0.04564140046755409 0.09318611478818484 0.9467915321103986 0.1487710987372674 0.9546034921673734
0 0.2330270076820821 0.0001971984961569806 0.15881407107665066 -0.010907873974677207 0.01707061079966683 0.9363347900779345 0.09128354740509828 0.9474398625487688
0 0.1580982046880522 0.0003947559875359774 0.08185890112922402 -0.010107053507332205 -0.04732762666470093 0.9277399825682036 0.02891167689412726 0.9382417920630717
0 0.09008043281250008 2.6367796834847467e-17 0.06534437305454147 -0.003450177063751403 -0.024736059757958527 0.6423818854362485 8.881784197001253e-17 0.6458320625