0 0.6061601322245388 0.0182110169802985 0.6036104976096461 -0.01093141715726092 -0.0025496346148926583 0.04210076429994057 0 0.07124319843749999
0 0.8558081525078416 0.02363208691595744 0.8505426536012697 -0.0248195723173098 -0.005265498906571989 0.06818564076673286 1.1102230246251566e-17 0.1166373000000001
0 0.7240471827227724 0.06427591635732488 0.7204236683831879 0.033274172070842066 -0.003439668819118391 0.11788003030945926 0.0001838455204660777 0.14888177459594207
0 0.8182189945197418 0.10905461844926378 0.8111924496484889 0.05016512540351491 -0.006381977285138801 0.1477160313346501 0.000644567586114192 0.20660552438039897
0 0.9092618122683085 0.15620932966551968 0.9033641032454891 0.10116379082047984 -0.005892187447981969 0.1985836570293345 0.000005521574837324961 0.25362919587437427
0 0.9064925939942061 0.19961029725122637 0.9015439007702296 0.15178629784097392 -0.004535026506349788 0.24554480200405915 0.0004136667176267539 0.2933688014143116
0 0.8954155953721845 0.2336119130030895 0.8915330912579751 0.19729264282842954 -0.0037502535683935022 0.29299779474794 0.00013225054581595397 0.3293170649226
0 0.9031745257817374 0.2861075682459104 0.8976373432301047 0.2330314354039925 -0.0052130667084780095 0.327221559457228 0.00032411584315458764 0.3802976922991459
0 0.9117058333576148 0.34222408149268546 0.9064154573008848 0.28727799981936036 -0.005290376056729945 0.37505981363917484 0 0.4300058953125
0 0.8002468224923808 0.38552955031684194 0.7971512174541702 0.35243674750510856 -0.003095605038210614 0.42729435656326664 5.551115123125783e-18 0.460387159375
0 0.994407785903612 0.41342377778865413 0.9888852039181097 0.35978969394018445 -0.004550831997644222 0.46208158674472166 0.0009717499878581504 0.5157156705931913
0 1.0001439645128154 0.47970284109159217 0.9947363208069303 0.4193060311162987 -0.0012812345942406211 0.5084847156630385 0.004126409111644358 0.5688815256383319
0 0.9224903160665245 0.5453056687306173 0.9169569418541519 0.486200770219964 0.004297534157251653 0.5716435365300878 0.009830908369624308 0.6307484350407411
0 0.9405019368953447 0.5947623070199978 0.9360852010081058 0.5454882060722784 0.009255300974856839 0.6285655794207271 0.01367203686209566 0.6778396803684463
0 0.9853660904947181 0.6692290455280803 0.9780555064194963 0.5894430561495061 0.013346834702153153 0.6778368193605084 0.020657418777375 0.7576228087390826
0 0.8757999933011605 0.7318008196967664 0.87137411566961 0.6812128071423287 0.02391595523378288 0.7553557893737738 0.028341832865333295 0.8059438019282114
0 0.96686119797523 0.7768064659024626 0.9625705685804575 0.7252639682946526 0.024784863132443484 0.8033294695904802 0.029075492527215946 0.8548719671982903
0 0.9057344911761323 0.8350770720732218 0.9013771243994653 0.7825393136975966 0.029168952797626296 0.8548783518823446 0.033526319574293424 0.9074161102579698
0 1.0049799315130554 0.8888960078285963 1 0.8267495984375 0.036972891993828284 0.9039191258498699 0.041952823506883716 0.9660655352409663
0 0.9995621233464119 0.9576527162079307 0.9949230812585788 0.892103489328564 0.045553190259562296 0.9592921823297973 0.050192232347395414 1.024841409209164