0 0.9813956045057136 0.4899367829902852 0.9797122630958922 0.4129726346888499 0.008051521855622188 0.43422456559596895 0.009734863265443452 0.5111887138974043
0 0.8911112608726132 0.13512463360714994 0.8877132019329442 0.06998869718584796 -0.0031802889204573504 0.11646547724327297 0.00021777001921158834 0.1816014136645749
0 0.9912097515351302 0.24581385449880377 0.9878319611948362 0.17022639227426667 -0.003161390296507932 0.21451108806177221 0.00021640004378622457 0.2900985502863093
0 0.9151790094691586 0.5536995721418407 0.9140018323855938 0.49321918143129634 0.01563275757723729 0.5107048404196606 0.016809934660801985 0.571185231130205
0 0.9694592123584236 0.41344939747823767 0.9676906152771068 0.3459596610226275 0.006873738361215373 0.3711382735559729 0.008642335442532217 0.43862801001158314
0 0.9704172784977004 0.17249997256889207 0.9685492388531441 0.13310644746323413 -0.0018463291011567907 0.1791225728792358 0.00002171054339951545 0.21851609798489374
0 0.9661122043714208 0.2942276378262522 0.9643508104240948 0.2478525696520713 0.0003850142861882552 0.2844654218934811 0.002146408233514252 0.3308404900676621
0 0.9988717969424524 0.6100602497966345 0.9979991765625 0.5600678640625001 0.01846088720926074 0.5771657693070918 0.019333507589213105 0.6271581550412264
0 0.9388628296874997 0.75331686875 0.9377993237197689 0.6923886499638019 0.02387604026879765 0.7083412395087043 0.02493954623652845 0.7692694582949025
0 0.9992104846710104 0.8085220658635206 0.998256056248886 0.7538428936861952 0.026529077119575882 0.7708044498051909 0.027483505541700114 0.8254836219825163
0 0.996610483070069 0.3457864498286421 0.9948631137316157 0.29332212718060047 0.002904626874863536 0.3263601567875013 0.004651996213316816 0.378824479435543
0 1.0000784399528087 0.8645271255837177 1 0.8178847109374999 0.027966317492324304 0.8195194092429509 0.028044757445132944 0.8661618238891686
0 1.000089100798528 0.9548997925904008 0.9999943588702067 0.9013219075461342 0.032191160560692884 0.9030332767270481 0.032285902489014126 0.9566111617713148
0 0.9888903912634458 0.6649303059725559 0.9879905015535423 0.6133756588618027 0.025637094090464708 0.6301736000213307 0.026536983800368286 0.6817282471320839
0 0.844090872133363 0.6955870749954902 0.8435454843668702 0.6643418339092324 0.023357921048953068 0.6786582625144189 0.023903308815446007 0.7099035036006767
0 1.0000753305940528 0.8990402278087991 0.999998138869899 0.8655214362190332 0.023604062313781687 0.867770011977534 0.02368125403793555 0.9012888035672999
0 1 0.9580937265625 0.02859364375000012 0.9580937265625 0.02859364375000012 1 1 1
0 0.8594224519206634 0.03251368869669746 0.8586001131705926 -0.008539523373560325 -0.0008050317977714206 0.00867526000339696 0.00001730695229946889 0.04972847207365475
0 0.9074520914449323 0.07035207305692213 0.9037730633882545 -0.0005004851677911315 -0.0031232433011794095 0.04659022038197886 0.0005557847554983946 0.11744277860669212