0 0.9588545729388706 0.6767072232138169 0.9541155300664844 0.5992590664445707 0.009775536014063575 0.657043110695711 0.014514578886449797 0.7344912674649572
0 0.9570017256602654 0.7465794469173682 0.9538186993476738 0.677830844972131 0.014445656965012928 0.721323352843416 0.01762868327760434 0.7900719547886531
0 0.9019025662937186 0.3978157783023975 0.8979541317964077 0.3413505346321773 -0.003948434402790501 0.4044177061189823 9.45202527358191e-11 0.4608829497892025
0 0.9898469468029474 0.7931424339089937 0.9874491580461522 0.7420505273414804 0.018989102547016325 0.7875012217565052 0.021386891303811502 0.8385931283240187
0 0.9643191074965705 0.13614444580229795 0.9598983631048483 0.08000815346712278 -0.004032259473094971 0.15591788523792915 0.000388484918627216 0.21205417757310432
0 0.9566763765470923 0.19538935050865142 0.9529472390624999 0.14206020000000003 -0.0037291374845922097 0.20895752917884858 0 0.26228667968749997
0 0.8991558953125001 0.9622210656249999 0.032915534375000124 0.9622210656249999 0.032915534375000124 1 0.8991558953125001 1
0 0.9714442777011405 0.9504876258384114 0.9701793543954802 0.9145832273208976 0.030165274231827476 0.9477002204120881 0.03143019753748779 0.9836046189296018
0 0.9899611561846374 0.9145602158931805 0.9869998744053721 0.8394229378876308 0.025316315057805426 0.8773244440016083 0.028277596837070745 0.952461722007158
0 0.9616184672230601 0.841427382064262 0.9595097409344306 0.7927866146099393 0.022194736978071547 0.8334220916596303 0.024303463266700902 0.8820628591139531
0 0.9866120916687136 0.7917685590525114 0.9839557401164273 0.7329447361226031 0.018453971459489186 0.776544624639929 0.02111032301177537 0.8353684475698373
0 0.8941704667658495 0.6034241161992349 0.8901921445745302 0.5413418251004458 0.005633668750000004 0.5980255999999999 0.00961199094131936 0.660107891098789
0 0.9736972600944412 0.5354727878933314 0.9699539536855314 0.47550409806311944 0.001354268415452986 0.5359650722782492 0.005097574824362861 0.5959337621084612
0 0.9527996578601249 0.476612007774857 0.9492351020340861 0.4256364849655837 -0.001770762470430043 0.4921372937478714 0.0017937933556087583 0.5431128165571447
0 0.8100190771632526 0.43538443274906846 0.8080336524507661 0.4059612502924601 -0.001985424712486572 0.46061991598089164 -5.551115123125783e-18 0.49004309843750005
0 0.98567403280344 0.3344287068863933 0.9818352469100704 0.27953150974165464 -0.0035946491250039986 0.3484394791928181 0.00024413676836563815 0.4033366763375567
0 0.9752161185592817 0.2777632111324374 0.971562522788283 0.22932055226335643 -0.0032744229326581915 0.3028437697218541 0.00037917283834045245 0.35128642859093506
0 0.9580405031673485 0.22982942247285193 0.9554438071468114 0.19614589176613909 -0.0023814804063893137 0.2699855712883178 0.00021521561414772626 0.30366910199503067
0 0.8372457395889029 0.09140438607615817 0.834628220271542 0.057838944106957245 -0.002617519317360974 0.12312951584329915 5.551115123125783e-18 0.15669495781250006
0 0.9697614011838633 0.04709828928966041 0.9656965951371627 -0.004627489165264065 -0.004064806046700606 0.07158000592007555 4.163336342344337e-18 0.12330578437500003
0 0.8451911015625001 1.4432899320127036e-16 0.8417031226695253 -0.03987805437679116 -0.003487978892974844 0.03404753624820871 -1.3877787807814458e-18 0.07392559062500001