0 1.002571179544098 0.4620100594269128 0.008775882561270409 0.37651911516235903 0.0014187796567404266 0.4620422583307763 0.9952140766395681 0.54753320259533
0 0.9469376835570934 0.07257530781489066 0.038064486300280594 0.020358550723617256 0.03390255649030554 0.0928001703082743 0.9427757537471184 0.14501692739954772
0 1.0054906602062916 0.1931228753742476 0.028939889856061322 0.12851584109944286 0.023391060850554667 0.21238771822076136 0.999941831200785 0.27699475249556615
0 0.9239839674588459 0.5445198307947805 0.0017573498441287084 0.4584302620668611 -0.004535935847966138 0.5258465084630579 0.9176906817667512 0.6119360771909773
0 1.001345609995923 0.38491617272627265 0.013928314505394456 0.31003213219725595 0.008212870936202881 0.38539569153181247 0.9956301664267315 0.46027973206082917
0 1.0025914913157374 0.15174502324561454 0.03301593598028862 0.08996948835507886 0.030289976180918464 0.13275380403894607 0.9998655315163673 0.19452933892948177
0 1.003503845901688 0.27763163695163534 0.022922307614387672 0.20758633696795425 0.01926061624152304 0.2588472632538502 0.9998421545288234 0.3288925632375313
0 0.9875338296875003 0.6254343140624999 6.661338147750939e-17 0.533243746875 -0.005164031992626173 0.588560211952551 0.982369797694874 0.680750779140051
0 0.9259620499276743 0.7661555411017861 7.771561172376095e-17 0.6797128828125 -0.006293664135094357 0.7471297607685846 0.9196683857925798 0.8335724190578707
0 0.9675244132269489 0.8397829967122847 7.771561172376095e-17 0.749460528125 -0.00564818018514418 0.8099632170450975 0.9618762330418045 0.9002856856323824
0 1.0043091991357773 0.32927531468240556 0.01865553728441178 0.25659281209812596 0.014346338148634489 0.31503023179072054 1 0.3877127343750001
0 0.9615221440445696 0.9102962817220464 0.00037420558033075536 0.8086940701692278 -0.0049371818219849485 0.8589393254062834 0.9562107566422539 0.9605415369591018
0 0.8920893727652489 0.9844394803379751 1.1102230246251565e-16 0.9011619625 -0.004760526155581757 0.9521578963657067 0.8873288466096672 1.035435414203682
0 0.9820472844069836 0.6842079094103148 6.661338147750939e-17 0.5925290984375 -0.0053253806901379045 0.6495736389337131 0.9767219037168458 0.7412524499065279
0 0.8253101960020912 0.7236301978861421 8.881784197001253e-17 0.6465840734375001 -0.0032274522520908564 0.6811562114888582 0.8220827437500002 0.7582023359375002
0 0.9564535375875127 0.9643055874275088 0.00043321254501045293 0.8588726546957887 -0.0036585619812312233 0.8959750999301639 0.9523617630612712 1.001408032661884
0 0.9701873546875002 0.03922614375000008 0.045480521539576 -0.04167522033512206 0.040230341394216385 0.01833461399305361 0.9649371745421405 0.09923597807817576