0 0.7651956918890858 0.004941401358248294 0.6799967308265484 0.004784062489468892 0.6781647482175517 0.9968022216514785 0.763363709280089 0.9969595605202578
0 0.8369108478200262 0.01654772843250185 0.7648943895410005 0.015992356804790348 0.7573414519685048 0.9954010741984025 0.8293579102475306 0.995956445826114
0 1 1.1949978647781892e-16 0.9301291609375 1.152214315072374e-16 0.9301291609375 0.9925583328125 1 0.9925583328125
0 0.8904611877701537 0.00004356640789388438 0.8337036768416703 -0.0005433686495531151 0.8234161587467588 0.9942752459322657 0.8801736696752421 0.9948621809897127
0 0.4765179345476658 0.9999112660704748 0.4601795622257182 0.06388322744795154 0.39747661348684354 0.06497770761297667 0.4138149858087911 1.0010057462355
0 0.9423188746104134 0.009733304193765259 0.8908544837360772 0.009044523576645955 0.8776828039913978 0.9932076344476192 0.929147194865734 0.9938964150647385
0 0.20020555487050845 0.9999999998058906 0.18284577762165954 0.005459783514659619 0.12353293905403862 0.006495093750147693 0.14089271630288752 1.0010353100413787
0 0.4121018786021858 0.9999999999916707 0.3946775748344731 0.0017622452881157463 0.33875484216845114 0.002738380158693477 0.3561791459361639 1.0009761348622483
0 0.2646362135505867 0.9999622449734051 0.24263218301450404 0.004162297395302633 0.18668997157550987 0.005398443402091885 0.20869400211159253 1.0011983909801945
0 0.11663941287410093 0.9997556961265432 0.08620187212612099 0.006432234901298124 0.027422143574605207 0.008233370636816874 0.05785968432258516 1.0015568318620622
0 0.13917906093750004 1 0.12383160468750001 0.12074478125000002 0.08993989217360018 0.12133636326617972 0.10528734842360021 1.0005915820161797
0 0.6814736736662236 0.07243026798804114 0.6139152090432247 0.07240124470161402 0.6135175732540232 0.9979912348316219 0.6810760378770221 0.9980202581180491
0 0.617393232295995 0.9987326159131655 0.6118775555388393 -0.0003594641658105573 0.5467653640625001 0 0.5522810408196558 0.9990920800789761
0 0.555757275324917 0.9995464959813634 0.5471068913163477 0.005947695113784008 0.4900402550358301 0.0064445237305987575 0.49869063904439936 1.0000433245981781
0 0.5049736725104006 0.9999908496979104 0.4923477403863787 0.15794399421928784 0.4599023427439759 0.15843049136099027 0.47252827486799787 1.0004773468396129
0 0.3502283921875 1 0.3328229328125 0.002841921874999999 0.2841897171714431 0.0036908178301004284 0.3015951765464431 1.0008488959551005
0 0.30143396875 0.9999999999999997 0.2819871064066325 0.003658401559408969 0.24592310554238717 0.004362308393627017 0.2653699678857547 1.0007039068342176
0 0.057749442187500014 1 0.029922567295464546 0.00781216118868081 -0.01913691709522178 0.009188082240124986 0.008689957796813686 1.0013759210514441