0 0.7420557992058494 0.02055717148427493 0.7410339312086236 -0.008705283141731282 -0.001021867997225768 0.01720789068649379 0 0.0464703453125
0 0.880251740648308 0.042906431342218214 0.8774821010136167 -0.006590789347418963 -0.0027696396346913593 0.0426640996228629 4.8572257327350596e-18 0.09216132031250009
0 0.7465441695073964 0.07659878443536598 0.7445455806280679 0.04541015038138828 -0.0018793420744230127 0.09324156701813455 0.00011924680490547069 0.12443020107211226
0 0.8382433871288081 0.1262446905171403 0.8343031105044563 0.06698696338353777 -0.0035636523931832907 0.12269998141278851 0.0003766242311684334 0.181957708546391
0 0.9266935469403199 0.17809959134023562 0.9236847814900383 0.12282082855351913 -0.0029915696059880066 0.17325885661736137 0.000017195844293745045 0.22853761940407788
0 0.9216566927680665 0.22129614996642336 0.9192176963627745 0.1732786979024739 -0.0021969639178126598 0.2200809947260276 0.00024203248747936833 0.2680984467899771
0 0.9088153669051884 0.25467144208666503 0.906837606646618 0.21817327227812147 -0.0019003586040979487 0.26741590122513054 0.00007740165447249759 0.30391407103367407
0 0.913816255117727 0.30750122466595886 0.9110644512967527 0.25420803710038364 -0.0023178404780461737 0.3013707045130504 0.00043396334292805926 0.35466389207862564
0 0.9193989571013642 0.36398732646890714 0.9169914870243977 0.3088396696443853 -0.0022762877540189242 0.34897028965496374 0.00013118232294763167 0.40411794647948557
0 0.8058262663971872 0.4014001326901175 0.8044668472903043 0.3681906721599143 -0.0013594191068829115 0.4011769238447969 5.551115123125783e-18 0.4343863843750001
0 0.9982612670298285 0.4394177331832685 0.9955532447376321 0.3855681234412731 -0.0022213643358213685 0.43574482661339375 0.00048665795637521105 0.4895944363553892
0 1.0003663257650877 0.5059118788433061 0.9981270178210622 0.44531482733009903 -0.0010383026204182438 0.48223805682042664 0.0012010053236072072 0.5428351083336337
0 0.9195401920920079 0.5673550134328755 0.917107712513489 0.5080415214775489 0.0012273445221713032 0.545602289155555 0.003659824100690248 0.6049157811108815
0 0.9349387677806785 0.6176865280370037 0.9331068919558738 0.5682488006951435 0.0031992466130871143 0.6027057918716378 0.005031122437891703 0.652143519213498
0 0.97584414886795 0.6943992213048399 0.9727192597139969 0.6143399689751973 0.004706515950622062 0.6521236408913367 0.00783140510457526 0.7321828932209794
0 0.8631534545221615 0.751150995905781 0.8613812144607225 0.7004006807809104 0.011204121698559966 0.7300895191537095 0.012976361759999023 0.7808398342785801
0 0.9517344505312882 0.8008607396320084 0.9501472272343265 0.7491643256953673 0.009561091406585943 0.7780429289465481 0.011148314703547746 0.8297393428831892
0 0.8876418667520731 0.8558523640327387 0.8860400854164754 0.8031585598244566 0.011241311797979261 0.8297506111868393 0.012843093133577085 0.8824444153951214
0 1.0017232333837156 0.9143005287508096 1 0.851883821875 0.016465342190280913 0.8790377657661945 0.018188575573996373 0.9414544726420042
0 0.9749257987396455 0.9831705797244693 0.9737236957288055 0.9174683982742995 0.02213849884818571 0.9348788313070061 0.023340601859025655 1.000581012757176