0 0.7814254530549188 0.02045005397771532 0.7795499446260709 -0.015336771959455441 -0.001875508428847921 0.025616008437829248 0 0.06140283437500001
0 0.8230107684710706 0.06400668332031109 0.8176981673419939 -0.004013428302407118 -0.005028747419153854 0.06024433064578818 0.0002838537099229696 0.12826444226850636
0 1.0039656837520066 0.911047174785292 0.9997680956238572 0.8309524046308236 0.019351096267772594 0.8823338712259081 0.02354868439592181 0.9624286413803764
0 0.9489779980719885 0.3414725511435519 0.9454948765624998 0.27501063437500006 -0.003483121509488685 0.32474446448144834 8.326672684688674e-18 0.3912063812500002
0 0.9212713827901748 0.4830478788680265 0.9184135124999999 0.4285164624999999 -0.0019047438127983095 0.47674829613643466 0.0009531264773764758 0.5312797125044613
0 0.8510684408309468 0.2809249681123133 0.8469452764071267 0.21745851015590484 -0.004032563288624025 0.2727431702278848 0.00009060113519590018 0.33620962818429334
0 0.9376993679049507 0.5419970162288855 0.9348414157912623 0.48746404058312204 0.0012211030940197042 0.5363930072213607 0.004079055207708032 0.5909259828671243
0 0.9006171069800173 0.18323626240454668 0.8967152900569342 0.12593959282335065 -0.0035326955699826494 0.18724512508143099 0.00036912135310046004 0.24454179466262702
0 0.9643451452693703 0.8267077788049637 0.961625804906426 0.7683597031359791 0.015708253327521685 0.8124446493580066 0.01842759369046599 0.8707927250269911
0 1.0028579521141532 0.6274414775969956 0.9999999999411285 0.5729085020016687 0.0058652653986063065 0.6250088961915757 0.008723217571630993 0.6795418717869027
0 0.7503424412172056 0.22528174637410087 0.7481162168474753 0.19061871625623428 -0.0021057875245420825 0.23880153533355625 0.00012043684518825982 0.27346456545142284
0 0.9235853034660767 0.42482667692328074 0.9217097953125002 0.38903984687499993 -0.0018755081535766134 0.4374428980767194 2.7755575615628915e-18 0.4732297281250001
0 0.8877242063667461 0.9769492250430447 0.8846876574334541 0.9190084244274068 0.023638065625 0.964134125 0.026674614558292148 1.0220749256156378
0 0.7905579078328603 0.9910993699889856 0.7903772671874999 0.9854681453125 0.337366603125 1 0.33754724377036033 1.0056312246764856
0 0.9462665480749306 0.7699516822614267 0.9434295997906729 0.7035508323129847 0.01213378015733437 0.7433400530789336 0.01497072844159211 0.8097409030273756
0 1.0027678649442178 0.6983680179814772 0.9997691608237039 0.632439746356777 0.008663673985598882 0.6775195282774044 0.011662378106112778 0.7434477999021045
0 0.8162108460409903 0.5820506219359924 0.8141285987677133 0.546620230827114 0.004031975861472447 0.5942296822428119 0.006114223134749336 0.6296600733516905
0 0.9440134699355415 0.38524159561461735 0.9410710973326342 0.3338567099234303 -0.0028836267326473597 0.38790891771010366 0.000058745870259829804 0.4392938034012907
0 0.9176243610579211 0.13238767904717874 0.9133341530631419 0.06477435661849154 -0.004290207994779213 0.12299955882131278 0 0.19061288124999998