0 0.5637711203751146 0.9959720505268479 0.44360009448911 0.005777681813419621 0.35868513624997145 0.016083050099772445 0.47885616213597604 1.0062774188132007
0 0.1913641013275767 0.9991588547476068 0.060764057251495696 0.14098136555065793 -0.010883800350108646 0.15188495307016098 0.11971624372597237 1.01006244226711
0 0.3142082327141358 0.9991275756044832 0.17439922461233182 0.03531684623237833 0.09115454723153264 0.047392200261634945 0.2309635553333366 1.01120292963374
0 0.6302884818464607 0.9879978658797463 0.5209111680896065 0.06823736578246928 0.45416627375448904 0.07617462471953834 0.5635435875113433 0.9959351248168152
0 0.4826472964143914 0.9998233101967822 0.3598804297493221 0.023607433696471336 0.2854509531708721 0.03296752898586049 0.4082178198359413 1.0091834054861715
0 0.23315260386125547 0.9997252998490216 0.093429928547866 0.04898690344231589 0.05102262106332387 0.05521917772194122 0.19074529637671334 1.0059575741286468
0 0.361139899433587 0.9994436200747419 0.22785270643949898 0.040408818584904735 0.17694938246350303 0.04748339101573749 0.31023657545759104 1.0065181925055746
0 0.6922148063476726 0.9804793280332911 0.5768551358985192 -0.0064498460181008355 0.5216707233008466 5.21261107910842e-7 0.6370303937499999 0.9869296953124997
0 0.8490324417761453 0.9612960618493404 0.7390291025254399 0.020148809624320252 0.6717769194137254 0.02800939116105484 0.781780258664431 0.9691566433860748
0 0.9110645094834846 0.953638750601919 0.7987762524566742 -0.007054319559203925 0.7384213753303284 1.1246084599125795e-7 0.8507096323571387 0.9606931826219689
0 0.41491079002514547 0.9997551329787566 0.284969198793091 0.023771261964701938 0.22726717690046505 0.031453655869679374 0.35720876813251945 1.007437526883734
0 0.9570441472022232 0.9486053253770793 0.8608264255499216 -0.004767881764713033 0.8095076758603159 0.00041138395849941165 0.9057253975126175 0.9537845911002918
0 1.0508699656506497 0.9309397363025083 0.941576142679122 -0.004131830830612504 0.8907060789169057 0.0018140068344381088 0.9999999018884335 0.9368855739675588
0 0.7525309407462075 0.9730835162948785 0.6380103860716245 -0.0066514969975583925 0.581099528137917 7.742075630701173e-7 0.6956200828125001 0.9797357875000001
0 0.7835247142437421 0.9691461173925668 0.685595228125 0.131272253125 0.6511075299241942 0.13530312543914663 0.7490370160429364 0.9731769897067135
0 0.9957145337574212 0.943589305474114 0.8995257687714984 -0.0035798089549608724 0.8624717014574077 0.0001831779481709983 0.9586604664433306 0.9473522923772458
0 0.11939939292593693 0.9998034782060442 0.003031863941442131 0.23211418007060786 -0.057372052240582595 0.24127029893817697 0.05899547674391219 1.0089595970736134