0 0.09982173124999999 1 0.01406723793772945 0.38982513002161634 -0.01973030218196714 0.3945750649513659 0.0660241911303034 1.0047499349297495
0 0.16666846793739595 0.9994943520037779 0.038438459885613716 0.21700216344008108 -0.027328236343096685 0.22777960519630658 0.10090177170868556 1.0102717937600034
0 1.002194433199374 0.9343349617697202 0.8693134617090795 -0.011162334694821951 0.78988931875 0 0.9227702902402946 0.9454972964645421
0 0.4341330399615326 0.999999999654054 0.3029447839342729 0.06654707633957666 0.23703935000000004 0.07580948125 0.36822760602725974 1.0092624045644774
0 0.5746554859375 0.9944216421875 0.4463961647929243 0.08180915693851717 0.3923213379743023 0.08940887827793623 0.520580659118878 1.002021363526919
0 0.37849086149368716 0.9998121267135511 0.25116098377066265 0.16936112740194492 0.18829539183299443 0.17900006834011492 0.31562526955601894 1.0094510676517212
0 0.63380234068014 0.9861090941423413 0.5036891909898024 0.06030592857394792 0.44961281749716225 0.06790586724410654 0.5797259671874999 0.9937090328124999
0 0.2858065551072483 0.9992107247499777 0.14952556146244972 0.1285151410703942 0.092786989014875 0.1373958442416054 0.2290679826596736 1.008091427921189
0 0.9113535487277836 0.9474231631567687 0.7849942116596104 0.008947369356367063 0.7271051730797133 0.016741731860750897 0.8534645101478866 0.9552175256611525
0 0.7216762534951858 0.9737592208896168 0.5837552186005283 -0.007599938610683943 0.5296788450427711 3.790793234870193e-11 0.6675998799374285 0.9813591595382085
0 0.31515192078111076 0.9997488773819813 0.2045083508949262 0.27455346194391445 0.17017125302861674 0.2797922968932016 0.28081482291480137 1.0049877123312683
0 0.5168489609375001 1.0000000000000002 0.3881948421913128 0.08457835275146425 0.3527076546875 0.08956575156250002 0.4813617734336873 1.004987398811036
0 1.0574556640638035 0.8983746985385725 0.9413418984959312 0.07218233694978757 0.8838862344321277 0.08025720403621488 1 0.9064495656249999
0 0.8508353322871864 0.9561878904581134 0.7300297419818313 0.03190379114663772 0.6641288243329302 0.04051715933523971 0.7849344146382854 0.9648012586467154
0 0.7850828362231821 0.9652614747932938 0.6550957989724492 -0.008393044396171435 0.5896797600584012 0.0003402762216945576 0.719666797309134 0.97399479541116
0 0.6722116591125485 0.980705772303307 0.5541788039021395 0.17784124807903345 0.5190647155042398 0.18300353385286222 0.637097570714649 0.9858680580771357
0 0.48259313219735994 0.9998623706745358 0.3469799630874069 0.06767798918119294 0.2960470566009041 0.07508765297490547 0.43166022571085716 1.0072720344682484
0 0.23156403593749997 1 0.0973881933907069 0.11600435012655064 0.03040607685073598 0.12617112178838483 0.16458191939752906 1.0101667716618343