0 0.8648307287192484 0.062297229672444374 0.8542666789075147 0.007933937410834146 -0.010344205121263106 0.17594790541506983 0.00021984469047057198 0.23031119767668007
0 0.8627154294523649 0.1259744194608496 0.8497644934048338 0.05896658135041546 -0.012052640661355047 0.22553423824994137 0.0008982953861760845 0.29254207636037555
0 0.9152995547772249 0.18465350580615741 0.903382018619302 0.11955254477003466 -0.010695257935337332 0.28688569655608986 0.00122227822258556 0.35198665759221265
0 0.9081469338323982 0.2525154554452974 0.896594148694728 0.18873217935199257 0.00827444806583245 0.3496296318427163 0.01982723320350275 0.41341290793602115
0 0.9724745011393148 0.2821115216239307 0.9658593197506613 0.245113776897586 0.028476814882998587 0.41271737939053954 0.03509199627165219 0.4497151241168843
0 0.9832167727815296 0.3540743759316133 0.9703555242360361 0.28231610364231463 0.023946370881956024 0.45194119296922225 0.03680761942744948 0.523699465258521
0 0.9905068825202414 0.39856407900174184 0.9832660283233243 0.3552061956836304 0.04467936764566764 0.5119520661237401 0.05192022184258462 0.5553099494418516
0 0.9984303949528325 0.45069998337203554 0.990693115432788 0.4025036523213933 0.05819123865176654 0.5522044182581118 0.06592851817181096 0.6004007493087541
0 1.0085087735755345 0.5143714349992532 0.9987327474205486 0.45264802807742893 0.06591666488389289 0.6003915645322409 0.07569269103887868 0.6621149714540651
0 1.011448529246251 0.5910335722152151 1 0.51770385625 0.07570444257965016 0.6620085843131268 0.08715297182590111 0.735338300278342
0 0.992495774541793 0.6593363665727626 0.9835573793579255 0.5995167120335351 0.08375571823623384 0.7339672182452017 0.09269411342010139 0.7937868727844293
0 1.007883842065879 0.7178495796895654 1 0.6627462093750001 0.09997305169023712 0.7915163785135233 0.1078568937561162 0.8466197488280887
0 1.0070084261824301 0.7700365636688635 0.9998829852013941 0.7199484266295492 0.11199669074398821 0.8462574044232584 0.11912213172502424 0.8963455414625727
0 0.9394118813515357 0.8109306258333417 0.9348622485928095 0.7791915146727966 0.12010369877481182 0.8959828189394455 0.12465333153353804 0.9277219300999908
0 1.0082629026289198 0.8601796874763149 1 0.8001699953124998 0.12732728998373186 0.9203307455142478 0.13559019261265165 0.9803404376780627
0 1.007470664378068 0.9148813477305076 0.9999999999999998 0.8609063015625003 0.1368262628838852 0.9803778304961718 0.14429692726195337 1.0343528766641792
0 1.0012794996913432 0.9259245250257365 0.9974658833343086 0.9020078662495393 0.382919425 1 0.38673304135703424 1.0239166587761972