0 0.9154296875 0.9574578125000001 0.005535937500000117 0.9574578125000001 0.00553593750000012 1 0.9154296875 1
0 0.7763086157274811 0.9421483236588681 0.005399368692015816 0.924189776291963 0.004648009441018811 0.9564434871631808 0.7755572564764841 0.9744020345300861
0 0.8687372845272023 0.8870887677813053 0.0051808879830428645 0.8648960750006373 0.0036059798786640535 0.9261784971450229 0.8671623764228235 0.948371189925691
0 0.9577215565660966 0.829887229865115 0.004723634841823858 0.8168646815266296 0.0039427965377120235 0.8740068983707904 0.9569407182619848 0.8870294467092756
0 0.9507166927202148 0.7855458201595844 0.0045533756257188735 0.7760473129387797 0.004055156223038652 0.8256758400033541 0.9502184733175346 0.8351743472241588
0 0.9360791065118528 0.7516611779121332 0.004293039088268881 0.7391516508972916 0.003786696072818352 0.7768671749594163 0.9355727634964023 0.7893767019742578
0 0.9390135838995699 0.696961406086247 0.004014168517069594 0.6867909865701673 0.0034150091500536246 0.7418736365036506 0.9384144245325539 0.7520440560197302
0 0.9423961898912048 0.6384654465738234 0.003664062500000078 0.635734375 0.00349828378275453 0.6927163338060962 0.9422304111739592 0.6954474053799197
0 0.8238077217811194 0.6065151114545605 0.0034988331532008537 0.6017400156542697 0.0033099212428118383 0.6341930020949516 0.8236188098707302 0.6389680978952423
0 1.0005110425926094 0.5571611220632997 0.003203588169769102 0.5476532158387306 0.002672996077265151 0.6033083134610241 0.9999804505001053 0.6128162196855932
0 1.0001682542853603 0.5514105824154095 0.9999943709110208 0.48876899231240367 0.0028284943715562462 0.491536970697111 0.0030023777458956765 0.5541785608001168
0 0.9339995670783588 0.4287018513604142 0.0024676024526732966 0.4284536384780543 0.0024512741847524952 0.48973290549509735 0.933983238810438 0.4899811183774573
0 0.9478056482019452 0.4281818227371456 0.94777174409803 0.37616914571960847 0.002173148091059928 0.37678552762685563 0.002207052194975144 0.42879820464439283
0 0.9867462537981468 0.3780326245080564 0.9867003655513285 0.29531490652711595 0.0016931269918093995 0.2958613463514285 0.001739015238627915 0.378579064332369
0 0.8684677829532079 0.2939208290079266 0.8681628738284701 0.24150103627988995 0.001399993997217522 0.24654271800525884 0.001704903121955328 0.2989625107332955
0 0.9576976614522644 0.23997247703745356 0.9573871108145138 0.18654482773442765 0.0010845637989012932 0.19210337971514352 0.0013951144366520052 0.24553102901816945
0 0.8894545791902418 0.18691854708801597 0.8890128488392206 0.13249238650389572 0.000655038881713498 0.13970242305641684 0.0010967692327346263 0.19412858364053706
0 1.000502142949043 0.13188671151660505 1.0000000000000002 0.06745625 0.00027598205095721114 0.07524766348339498 0.0007781250000000004 0.13967812500000004
0 0.9750461466979365 0.06534108275947474 0.9737289291976057 -0.002043758648308433 -0.0007584522446566449 0.017005211503888583 0.0005587652556742657 0.08439005291167176