0 0.96186865385375 0.6686721943865461 0.9557786763649299 0.5913185420747535 0.012590978781124518 0.6655747882163701 0.018680956269944683 0.7429284405281626
0 0.9612355265403009 0.7385661134704662 0.9568531565305236 0.6698835316332735 0.018382233457239022 0.7297637329639883 0.022764603467016347 0.7984463148011811
0 0.9000579936593581 0.39081717580299746 0.895124706264018 0.3344294424981614 -0.004933287311932472 0.4131743129610196 8.340780843774098e-11 0.46956204626585557
0 0.9948883822774371 0.7845487788211044 0.9915992819012365 0.7335065005145759 0.024079950302069407 0.795852232388722 0.027369050678270224 0.8468945106952507
0 0.9578982341163952 0.1280963792974271 0.9524984500505866 0.07204578938835206 -0.004929516963868977 0.1642821831324825 0.0004702671019396781 0.22033277304155754
0 0.9512906335916977 0.18746564127694004 0.9466313421556484 0.13420969651093184 -0.004659291436049357 0.21743684273399194 1.1102230246251566e-17 0.27069278750000014
0 0.9075380399202444 0.9685067039186279 0.9040368363333208 0.9256264436817958 0.04149033523342477 0.9960539757643868 0.044991538820348356 1.038934236001219
0 0.9792345677830582 0.9421911771918916 0.9773432189177147 0.9063143221743333 0.03805027846363168 0.9558317794955983 0.03994162732897537 0.9917086345131565
0 0.9971216060135282 0.9059460765017239 0.9928494490674813 0.8308719226621186 0.03197383147337052 0.8855513460594446 0.036245988419417396 0.9606254998990499
0 0.9675068908345047 0.8333190274430065 0.9645495873176678 0.7847224711133809 0.028086527320836496 0.8417101613919249 0.031043830837673446 0.8903067177215505
0 0.9916300420891234 0.7832315683201434 0.9879474778286109 0.7244630647707287 0.023353681544196758 0.784906642972822 0.027036245804709237 0.8436751465222366
0 0.8959154315099367 0.5965291424247753 0.8908542313753515 0.5345257469755409 0.0074197453125000035 0.6066385515625001 0.012480945447085301 0.6686419470117345
0 0.9742441996323462 0.5272002274263621 0.9694548653596371 0.4673060015502591 0.0020578920336138786 0.5446621642169163 0.0068472263063229285 0.6045563900930192
0 0.9523225182916771 0.46871312673864757 0.9478688597269548 0.41780757706510707 -0.0018315638039067383 0.5008955989468749 0.0026220947608154854 0.5518011486204153
0 0.8088441625627777 0.42998369555738297 0.8063455352107148 0.4005996475881263 -0.0024986273520628544 0.4693784676557433 5.551115123125783e-18 0.498762515625
0 0.9827104448703402 0.32597774232048227 0.977914155276482 0.2711559023745973 -0.004518288343344223 0.3571076053939351 0.0002780012505138929 0.41192944533982007
0 0.9712651742151112 0.2695033938729606 0.9667666938309575 0.22113187693376962 -0.0040374128823957856 0.31141524010379007 0.0004610675017578059 0.359786757042981
0 0.9532556141893049 0.22187666116833293 0.9500714548168869 0.18824357860399177 -0.002921607936557885 0.27846670301760307 0.0002625514358602199 0.31209978558194423
0 0.8300648106045966 0.08563417602422252 0.8268636672762234 0.05209060140270829 -0.003201143328373178 0.13130566600348575 0 0.164849240625
0 0.961669095913255 0.03898219448034684 0.9567672189334464 -0.012001064278045648 -0.0049018769798085185 0.08046033811660751 0 0.131443596875
0 0.7743454875 8.881784197001253e-17 0.7701515583304474 -0.03964260336679065 -0.004193929169552615 0.04227810444570926 0 0.08192070781250001