0 0.1532401962925651 0.9996007553059154 0.07410898284767184 0.1033087375409171 0.018186739489606963 0.10824596211479982 0.09731795293450024 1.0045379798797982
0 0.21215123646666845 0.9979462994221773 0.13701144580265784 0.1121339856856343 0.06842193391694842 0.11795214996820005 0.143561724580959 1.003764463704743
0 0.28047596857026197 0.9983422636659016 0.19863948766464537 0.06254771241783133 0.13106378475207042 0.06845729771485297 0.21290026565768705 1.0042518489629233
0 0.3367816442437304 0.9810888592834608 0.26795466941513857 0.08068186603812184 0.20192625332480785 0.0857290682103763 0.27075322815339964 0.9861360614557153
0 0.3747919549705693 0.9723166695612109 0.3034236921464233 0.009525674831789732 0.2644022960291159 0.012418191763408682 0.3357705588532619 0.97520918649283
0 0.4231763671746303 0.7099593731763976 0.37623303564000943 0.005759567106870764 0.30364262950312954 0.010598585056245044 0.35058596103775036 0.7147983911257717
0 0.48257299858300984 0.9597760216762194 0.4210366222806635 0.0029776131127099035 0.37704931546760795 0.005806651539559749 0.4385856917699543 0.9626050601030695
0 0.5299045529736247 0.9572296955112863 0.4737985817340248 0.0006689204141668348 0.42507675744078244 0.0035266429381329233 0.4811827286803824 0.9600874180352523
0 0.5901208243366567 0.9507621321508332 0.5401948218817771 -0.001882743087605898 0.47583002830960297 0.0014904728141621915 0.5257560307644826 0.9541353480526013
0 0.664237860299502 0.9468778229653383 0.6144245531582777 -0.0036166796775143504 0.5422579661915125 0.00016541096258281262 0.5920712733327367 0.9506599136054354
0 0.7248163805242651 0.9474552451725324 0.6831586818382795 0.03841202281149766 0.62077110500351 0.04127098794495027 0.6624288036894954 0.9503142103059851
0 0.7789863702890804 0.9378064619140204 0.7396021094771886 -0.002368681819555768 0.68305729375 0 0.7224415545618917 0.9401751437335761
0 0.8296237587729831 0.9317577384696447 0.7913491600357035 -0.0020362372253860837 0.7402220973842739 0.000059372575633143135 0.7784966961215534 0.9338533482706639
0 0.8611589812482101 0.9299296482669973 0.8281059074580736 0.1039992589422906 0.7962828547797967 0.10527279206566012 0.8293359285699331 0.931203181390367
0 0.9148635109519926 0.9242747847673194 0.8835254345467032 0.01070871442334424 0.8151546991754424 0.013054037217724806 0.8464927755807319 0.9266201075617
0 0.9698558783374395 0.9246144704116853 0.9369988350103245 -0.0020050681977649143 0.8804528046875 0 0.9133098480146149 0.9266195386094502
0 1.022381820402775 0.9211550133493045 0.9740100743331516 -0.0018325236026460246 0.9236735402476379 0.0008055033991597072 0.9720452863172614 0.9237930403511101