0 0.919188678125 5.681381717630994e-17 0.008147154687500002 1.0286128979068083e-18 0.008147154687500002 0.0289290140625 0.919188678125 0.028929014062500057
0 0.8526455437268355 0.08760076553475475 0.8520907269143446 0.019375759419351483 0.00655403321046798 0.026251800917265422 0.007108850022958957 0.0944768070326687
0 0.9795499571815764 0.8650795920385261 4.15087408889292e-12 0.8479814825747027 -0.0013997649194554234 0.9281739549575766 0.9781501922579702 0.9452720644214001
0 0.9601041390625001 0.3066348484375002 0.0035904663986098253 0.28993884582231033 0.0024289545826501465 0.35648183569434866 0.9589426272465404 0.37317783830953855
0 0.9223807171875003 0.4578776437500002 0.0009398276793849663 0.4417938332219726 -0.00001318279661409738 0.4963917669134251 0.9214277067115011 0.5124755774414528
0 0.8658072221549329 0.24214176605409327 0.0035797426059718043 0.23974515066650487 0.0034027440790855975 0.3034237010552473 0.8656302236280465 0.30582031644283564
0 0.934656628171042 0.5178275814634934 6.38378239159465e-17 0.5015130906249998 -0.000953037671242278 0.5561125865664627 0.9337035904997997 0.5724270774049562
0 0.9218177168717636 0.2119205322783325 0.921712024070818 0.15383642722972 0.004957296586676175 0.15550460090385693 0.005062989387621751 0.2135887059524694
0 0.9417818348729528 0.7999166044044568 0.00007954510121496172 0.7780016666099151 -0.001279634679936889 0.8364067017563505 0.9404226550918009 0.8583216395508921
0 0.9947126234375002 0.6076268796875002 0.000059556356953857637 0.59026514657248 -0.0008934813583359568 0.6448646430787571 0.9937595857222105 0.6622263761937772
0 0.769091580906179 0.20845895131285114 0.004661966209024403 0.20492999691040104 0.004500658681404723 0.23987186272211397 0.7689302733785593 0.24340081712456407
0 0.9284227203125001 0.41872712968750003 0.0016248358470779087 0.40254981249842176 0.0009994125000000534 0.43838029218749996 0.9277972969654222 0.45455760937657824
0 0.8545220276326303 0.9448221972753048 1.1102230246251565e-16 0.9299064625000002 -0.0010125939095161518 0.9879179392232859 0.8535094337231139 1.0028336739985906
0 0.6357016381748071 0.9913509652844535 1.2212453270876723e-16 0.9802547546874998 -0.00019358535200940662 0.9913452548473373 0.6355080528227975 1.002441465444291
0 0.9279442196136213 0.733156890014784 0.00009665456575182752 0.7115577292567365 -0.001466715763414192 0.778716327196443 0.9263808492844554 0.8003154879544903
0 0.9933297972234154 0.667051265694155 0.0001315022917077885 0.6439254361187526 -0.0014052341229660453 0.7099245381979683 0.9917930608087415 0.7330503677733706
0 0.8101108662053192 0.5685041250544529 6.800116025829084e-17 0.5594180906249999 -0.0003978891560083575 0.5948938893720115 0.809712977049311 0.6039799238014645
0 0.9514857379958693 0.3644302515785981 0.0017849680106871175 0.3605491804400466 0.0015726756317699024 0.4124972711918475 0.951273445616952 0.41637834233039905
0 0.9426945103088572 0.09486694976658056 0.006451891858569775 0.08764579101108162 0.00592175468750002 0.15637949843750001 0.9421643731377876 0.16360065719299893