0 0.051067437580392304 0.04070953439458751 0.03384771805375329 0.03938253162327275 -0.016952086541722033 0.6985811452595262 0.0002676329849169767 0.6999081480308409
0 0.10027562156126615 0.05983368887126537 0.05046708640710017 0.05565365733344424 -0.024187419529165876 0.9452238793996788 0.0256211156250001 0.9494039109375001
0 0.1150316123821884 0.19692912131529464 0.08385055609421757 0.19456629241303774 0.026322499280347845 0.95373492114341 0.057503555568318654 0.9560977500456669
0 0.17695643205784048 0.11303168944510196 0.11769203424070067 0.10868397158616898 0.05551358077930492 0.9562478478895511 0.11477797859644472 0.9605955657484839
0 0.24061656817408558 0.032659128121910054 0.1854570355784171 0.027945295655044316 0.10561047903003681 0.962280312764961 0.1607700116257053 0.9669941452318266
0 0.2826917454646867 0.0436587628237858 0.23480215266764465 0.03939128528498766 0.15246493666918615 0.9633787486891364 0.20035452946622817 0.9676462262279346
0 0.3139550646088705 0.061020059213563106 0.27753684180839255 0.05789900863766133 0.1992283132358867 0.9716482002562972 0.23564653603636465 0.974769250832199
0 0.36696670092254935 0.06342032558326512 0.31380918119489637 0.05872837081915157 0.23291019182951306 0.9752737851162199 0.28606771155716604 0.9799657398803333
0 0.4236800453221422 0.06575329853857788 0.36873402790410587 0.060462269051892434 0.2801832531277316 0.9800399099414486 0.33512927054576797 0.9853309394281341
0 0.44492248771969667 0.18342756503028151 0.41184702548225294 0.1801518909341398 0.3321072190125564 0.9853085946538584 0.36518268125000014 0.9885842687500002
0 0.5091558393067082 0.00034386116953469823 0.4554534065896103 -0.004468887994413468 0.36638548435891327 0.9893838846944139 0.42008791707601106 0.9941966338583621
0 0.5755077234533028 0.005172208476941287 0.5151887471483672 -0.0010437558547527147 0.4126798608057296 0.9936902478170186 0.47299883711066515 0.9999062121487124
0 0.625088228196315 0.09391675035836299 0.5660134354124582 0.08807071466618248 0.47585688092718004 0.9991119834439622 0.5349316737110369 1.0049580191361427
0 0.6770729878195485 0.08567282622612006 0.6278614380126578 0.0806064726691309 0.5332659902478414 0.9994504769059562 0.5824775400547321 1.0045168304629453
0 0.7587320464489583 0.055841874933453474 0.6790170262569033 0.04779425875324979 0.5829265059346693 0.9996112435883913 0.6626415261267243 1.0076588597685947
0 0.7992480048890263 0.17533419292056945 0.7487449397152773 0.17002610688005215 0.6615513541349769 0.9996176586525701 0.7120544193087258 1.0049257446930873
0 0.8608020682113722 0.09453352166623305 0.8093878604288183 0.08891054781807275 0.7098369468427281 0.9991639998651467 0.761251154625282 1.004786973713307
0 0.9063385540427935 0.16565571476113947 0.853934637407788 0.15990834744086596 0.7618203147757414 0.9997974679904269 0.8142242314107471 1.0055448353107004
0 0.9813588296875 0.04958421093750011 0.919252250492107 0.04259748098599395 0.8116130059104169 0.9994264001721295 0.8737195851058097 1.0064131301236354
0 1.0443837754055183 0.09842918597382047 0.9791537027098333 0.0904756137842387 0.8683631574766986 0.9991082567391025 0.9335932301723837 1.0070618289286843