0 0.36409843242798173 0.04044564396084059 0.28677267203240964 0.031893898440962326 0.1836565623374102 0.9642803419646668 0.2609823227329823 0.9728320874845451
0 0.28516683998373277 0.0422498391884726 0.21911644682816175 0.03577026034897422 0.12894540724150003 0.9549399723740599 0.19499580039707104 0.9614195512135583
0 0.12346769617481235 0.002497026924559183 0.05012897467662218 -0.0038607160587155165 -0.03150771866342904 0.9378462281586764 0.041831002834761134 0.9442039711419511
0 0.22489337578019336 0.008577432913650712 0.1733568568671435 0.003445604400315977 0.07909325578346907 0.9500902257935919 0.1306297746965189 0.9552220543069267
0 0.6172031917537156 0.12240645081313994 0.5598216164688521 0.11536087940741033 0.45166257602509263 0.9962455890443108 0.5090441513099562 1.0032911604500405
0 0.17292564770150812 0.024375824366367514 0.1239517725820872 0.019417539105075245 0.030353676594353028 0.9439027638870371 0.07932755171377394 0.9488610491483292
0 0.8765370557592467 0.07712137796312997 0.8227700028742106 0.07022571670950858 0.7035950095047097 0.9994604826584146 0.7573620623897457 1.0063561439120359
0 0.6809766157475615 0.03893126462681748 0.6297984546875 0.03264737656250008 0.5110224870068585 0.9999999999394499 0.5622006480669202 1.0062838880037672
0 0.8173419036539797 0.07141790571153939 0.7659536975739308 0.06495057691166048 0.6482954397825974 0.9998414701215108 0.6996836458626464 1.0063087989213897
0 0.9670216674388102 0.0567383139216858 0.9142740051309037 0.04963729144621032 0.7864490832726745 0.999143624653659 0.839196745580581 1.0062446471291344
0 1.0279153609253684 0.29040783942099235 0.9875931726875569 0.2854568972077104 0.8998583109528964 0.9999999998100396 0.9401804991907078 1.0049509420233216
0 0.893745879692435 0.20358864683480715 0.8627288116157559 0.19978022957892855 0.7644741741124179 0.9999999995073171 0.7954912421890971 1.0038084167631958
0 0.038971960937500126 0.1600307359375 0.02666230480971112 0.15898939425375838 -0.011894103953097129 0.6147630762284504 0.00041555217469188 0.615804417912192
0 0.418099071614184 0.10843491432315835 0.35679298298351114 0.10163568624847141 0.2599375839733358 0.9749444811369873 0.3212436726040087 0.9817437092116743
0 0.487991452964076 0.03636170612067373 0.4289493406068896 0.029528087816163017 0.3187250841773023 0.9818600212967524 0.37776719653448865 0.9886936396012633
0 0.5381657336420531 0.060297322690372954 0.48584079789406764 0.05398884820853482 0.3731981132820332 0.9882909923757136 0.42552304903001864 0.994599466857552
0 0.5484289216158011 0.20141781861409624 0.5175352510288163 0.19785050227363943 0.42551085801484534 0.9948000891378118 0.45640452860183023 0.9983674054782687
0 0.7305365112152644 0.049068414554508874 0.685986570668373 0.04341395012473789 0.564634656171165 0.9995116748956498 0.6091845967180566 1.005166139325421
0 0.7639339769135088 0.06717858137096429 0.7308504720046366 0.0628998939520907 0.609723021237142 0.9994769840169188 0.6428065261460143 1.0037556714357923
0 1.0273710333017356 0.06143549632826743 0.9681410431406618 0.053216473350283275 0.8368261150101655 0.9995311292412976 0.8960561051712391 1.0077501522192818
0 1.028109216421096 0.29363691840754635 0.9886283752389786 0.28878928067724197 0.9013026796875 1 0.9407835208696176 1.0048476377303044