0 0.1356335894020675 0.9998703967393441 0.0033336796851277635 0.12325207850208916 -0.04761493667024015 0.13094128280433587 0.08468497304669959 1.0075596010415908
0 0.19386173465030918 0.9991899978541097 0.06907181033834692 0.14215722026112795 0.003212125804483118 0.15174684770953545 0.1280020501164454 1.0087796253025172
0 0.566961429006405 0.9923841523717571 0.44829073715151135 0.04340562394404107 0.39508846950703813 0.05005861947606778 0.5137591613619319 0.9990371479037838
0 0.5188510087600126 0.9995830707725382 0.4027993280521918 0.1334962499490621 0.34560491023097306 0.14116004087125486 0.4616565909387938 1.007246861694731
0 0.6954780720252945 0.9766047559115506 0.5814159843130865 0.04764359168325557 0.5348903828125 0.053356217187499985 0.6489524705247081 0.982317381415795
0 0.753050068457004 0.9711100373441244 0.6380358750000001 0.03439460625 0.5899594201403915 0.04029765267840278 0.7049736135973953 0.9770130837725273
0 1.004526620904904 0.9394722208646075 0.9045141060777873 -0.003990173240158967 0.8498910947630638 0.0018001844499313413 0.9499036095901804 0.9452625785546978
0 0.8319377115621649 0.9601299625072258 0.7193651931232655 -0.0057511196917283125 0.6687895687940273 0.00014342106208807824 0.7813620872329265 0.9660245032610423
0 0.46172070737614873 0.999651126540997 0.3605805200529463 0.2303460018977645 0.32761222477711016 0.23468032836084518 0.4287524121003125 1.0039854530040775
0 0.7856179946954314 0.9671111987391283 0.6850757796186449 0.1482606244392196 0.6571604130482135 0.15168820070009142 0.7577026281249999 0.9705387750000002
0 0.08842270937499999 1 0.0010368756565479532 0.42432248090225616 -0.028998692558111227 0.42888177509487824 0.058387141160340814 1.0045592941926222
0 0.26578717812499997 1 0.1417696048138417 0.1232874296278359 0.0672742457573753 0.13382535729688316 0.1912918190685336 1.0105379276690474
0 0.3282270289235248 0.9998387262110582 0.21124278153706796 0.17101820610612115 0.1481874540559988 0.17991817883863206 0.2651717014424556 1.008738698943569
0 0.38224307187499995 1 0.26196109052724387 0.08447028725846287 0.20164103181355036 0.09239511599544599 0.3219230131613065 1.007924828736983
0 0.429550175 1 0.3189139587559161 0.09894033600540497 0.26463409125400894 0.10560506576593862 0.37527030749809276 1.0066647297605336
0 0.6109142906220812 0.9866384017789931 0.4949691310839631 0.04234084980790033 0.4503820961909308 0.0478154492741526 0.566327255729049 0.9921130012452455
0 0.6442930405323453 0.9860379551116001 0.5296174147379415 0.052079941146640676 0.49860034793090363 0.05588835811316327 0.6132759737253074 0.9898463720781226
0 0.8918683800276215 0.9526846271168778 0.7842831624928726 -0.006312281315290413 0.7230780493073514 0.0005540238400290387 0.8306632668421005 0.9595509322721973
0 0.9497809060220639 0.9450645525411618 0.8474303889145874 0.009706078595140133 0.7885978666734712 0.016143759165576553 0.8909483837809479 0.9515022331115981
0 1.0471389194175522 0.8607591213018774 0.9417182265010171 -0.0049734183279716015 0.894579307083465 0.0007667119326511207 1.0000000000000002 0.8664992515625001