0 0.9280748197458625 0.9562865805643371 0.00040152174251418816 0.8868388609430526 -0.0049076039905625365 0.9577574484096495 0.9227656940127857 1.027205168030934
0 0.999516974591347 0.524822359783472 0.0037576306287019634 0.4704127714985952 0.0004845818829842252 0.530313406194255 0.9962439258456293 0.5847229944791319
0 0.9101940700396829 0.5830523737654311 0.0012418073260823392 0.5253806712487971 -0.002828849330697042 0.5895374832978713 0.9061234133829036 0.6472091858145053
0 0.9909672265933688 0.3769250060627998 0.010503385937500036 0.32554107499999996 0.007758446844131328 0.37791763456220023 0.9882222875 0.42930156562500005
0 1.0009356979774202 0.3126742878453049 0.01352358016384175 0.2609262197144973 0.010687217091140913 0.3150472597777577 0.9980993349047192 0.3667953279085653
0 1.002470420733251 0.02564718645275275 0.027001519566751703 -0.02547497270457494 0.023982143772741563 0.03213814920852079 0.9994510449392411 0.08326030836584848
0 1.002536956968846 0.2169671660929442 0.01762151159792216 0.1718579491468329 0.015017335670473381 0.2287175726794593 0.9999327810413972 0.27382678962557055
0 0.8053364230682585 0.6377291865257078 0.00014916083652273814 0.5886429074967965 -0.00211459343913451 0.6257764230869326 0.8030726687926011 0.674862702115844
0 0.8695666470182297 0.269025080201703 0.015242199522387806 0.22425183784211722 0.013595252504158209 0.25567746232791444 0.8679197000000002 0.3004507046875002
0 0.9436971897343428 0.8736976120949027 1.1102230246251565e-16 0.8068987015625 -0.005943249375913884 0.8908615639690629 0.9377539403584289 0.9576604745014656
0 0.8843484873984033 0.7998450393687695 0.00006490416565478885 0.7375213392629695 -0.00494382507472525 0.8085879966117318 0.8793397581580233 0.8709116967175318
0 0.9769459586410709 0.7364766993568992 7.771561172376095e-17 0.6770068656250001 -0.0041358719195158265 0.7449492677417368 0.9728100867215552 0.8044191014736359
0 0.9559161821152523 0.6740117857939677 7.771561172376095e-17 0.6239143421875 -0.003202388109729304 0.6850195482644941 0.952713794005523 0.7351169918709617
0 1.0021054190336454 0.472919179620978 0.006070760937500053 0.42071921406249996 0.003440224889950405 0.4709128309489993 0.9994748829860957 0.5231127965074773
0 0.9901281789346477 0.43509049501483343 0.007799710937500046 0.3836088421875 0.005969751477324331 0.4185265492595792 0.988298219474472 0.4700082020869125
0 1.0027217505565633 0.14489645002460114 0.020542091264158152 0.10369206420369095 0.017653503928478677 0.172546669573255 0.9998331632208839 0.2137510553941652
0 1.0019712489361932 0.07660848512790434 0.023449502395194336 0.03822435925064092 0.020853723727119116 0.10439822195734398 0.999375470268118 0.14278234783460741