0 0.3402334638097787 0.04818798554194919 0.26256611280219616 0.04369487763765686 0.2083886571949503 0.9802001988933293 0.28605600820253285 0.9846933067976217
0 0.26150446662062266 0.05412066805976482 0.19520547849518427 0.05110678059679079 0.15326365267901124 0.9737359915102406 0.21956264080444962 0.9767498789732146
0 0.09798926165564638 0.02162984140477984 0.024418310166502706 0.019119063596339247 -0.00786420550882912 0.9650631398555134 0.06570674598031453 0.9675739176639541
0 0.1995513299241829 0.023648879485406712 0.14781686119812784 0.021221296900201015 0.10322599523139744 0.9715019484760811 0.1549604639574525 0.9739295310612869
0 0.5972808488052801 0.11678998804055815 0.53960917613966 0.11275719204867155 0.4777003089447375 0.9980952877887057 0.5353719816103577 1.0021280837805924
0 0.14848164428003824 0.04214539895939796 0.09931539120618736 0.03975700381729551 0.054229391980523636 0.9678738002972608 0.10339564505437451 0.9702621954393633
0 0.8538841588882166 0.05799394391251124 0.799821840417341 0.05392577919483914 0.7286540979085375 0.9996822633535825 0.782716416379413 1.0037504280712546
0 0.6565981203589835 0.03009155871025836 0.605161223449268 0.026494740516562344 0.5370871046875002 1 0.5885240015972155 1.003596818193696
0 0.7944767438804718 0.055396870510186894 0.7428204902098084 0.051627855921695345 0.6736309359687789 0.999905736338494 0.7252871896394423 1.0036747509269854
0 0.9431803032170917 0.03290350139597493 0.8900437766069453 0.028577550271249457 0.8110011209162119 0.999474367260564 0.8641376475263582 1.0038003183852895
0 1.0249391005476476 0.1384152758404113 0.9844130602247733 0.13558141906614082 0.9239670252406922 0.9999999999075703 0.9644930655635665 1.0028338566818407
0 0.8776932922375412 0.18338780084687797 0.8465194153215535 0.18120791091628105 0.7892638922249063 0.9999999997840947 0.820437769140894 1.0021798897146916
0 0.02181116718750009 0.18462499531250004 0.009830238926725528 0.18424105858381445 -0.009842435694607821 0.798136228610068 0.002138492566166744 0.7985201653387536
0 0.3977183810350619 0.11325790487362589 0.3361404653641958 0.10967650761360308 0.2851232539657426 0.9868574828502659 0.3467011696366088 0.9904388801102886
0 0.4637429560137288 0.03762558376583599 0.40442411551352314 0.033891356172289486 0.3441921202381476 0.9906868463357231 0.40351096073835324 0.9944210739292696
0 0.5151011682536468 0.05890247968983647 0.46251778252971504 0.05534112638634936 0.398927067759053 0.9942581049327179 0.4515104534829848 0.997819458236205
0 0.5327359674874368 0.19929244168709304 0.5016979357717822 0.19734686397252316 0.45150877798381206 0.9980204425909946 0.4825468096994666 0.9999660203055646
0 0.7066206319920234 0.03762105176412424 0.661835815012837 0.03430590051962505 0.5903751899619673 0.9996769433737928 0.6351600069411538 1.0029920946182922
0 0.7409200636098221 0.05395848869035351 0.7076580154864833 0.05141719953215825 0.6352082218755871 0.9996872985251398 0.6684702699989259 1.002228587683335
0 1.00369916493493 0.03405927267196962 0.9441371804824985 0.028958063309435778 0.8610190988357356 0.9994490851288932 0.9205810832881672 1.0045502944914269
0 1.0282513242129097 0.09944801403420567 0.9884305957792389 0.09666347753533691 0.9252631546875003 1.0000000000000002 0.9650838831211711 1.002784536498869