0 0.957426724047734 0.9618902660782206 0.9537189279573278 0.919509963273263 0.0472875984375 0.9988124296875001 0.050995394527906246 1.0411927324924577
0 0.8157686291412867 0.9471021207698513 0.8136605811955201 0.9151588372419747 0.0442649179042406 0.9659339225918403 0.046372965850007164 0.997877206119717
0 0.9048085458817878 0.9110025911453189 0.9008888160535122 0.8515312148324623 0.03895436457076129 0.9083409002468732 0.042874094399037034 0.9678122765597298
0 0.9886296082215222 0.8469228135449931 0.984806316776751 0.7888062834071019 0.033736630989821 0.8513739656899733 0.0375599224345923 0.9094904958278646
0 0.9776516010963654 0.7955458115616987 0.9742673145831864 0.7452472965531081 0.029911670355074017 0.8087873448002547 0.03329595686825304 0.8590858598088454
0 0.9590053728996502 0.748212662837604 0.9561495581549476 0.7107587637810373 0.02703176262449384 0.781602877928777 0.029887577369196318 0.8190567769853437
0 0.9585372142145652 0.7131002590549718 0.954549805816983 0.6579992025160881 0.02191829490713012 0.7254894277865848 0.025905703304712223 0.7805904843254685
0 0.957440386653218 0.6568545820345231 0.953062750843993 0.5995513654809537 0.016817387030994613 0.6710751206442824 0.021195022840219645 0.7283783371978518
0 0.834485608407825 0.6102359650572755 0.8318774193558205 0.578067363847939 0.014235407339758616 0.6443607326618844 0.016843596391763187 0.676529333871221
0 1.0043030011830658 0.5682344771470432 0.9999471990234963 0.5129302956263031 0.009259151714646136 0.5909576891663254 0.013614953874215668 0.6462618706870655
0 1.0025926788284756 0.5078039836146928 0.9971218854282243 0.445272530360889 0.0037476641707956835 0.5321815153732302 0.009218457571046812 0.594712968627034
0 0.9313528580742375 0.4503486737026775 0.9257194931005989 0.38854323764159854 -0.0017492359751339226 0.4730790031907156 0.0038841289985046545 0.5348844392517946
0 0.9399302549979852 0.38775647083736997 0.9350609871256348 0.33559664152738333 -0.004494648755284469 0.42330682257287433 0.00037461911706606065 0.47546665188286097
0 0.9741801439962663 0.33610676718477095 0.9670155472146378 0.2536884703680988 -0.007102313272958777 0.33836823151021933 0.0000622835086696305 0.4207865283268914
0 0.8491046691880818 0.26259093970938746 0.8442322343944832 0.21039719473771884 -0.004534033496872608 0.2896319439888316 0.0003384012967260153 0.3418256889605002
0 0.9332930918733 0.20107097959254855 0.9283271957707736 0.14787370560191268 -0.004652244289285337 0.23496611875727447 0.00031365181324098933 0.2881633927479103
0 0.8606857403603637 0.15416671269635826 0.8555021384404796 0.09998615962087279 -0.005183601919884104 0.18233032192451454 0 0.23651087500000006
0 0.9665143935672498 0.08966585713745426 0.9603986765625001 0.025524337500000015 -0.006115717004749872 0.11767881942504574 2.7755575615628915e-18 0.1818203390625
0 0.9343946114533537 0.025695110459826663 0.9272780999082164 -0.040678052548938456 -0.006600538462037664 0.05945214782800425 0.0005159730830997633 0.12582531083676937