0 0.8738496903832956 0.9655344691424554 6.661338147750939e-17 0.8264532593750001 -0.008820722889969134 0.8818740166379275 0.8650289674933264 1.0209552264053827
0 0.869901115337534 0.9012497401549672 0.000029091378516898912 0.7658614998386709 -0.010725073044106637 0.8349572111828827 0.8591469509149106 0.9703454514991791
0 0.9245650174994452 0.8423150384405625 0.0012763828481566764 0.6961495928077308 -0.009498734782441409 0.7642131737880995 0.9137898998688472 0.9103786194209313
0 0.9110783746246642 0.7707842281417341 0.0025203520177289997 0.6371094478339192 -0.007271752290788825 0.7036642228424982 0.9012862703161465 0.837339003150313
0 0.9753077625022776 0.7383756695836476 0.01411230845154814 0.5992123725401477 0.008416652157827508 0.6385520479694271 0.9696121062085569 0.777715345012927
0 0.9845283413239614 0.6649698687001808 0.28368892650659194 0.56880500644504 0.27364201889046613 0.6420258138094613 0.9744814337078355 0.7381906760646022
0 0.9895839552772824 0.6196617921338575 0.034465661112050364 0.4908770785225867 0.028482167208028698 0.5352530322402574 0.9836004613732607 0.6640377458515283
0 0.9959061669226207 0.5664517475902885 0.04040009981780405 0.4430919648827042 0.03405676883268335 0.49222541104241574 0.9895628359374999 0.61558519375
0 1.0038173596602187 0.49949141126478047 0.05122584271810497 0.3825278807381071 0.043246256957907715 0.44751639185476283 0.9958377739000215 0.5644799223814363
0 1.008946733150674 0.4241581285264216 0.060414410530813936 0.3076930024660394 0.05146767718826932 0.38055829737727853 0.9999999998081297 0.49702342343766065
0 0.9833602815367571 0.3530140717902471 0.06411808502985986 0.24626155441211775 0.05679939756195462 0.30928251643509885 0.9760415940688519 0.41603503381322826
0 1.006397510402322 0.2962047085565555 0.07774356175708926 0.19204986979175204 0.07134605135476735 0.24909065029769656 1 0.3532454890625001
0 1.0055956916636277 0.2433025565126002 0.08746453583421734 0.14116279287266292 0.08171707173631353 0.19282656873471282 0.999848227565724 0.2949663323746501
0 0.9270895058303068 0.20146802636221234 0.09155134430719321 0.10933635895402036 0.08800534458031814 0.14149487920990372 0.9235435061034318 0.23362654661809573
0 1.007098211465621 0.1499903079691503 0.10109131159614107 0.055311646108410176 0.09386822188211066 0.12443143498875393 0.9998751217515907 0.21911009684949406
0 1.0060236879076505 0.09480433596052115 0.10464095788898845 -0.0004410898970410249 0.0986172699813378 0.05656582882993795 1 0.15181125468750012
0 1.0041918326166752 0.058152059509176 0.13371490511361214 -0.048729066659746224 0.12773172812499997 1.3877787807814457e-17 0.9982086556280629 0.10688112616892224