0 0.9846229607666842 0.9752633169642975 0.9816199464074213 0.9011194085900802 0.03520983442793714 0.9394513932176176 0.03821284878720007 1.0135953015918349
0 1.0028064287628482 0.5226734234784318 0.9985380974991417 0.4616334252187425 0.003856070205893758 0.5311883484754594 0.008124401469600345 0.5922283467351487
0 0.9210409142631913 0.596700413315631 0.9172753381503089 0.5324491258668086 0.008039388606419378 0.5857367300304396 0.011804964719301874 0.6499880174792618
0 0.9759671796874999 0.37032921093750015 0.9723085616048841 0.3180085350911569 -0.0036586180541539172 0.3862548089356809 2.846190505501056e-11 0.4385754847820243
0 0.9781530116662953 0.3070851764097394 0.9743725378696005 0.2530218813759883 -0.003780473796694728 0.32142100184124883 0 0.37548429687499996
0 0.963401596910912 0.01902686846939894 0.9591483830688302 -0.03735325577339455 -0.004243566933583354 0.03532327752857128 0.000009646908498352203 0.09170340177136477
0 0.9813429066571541 0.21573074955257515 0.9773185031249998 0.15817909843749994 -0.004024403532154169 0.22680128013492476 2.7755575615628915e-18 0.28435293124999994
0 0.8221368556055998 0.636870326038071 0.8198806467549874 0.5996982493564158 0.012801267680645167 0.6486850104085061 0.015057476531257491 0.6858570870901615
0 0.8408583406250001 0.25709998125000016 0.8386631915768363 0.2257078876989854 -0.0021951490481636445 0.28450643144898524 0 0.31589852500000004
0 0.9900566299859722 0.9019979501212994 0.986405017790025 0.8168638355507667 0.028884609523901927 0.8579342480209192 0.0325362217198492 0.9430683625914519
0 0.9215724063955808 0.8224118377730104 0.9182183247916818 0.7508905764743814 0.02383371859920101 0.7928338937477613 0.02718780020310005 0.86435515504639
0 1.0031734783001114 0.7451365785802492 0.9995942003939993 0.6768220400365049 0.01898935842873919 0.7281999358737917 0.022568636334851302 0.796514474417536
0 0.9779767842194247 0.6782259907093222 0.9740562804948233 0.6172957034859468 0.015115115266313695 0.6789978976044362 0.019035618990915153 0.7399281848278116
0 0.9985686140075464 0.46206983975719895 0.9950624792656647 0.4119297773505717 0.0000905374999999986 0.4815049937500001 0.0035966722418815434 0.5316450561566274
0 0.9809427035534227 0.41074751473912813 0.9785766961056492 0.3758543056797661 -0.002366007447773477 0.44236918937813796 0 0.47726239843750007
0 0.9773724520037407 0.15421500322046297 0.9721978328124999 0.084950103125 -0.005174619191240843 0.15796732021703702 0 0.22723222031249998
0 0.9607282477480211 0.08322370898865032 0.9550946984095594 0.016576588972676796 -0.005034537419031341 0.09773441574813954 0.0005990119194303172 0.16438153576411307