0 0.9405469934477985 0.08815081643627101 0.9354636773505517 0.02998112150827017 -0.004868338192410469 0.11215457758849504 0.00021497790483642477 0.17032427251649587
0 0.9312965613289252 0.15468865581123906 0.9251044453021796 0.0829980029643875 -0.005110271851444923 0.1633431697284062 0.0010818441753007613 0.23503382257525773
0 0.9800254752996096 0.22201207098194042 0.9747057503276764 0.1524334772431264 -0.004619129198310742 0.22730907816151227 0.0007005957736225365 0.2968876719003263
0 0.9650232539996821 0.29238502687093926 0.9599407110947359 0.22422847234509408 0.009504924453060271 0.29510398384371134 0.01458746735800654 0.3632605383695565
0 0.9927252157596099 0.3331482668146707 0.9898672160407062 0.2936239107154216 0.023749785724302606 0.3634837039360575 0.026607785443206383 0.4030080600353066
0 0.9974396411392865 0.40970598969068617 0.9918638051997313 0.3330419803709702 0.014663129617547076 0.4041145826966036 0.02023896555710234 0.48077859201631956
0 0.9988063332324751 0.4568258692488884 0.995992660297677 0.4105630704319053 0.029802181195954663 0.46932613860819006 0.032615854130752756 0.5155889374251731
0 1.0014298376662705 0.512134531657103 0.9986364437500003 0.460888846875 0.039550458799221665 0.5131684674310172 0.04234385271549195 0.5644141522131202
0 1.0033028956606165 0.5799591762723636 1 0.51428435625 0.04225385172322652 0.5624509990521906 0.04555674738384283 0.6281258190745542
0 1.0039196930580547 0.660347759304684 1 0.582265075 0.04580848931366503 0.6301647837996829 0.049728182371719706 0.7082474681043668
0 1.002546530933831 0.7285349876941496 0.9997658991849063 0.664823116955082 0.046313159196036395 0.7064354715941474 0.049093790944961184 0.770147342333215
0 1.0021916140842029 0.7919239227427293 1 0.7333647687499998 0.05698751968611278 0.7686576186721769 0.05917913377031571 0.8272167726649062
0 1.001920794124172 0.8463040815093358 0.9999683856314249 0.7929964967841211 0.06356412201844981 0.8272926226796502 0.0655165305111969 0.8806002074048649
0 0.9361884261247336 0.8813816723524324 0.9349149844600945 0.8475980269251687 0.0665844301947601 0.8803289028414925 0.06785787185939944 0.9141125482687562
0 1.0020521295318123 0.9406399495573778 0.9999999999999998 0.8768080874999999 0.07148096467354212 0.9066590313989998 0.07353309420535464 0.9704908934563777
0 1.0017886222316479 0.9743885450928358 0.999180410813512 0.9246209067927997 0.074761609999314 0.9730676435434396 0.07736982141744969 1.0228352818434756