0 0.9754936813883985 0.3641654653227123 0.03991903486729656 0.2243130432135751 0.02852009628808332 0.30056884036838477 0.9640947428091853 0.44042126247752195
0 0.980120188984215 0.29489988440772974 0.04781993137496403 0.1696413048856404 0.03871435431195469 0.23741416223332762 0.9710146119212058 0.36267274175541697
0 0.8930911874902101 0.6350304593462329 0.0010851545190187605 0.4937505821419112 -0.007714284125533521 0.5493080508559369 0.8842917488456579 0.6905879280602586
0 1.0065993204962997 0.2502963197403024 0.055741935833888825 0.12193624223038786 0.04894299315125452 0.17230100503742143 0.9998003778136653 0.3006610825473359
0 0.930781641896006 0.8992546723114829 0.0007856121686430795 0.7435836345982152 -0.008452941619746968 0.7987757786850993 0.9215430881076159 0.9544468163983671
0 0.9286534623162088 0.8399920415117158 1.9055756972363724e-10 0.6929077800468673 -0.00831058087565093 0.7453787229101515 0.9203428812500004 0.892462984375
0 0.9437261421874998 0.06562873125000003 0.2760243829274753 -0.04012483853505187 0.2696692328017123 6.811084474200868e-11 0.9373709920617369 0.10575356985316273
0 1.0043029917917303 0.09333805451163743 0.07849562739533597 -0.020115727486569274 0.07419233230515565 0.015000089857649068 0.9999996967015502 0.12845387185585577
0 1.0093479906135039 0.12920220710819336 0.06952685916266241 0.009501334064925135 0.06008736547886118 0.08361470858497891 0.9999084969297029 0.20331558162824717
0 0.9933842173658144 0.2014807344078144 0.05942198150282048 0.07879253681539687 0.053121467750990636 0.12675511207706341 0.9870837036139845 0.24944330966948094
0 1.0070060251533532 0.2518922958633323 0.05216564669126481 0.12469520270319576 0.04444014325025958 0.1826888442727614 0.9992805217123479 0.30988593743289794
0 0.9046730552871945 0.43016149919890473 0.0241255941076086 0.3041443203147913 0.015365315483377906 0.3653569356907145 0.8959127766629639 0.49137411457482794
0 0.9768993569905737 0.5051043395985456 0.018969277595402824 0.3607065791363582 0.010069638071211829 0.419746500314562 0.9679997174663827 0.5641442607767495
0 0.9507885244200531 0.5615105335145151 0.0111126402906619 0.4126804924081696 0.003168702210217089 0.4628365427842981 0.9428445863396083 0.6116665838906435
0 0.8056603836526929 0.5899259164568013 0.0028171765784299474 0.46477128996799993 -0.0016966783748810443 0.4937268139358534 0.8011465286993819 0.6188814404246548
0 0.9702496601688949 0.7049933115855712 0.0005355853646454633 0.5514056908369189 -0.008019424591861179 0.6054198980007328 0.9616946502123882 0.7590075187493851
0 0.9547036588340697 0.7601381098449783 0.0007902629812348127 0.6037082766292828 -0.007022290426355671 0.6513494407097962 0.9468911054264793 0.8077792739254918
0 0.9333358286024922 0.8060691822457257 0.0004482400040818124 0.6514975701431223 -0.005039722232811084 0.6846191232397916 0.9278478663655993 0.839190735342395
0 0.8008669118924742 0.9322832873673953 8.881784197001253e-17 0.7993055953125001 -0.00549955699692104 0.8324270396753837 0.795367354895553 0.9654047317302789
0 0.92768667782241 0.9877442651036781 1.3322676295501878e-16 0.8327123874999998 -0.00822349633584707 0.8819205123953786 0.9194631814865627 1.036952389999057
0 0.6589027359374999 1 1.1102230246251565e-16 0.88260191875 -0.007663001935148972 0.925610909074227 0.6512397340023509 1.043008990324227