0 0.3828521284472654 0.046434545304459215 0.3066558224106493 0.04460262762087757 0.2839156340892514 0.990452085921771 0.36011194012586756 0.9922840036053527
0 0.3066824108735394 0.04964469337816949 0.2386208545950741 0.04844976709695529 0.22211490546996862 0.9886086731060505 0.2901764617484339 0.9898035993872647
0 0.6423339311693124 0.09534587880522251 0.5861181968567378 0.09338278207188828 0.554599588386282 0.9959576219106901 0.6108153226988565 0.9979207186440245
0 0.24138699431113836 0.01786179112960943 0.1907708340644356 0.017155888156213606 0.1772464689227545 0.9869087565329346 0.22786262916945726 0.9876146595063304
0 0.8964697103214826 0.026047875053513404 0.8402539767792995 0.024084778166673235 0.8061742625608522 0.9999999999475616 0.8623899961030354 1.0019630968344018
0 0.8383107148337153 0.03496108440193153 0.7852180773330814 0.03310704848259729 0.751461135617187 0.9997792962865079 0.8045537731178211 1.0016333322058422
0 0.032105598437500056 0.11251786718750001 3.971295432474954e-17 0.11251786718750001 9.278174160070883e-17 0.9791969343750001 0.03210559843750011 0.9791969343750001
0 0.0705080939914147 0.9817403815237258 0.0702866375943437 0.04018292001732534 0.03442012713998673 0.04019135589989806 0.03464158353705772 0.9817488174062985
0 0.14472133924283567 0.02117306051017713 0.07003190824182103 0.02073090965195889 0.0643120566111511 0.9869451683475752 0.13900148761216574 0.9873873192057934
0 0.1909290400106605 0.047004016882493026 0.14213586637600098 0.04669263157993736 0.13612415181781884 0.9887108638854019 0.18491732545247838 0.9890222491879574
0 0.25073247703091606 0.021649808396751406 0.19324167125084618 0.020297349973301026 0.17044361011941525 0.98940581345233 0.2279344158994851 0.9907582718757804
0 0.4432544009415361 0.10853280754792494 0.38215193653458224 0.10680863390019724 0.3570708127003549 0.9956509372186655 0.4181732771073087 0.9973751108663933
0 0.506696065442253 0.027710074161114973 0.44782657661743236 0.025775742603332374 0.41601239624617403 0.9940092020127395 0.4748818850709946 0.9959435335705221
0 0.556865057372044 0.046847575864672364 0.5061147415336451 0.04507533578484097 0.47291174209734343 0.9958848380362554 0.5236620579357423 0.9976570781160866
0 0.5812862896808135 0.18660961393351466 0.551996449102263 0.18565850417710605 0.5256247880239322 0.9977853313611055 0.5549146286024829 0.9987364411175141
0 0.7008104915869673 0.010181675454930126 0.6461563051846512 0.008273109186053233 0.6115385184442832 0.9995968060347176 0.6661927048465993 1.0015053723035945
0 0.7514094297399108 0.0189580478570197 0.7028467613760093 0.0169345823051058 0.6619027134897187 0.9995815154821737 0.7104653818536202 1.0016049810340877
0 0.7840702249059099 0.0339803203984782 0.7507630351307069 0.032603999365053996 0.7107947913226662 0.9998419105549885 0.7441019810978694 1.0012182315884128
0 0.9261975972267822 0.1501358825091594 0.8929557239207693 0.1486793591774349 0.8556547692017775 0.9999898627269772 0.8888966425077903 1.0014463860587017
0 0.9841333619441978 0.016645823981728352 0.9326059150014006 0.014110075935494393 0.8841007991013845 0.9997540517651482 0.9356282460441816 1.0022897998113822
0 1.017136735340204 0.01775403902225233 0.9722505675238947 0.016186583333039187 0.9378951555430417 0.9999992666409454 0.982781323359351 1.0015667223301585