0 0.9040636666214716 0.08109706398340287 0.9001031717703827 0.025097172770561327 -0.0017293517870672292 0.08887770856693639 0.002231143064021625 0.14487759977977793
0 0.8941419643423683 0.14383592598746453 0.8895217381919036 0.07515531961356478 0.002532967830952823 0.1348241100968625 0.0071531939814173775 0.20350471647076224
0 0.9426451281931467 0.20631998047506261 0.9379158013175408 0.13865143141188602 -0.002776776091759156 0.20439604614969165 0.0019525507838468125 0.2720645952128683
0 0.923304019279039 0.2753081204861834 0.9194099405841104 0.20920167642145895 0.01793888777762317 0.26230390072793547 0.021832966472551712 0.32841034479265996
0 0.9938303525920084 0.3120135899075968 0.991619293423345 0.2729476542039618 0.027729388045747573 0.32750202681736457 0.02994044721441108 0.3665679625209996
0 0.9963251896158688 0.3848775698573694 0.9927537857701203 0.3122137674240323 0.2878419585899983 0.3468599698824608 0.2914133624357467 0.41952377231579796
0 0.998324788381035 0.4297228847516498 0.9962638651621841 0.38569290399518635 0.03853722439553574 0.43052147392314766 0.040598147614386494 0.47455145467961113
0 0.9997123070512284 0.48251710074231147 0.9977053328766224 0.43375282378239693 0.04031106314060712 0.473155962597631 0.0423180373152132 0.5219202395575455
0 1.0011758879222374 0.5489452790902976 0.9989265061886083 0.4845314169690497 0.04548431399287063 0.5178263535024216 0.04773369572649966 0.5822402156236695
0 1.0023949975044757 0.6231666976571028 0.9998729635422446 0.55094509399011 0.04780185929028419 0.5841921494065736 0.050323893252515364 0.6564137530735663
0 0.9583211146840931 0.6911866070553299 0.9565513983067321 0.6287586359802427 0.046919601931309125 0.6545449984022664 0.048689318308670036 0.7169729694773536
0 1.0013683240145181 0.7482536124871402 0.9999866837106863 0.6916694211732668 0.056009594232838224 0.7147189118955397 0.057391234536670034 0.7713031032094131
0 1.001168532633217 0.7999655594068047 0.9999655322888726 0.7488097088491505 0.061352292319371574 0.7708824930679732 0.06255529266371587 0.8220383436256272
0 0.8902141905296912 0.8349671012773914 0.8894962402348986 0.8031266694299873 0.06311478962275699 0.8217602359884287 0.06383273991754958 0.8536006678358328
0 0.9825233234980658 0.8920063317252988 0.9813715916848373 0.8236050791311664 0.06739773628950611 0.8389944576263814 0.06854946810273463 0.9073957102205137
0 1.0010184152531194 0.9455726258142712 0.9999999999999998 0.8889714953125003 0.06623166950635127 0.9057726422546952 0.06725008475947072 0.9623737727564661
0 1.001235735036223 0.9818424352570444 0.9994011197125717 0.9309900291306101 0.06799277315945758 0.9645926873984342 0.06982738848310899 1.0154450935248684