0 1.0096387237142197 0.8207939365370072 0.9999961637726994 0.7511386615571369 0.07992670098807222 0.8785062578781186 0.08956926092959246 0.9481615328579889
0 1.0060156068714357 0.7483483162990527 0.9999999999999998 0.7048956031250002 0.08036060795988233 0.8322107611875136 0.0863762148313181 0.8756634743615661
0 1.0018002616906048 0.7016373169715703 0.9917762312132956 0.6314237245316308 0.04986751585148933 0.765895147250904 0.059891546328798485 0.8361087396908434
0 1.0093636881639572 0.6276656791092933 0.9995916025889006 0.562895091629311 0.030899976406716777 0.7090437963916189 0.04067206198177351 0.7738143838716012
0 0.8974246289464881 0.579805783907147 0.8891654914181389 0.5265314999567595 0.01769320540677959 0.6616362621158454 0.025952342935128825 0.7149105460662329
0 0.9553636695539879 0.5168269748769538 0.9481116229974337 0.4708525229303483 0.011060530950622139 0.6186637062650797 0.01831257750717642 0.6646381582116854
0 0.8596266428965617 0.48480243509597665 0.8516606621024257 0.43427849125070506 0.007291443770840544 0.5674080228048513 0.015257424564976507 0.6179319666501228
0 0.9695171757444427 0.4215592199333432 0.9569297456123091 0.33845323452432063 -0.007850723816658833 0.48458117816176793 0.004736706315474759 0.5676871635707905
0 0.9170941445621681 0.3424842650225457 0.9088779765212502 0.29185999473642366 -0.007912461737928544 0.44065234782065354 0.0003037063029893261 0.4912766181067756
0 0.8989553816642684 0.29370394153860335 0.8892405717417586 0.23577397194106756 -0.009003525332139772 0.3864087940843267 0.0007112845903698428 0.4443387636818625
0 0.9664099308280013 0.22409840266874426 0.956776256274208 0.16558203747137276 -0.008809962731915843 0.32454856514542163 0.0008237118218773709 0.3830649303427931
0 0.9591963187529788 0.16095424532305136 0.9487679355487229 0.10128763950428563 -0.009576992987257565 0.2687848185290949 0.0008513902169984267 0.3284514243478606
0 0.7624764778626222 0.14144378229534746 0.7565728540970797 0.10586601574969685 -0.005903623765542526 0.2323881303293494 0 0.267965896875
0 0.8683550101101897 0.09483979353624013 0.8588954091964458 0.03630301933140623 -0.009459600913743899 0.17663005235766616 1.1102230246251566e-17 0.23516682656250004
0 0.8566203509177166 0.035256180464136457 0.8477449669216446 -0.015800236133547464 -0.008678879773992221 0.1330760659914587 0.0001965042220798907 0.1841324825891426
0 0.7592210578125 1.9984014443252818e-16 0.7530849917831055 -0.034810545225299264 -0.006136066029394568 0.09901759539970054 0 0.133828140625
0 0.5671942038093839 0.017199800129801546 0.5628540122255083 -0.013682269508839884 -0.0043401915838755314 0.06603167254885858 0 0.09691374218750001