0 1.0299669947530363 0.13024840595417883 0.9675276953870207 0.12640991952330755 0.9138278013724014 0.9999270775717297 0.976267100738417 1.003765564002601
0 0.9766375715388573 0.03332649905443095 0.916683468534527 0.029450753141600783 0.8539666408091913 0.9996204273460385 0.9139207438135216 1.0034961732588685
0 0.9209763080091449 0.03798586454389931 0.8690565300384152 0.034884582701456654 0.8114472890843093 0.9993435230226062 0.8633670670550389 1.0024448048650487
0 0.8699931357062631 0.05544123014475555 0.8276928291050278 0.053133148669949545 0.7760299938196374 0.9999601113727362 0.8183303004208728 1.002268192847542
0 0.82967611174324 0.04680814135215257 0.7737156891564145 0.043725625552938525 0.7210455960544093 0.9999058561383494 0.7770060186412348 1.0029883719375634
0 0.77339429751303 0.04152564270251556 0.719711066146446 0.0386055994899184 0.6674170234375001 1.0000000000000002 0.7211002548040841 1.0029200432125973
0 0.7075929625000001 0.16606959375000013 0.6738313788599244 0.1643529348267855 0.6313521311962442 0.9997936001624643 0.66511371483632 1.001510259085679
0 0.6857119925015156 0.00623095187025044 0.6235567577663147 0.003017191527445534 0.5720436835442456 0.9992978343491414 0.6341989182794464 1.002511594691946
0 0.6186771078125002 0.0038395234375000866 0.5543090547898848 0.0009524080222935799 0.5096109626764058 0.9974935050689367 0.5739790156990212 1.0003806204841432
0 0.5511844255090502 0.03855831837598192 0.4853815264246236 0.03596934938487504 0.4476192797620143 0.9957588697987655 0.5134221788464409 0.9983478387898724
0 0.486823883564872 0.025055329468609267 0.435129117346142 0.022806437570683347 0.39287246041574725 0.9941505929818355 0.44456722663447723 0.9963994848797613
0 0.4360877543537046 0.00008736307488798611 0.3495063254044705 -0.0036878197137825836 0.30610823496663375 0.9916199293711843 0.3926896639158678 0.9953951121598548
0 0.3477346440512598 0.1057828989595345 0.28768377928064714 0.1029921849121755 0.24647265714009778 0.9897772444740278 0.3065235219107104 0.9925679585213867
0 0.28648113186574414 0.0076858943166289466 0.23477983389347085 0.0058804451816422175 0.20046332187500013 0.9885767609375 0.25216461984727345 0.9903822100724866
0 0.2299729324253171 0.07937464491742167 0.173875875461678 0.077415692516927 0.1421171152457255 0.9868675916437079 0.19821417220936466 0.9888265440442027
0 0.183592886118968 0.00011918399174916939 0.10801507724765198 -0.003194461717928541 0.06471493082298464 0.9843975976944245 0.1402927396943007 0.9877112434041022
0 0.10899534513690985 0.00011257064925810704 0.03185300010676398 -0.0023697056283694153 0.0001549870943873155 0.9827176831565412 0.0772973321245332 0.9851999594341686
0 0.04160622343750013 9.540979117872439e-18 0.016672318770228203 -0.0008447297160387977 -0.016631367500821434 0.982180873366852 0.008302537166450491 0.983025603082891