0 0.8114246970353634 0.9710595617241295 0.7209309289652508 -0.007481772757541594 0.6368438191059023 0.00029445411112575257 0.7273375871760148 0.9788357885927971
0 0.8713300573144087 0.9653637480571826 0.794007207751364 -0.004528373249965978 0.7222163904839831 0.001195016435984242 0.7995392400470278 0.9710871377431328
0 1.049525169109087 0.9449967194644188 0.9496806420046984 -0.004960692251248344 0.872142130708111 0.0031889320343330696 0.9719866578124996 0.9531463437500001
0 0.9218570754468407 0.9598447638327932 0.8475426069868721 -0.004303671243782825 0.7917072093749999 0 0.8660216778349685 0.964148435076576
0 0.5201157163472725 0.9994685422666618 0.4223210452691557 0.06901335930924686 0.3599520899429474 0.07556859333161617 0.45774676102106426 1.0060237762890312
0 0.9705600693813293 0.9546143475291258 0.8996458459998934 -0.003448287410403239 0.848317259929475 0.00035097026410219057 0.919231483310911 0.9584136052036312
0 0.2423781785610406 0.9999999761414285 0.14095058529363233 0.03498345719341911 0.08195371143548544 0.041184295011465935 0.18338130470289368 1.0062008139594754
0 0.45540902031249997 1 0.3516540767655132 0.012837645126937086 0.29602922302979945 0.01868405279297953 0.3997841665767862 1.0058464076660425
0 0.3070477133154448 0.9998230253015354 0.2003964425508938 0.02848019315037219 0.14477484549899017 0.034587320120570655 0.2514261162635411 1.0059301522717339
0 0.15784619697639643 0.9991119465845602 0.04477337147546877 0.04449464701814354 -0.01314358704812284 0.05135481406902036 0.09992923845280481 1.005972113635437
0 0.18102466406249995 0.9999999999999998 0.09220876889718058 0.15497319769512222 0.05849758315055401 0.15851638606619445 0.1473134783158734 1.0035431883710721
0 0.7237923134376667 0.9803433246636647 0.6435179547202207 0.05824082821266683 0.5762140397388305 0.06410002351373034 0.6564883984562765 0.9862025199647281
0 0.6604139284844088 0.986603293267556 0.5680449483797407 -0.0060319848205653784 0.50322274375 5.551115123125783e-18 0.5955917238546681 0.9926352780881216
0 0.5990834480059586 0.9927860043385293 0.503868139102909 0.0037220779494832657 0.4470619618082764 0.009190700931676943 0.542277270711326 0.998254627320723
0 0.5485373052045579 0.9977081982502736 0.4625647143461354 0.15991255805195265 0.43028518268411287 0.16322500661998726 0.5162577735425354 1.0010206468183083
0 0.39320419375000004 1 0.29012891091700727 0.019304199805024284 0.24175474375 0.024388529687499997 0.3448300265829928 1.0050843298824756
0 0.344116340625 1 0.23955769073817415 0.024548207035206722 0.20369227368232717 0.028392620067233042 0.30825092356915307 1.0038444130320263
0 0.09876637343749999 1 0.0011521497836788296 0.15718168749491632 -0.047168078021889624 0.16277807933172503 0.050446145631931526 1.0055963918368085