0 1.0086520529654872 0.8373033765288858 0.9999966142864297 0.7655861888600475 0.06018038039219935 0.8790111856629925 0.0688358190712568 0.9507283733318308
0 1.0053965390911919 0.7629283478663965 0.9999999999999998 0.7182167671875 0.06099376490370958 0.831551696922198 0.06639030399490142 0.8762632776010945
0 1.0073459551194124 0.7142332039812679 0.9983088848285284 0.6419339403109035 0.03266842612547445 0.7626344877024774 0.04170549641635818 0.8349337513728419
0 1.0085440423823888 0.6394654761714162 0.9996682238813479 0.5727577325253703 0.024600710601711727 0.7024956280244707 0.03347652910275276 0.7692033716705167
0 0.9047562690830835 0.5869222243811991 0.8972285441816081 0.5320498502912252 0.018007780382304495 0.6526666843048916 0.025535505283779836 0.7075390583948655
0 0.9651324602059776 0.5233069856595435 0.9585083855657721 0.47595135032091607 0.012248838252495464 0.6083135037497254 0.018872912892700898 0.6556691390883528
0 0.8670132914272788 0.48874004407708044 0.8597372153410378 0.4366968293154928 0.005490721619447148 0.556127623765773 0.012766797705688237 0.6081708385273605
0 0.9810087864398012 0.42574914264197405 0.9695702633817367 0.34015836904178787 -0.0054072558705644536 0.4704563248373138 0.006031267187500011 0.5560470984375001
0 0.9278547988122217 0.3436840701566207 0.9203236190620105 0.2915321333973507 -0.00730654013436508 0.42548975615779455 0.00022463961584600066 0.47764169291706465
0 0.9100055125120701 0.2932616704353276 0.9010661363835633 0.2335765981699834 -0.008351960013658222 0.36978537053475924 0.0005874161148486268 0.4294704428001034
0 0.9713484614285065 0.22431799947202583 0.96250555625 0.16405095000000003 -0.008154226107040918 0.30647458764559565 0.0006886790714654923 0.3667416371176214
0 0.9639417923055887 0.15958626511724391 0.9543006023135809 0.09810237478410999 -0.008900148133566904 0.24914033586935705 0.0007410418584409328 0.31062422620249097
0 0.7712477944294291 0.13458830854338732 0.7658219356236609 0.09793272144479978 -0.005425858805768296 0.2120948988389125 0 0.24875048593750004
0 0.880686272109519 0.0886376067265515 0.8720197958742695 0.028334551721450718 -0.008666476235249332 0.15490271061989921 5.551115123125783e-18 0.21520576562500002
0 0.8691776307715721 0.02729922438171841 0.8610195763476843 -0.025038719714879986 -0.00800958028432372 0.11041916419940141 0.00014847413956401155 0.16275710829599982
0 0.7023406999999999 1.554312234475219e-16 0.6966645525638826 -0.03585885385586024 -0.005676147436117428 0.07531562426913962 0 0.111174478125
0 0.48264403019006885 0.014548236647120672 0.4806878366039847 -0.0013836807825755803 -0.001956193586084158 0.05787755757030377 1.3877787807814458e-18 0.07380947500000003