0 0.9431348731131706 0.9389648082160486 0.8456438179879123 -0.007399572269627985 0.7737864951122739 0.0000029107169222108986 0.8712775502375323 0.9463672912025987
0 0.868638437071087 0.9401103547740505 0.7713083568258572 -0.004616627273008489 0.7264974171874999 1.1102230246251566e-17 0.8238274974327296 0.9447269820470587
0 0.8268843975387575 0.9640701036897774 0.7228296067737137 -0.005630098312206322 0.6503836360690189 0.002143799546002123 0.7544384268340628 0.9718440015479859
0 0.7610204138554988 0.9711506635989349 0.6481598105645164 -0.007417627306459673 0.5813073229352932 0.00029262874358693125 0.6941679262262754 0.9788609196489814
0 0.6992269008871387 0.9780142865192787 0.5939729550886919 0.09682237894864419 0.5389775637017254 0.10339130212471655 0.6442315095001722 0.984583209695351
0 0.6472486033407415 0.9837706102360414 0.5314211166620757 0.03534514456648328 0.48395708775901064 0.041141740476742204 0.5997845744376766 0.9895672061463003
0 0.5996509715724321 0.9890468355744465 0.4951470234798429 0.13284609218208648 0.4429847515342512 0.13921278060400435 0.5474886996268404 0.9954135239963644
0 0.5474176203125001 0.9948716546874998 0.43415521216917147 0.017768617671403773 0.34837784380442205 0.027711633849981925 0.4616402519477507 1.004814670866078
0 0.4689851416487592 0.9998012192456743 0.3511749744749527 0.06948227652351731 0.29889954262963714 0.07610213244815245 0.4167097098034437 1.0064210751703095
0 0.4209461349824918 0.9994763265150727 0.300448739239349 0.08644885188912813 0.2406167453422759 0.09434521826043649 0.3611141410854186 1.007372692886381
0 0.3583668396328452 0.9993842491446806 0.23258615138239858 0.023912012528695924 0.172173953125 0.031701765625 0.29795464137544664 1.0071740022409847
0 0.3024198934781358 0.9993324419757922 0.16773501239212313 0.030187829319480053 0.10609222413543609 0.038754509150064245 0.24077710522144874 1.0078991218063764
0 0.24064352031250005 1.0000000000000002 0.1393778877968025 0.22241620364682993 0.1026331909922112 0.22720150779149662 0.20389882350790875 1.0047853041446668
0 0.20715851562499998 0.9999999999999998 0.09534415181251708 0.11219244558408978 0.034899029518358604 0.11980516847800068 0.1467133933308415 1.0076127228939107
0 0.15490838657069123 0.9998554578465415 0.033790642037921904 0.12245775769762353 -0.018784219311978455 0.12971529737973372 0.10233352522079087 1.0071129975286515
0 0.10347126406250007 1.0000000000000002 -5.551115123125783e-18 0.263278403125 -0.03596045133790503 0.26832898583083364 0.06751081272459505 1.0050505827058338
0 0.06593795625000001 1 0.014512164683590683 0.5107162694265257 -0.001451465603033375 0.5123941145549564 0.049974325963375955 1.0016778451284307