0 0.9647420447237666 0.6605857832186816 0.9573029858687698 0.5833501898662795 0.015554892289896805 0.6740560314430912 0.022993951144893367 0.7512916247954934
0 0.9653288312775669 0.7304801083568236 0.9597484523223179 0.661884470881053 0.02246551651389774 0.7381341299347596 0.028045895469146598 0.8067297674105303
0 0.8980915603117541 0.38385182917043076 0.8921749225919207 0.3275587818194229 -0.0059166377198334895 0.42195200889899215 0 0.47824505625
0 0.9997790688425614 0.775868447777936 0.9955996588578812 0.7248913462109593 0.02931576816490915 0.8041131225901397 0.0334951781495893 0.8550902241571163
0 0.9513378808665923 0.12016159352002057 0.9449607010315443 0.06421377963019104 -0.0058266766549419004 0.1725887396302409 0.0005505031801061877 0.22853655352007043
0 0.9457674232025784 0.17963713418549582 0.9401793968750001 0.126470615625 -0.005588026327578477 0.2258747783145043 5.551115123125783e-18 0.2790412968750001
0 0.9156550436015539 0.9613480597620996 0.9117774923309291 0.9222784348553755 0.13503950555496932 0.9993675130012827 0.1389170568255942 1.0384371379080066
0 0.9868788770966201 0.9337600323497298 0.9843616788156127 0.8979216500822123 0.046075996281977026 0.9638244882610554 0.048593194562984644 0.9996628705285729
0 1.003531309401126 0.8972528900846367 0.9979495784723671 0.8222647309632792 0.038773912581900445 0.8936608092661101 0.04435564351065919 0.9686489683874676
0 0.9732529059318564 0.82510914035658 0.9694479257047351 0.7765715959138737 0.034122065938015755 0.8498941432983733 0.03792704616513702 0.8984316877410794
0 0.9964982365831334 0.7746083045087354 0.9917905814824538 0.7159130215185794 0.028398583939906914 0.7931818755071656 0.033106239040586544 0.8518771584973216
0 0.8975397978730275 0.5896047628278047 0.8913972607898508 0.5276991455424846 0.00935586718750001 0.6152190218750001 0.015498404270676659 0.6771246391603202
0 0.9746466795043445 0.5189193822463264 0.9688127762341778 0.4591178630371209 0.002913193673397352 0.5533456486831828 0.008747096943563949 0.6131471678923883
0 0.9517075955143917 0.460823775775002 0.9463661911605902 0.41000370603743325 -0.0017395031024428076 0.5096536260267569 0.0036019012513586967 0.5604736957643256
0 0.8075751705639977 0.42460428484753454 0.8045641012181954 0.3952683179079341 -0.0030110693458023086 0.4781585408728997 1.1102230246251566e-17 0.5074945078125002
0 0.9795998190186136 0.3175797884144482 0.9738474869632661 0.26285000495658717 -0.005448275126821572 0.3657781374655348 0.00030405692852589206 0.42050792092339584
0 0.9671706770246258 0.261313787973868 0.9618286823859826 0.21302814720732005 -0.004800960145050465 0.3199694715012244 0.0005410344935927403 0.36825511226777236
0 0.9483326596873187 0.21400862080281352 0.9445620073624863 0.18043623308185824 -0.003461278154631492 0.28691260989610284 0.00030937417020089896 0.3204849976170582
0 0.8227851974622682 0.07999037995534412 0.8190004089637937 0.046478695805665146 -0.0037847884984746143 0.13940353772532105 0 0.17291522187500002
0 0.9534388647634421 0.03101032455936248 0.9477021438190867 -0.019413992767866862 -0.0057367209443553195 0.08905773267277076 1.1102230246251566e-17 0.1394820500000001
0 0.7240566890624999 7.771561172376095e-17 0.719170315192877 -0.039397936931683385 -0.0048863738696229946 0.05040401619331654 0 0.089801953125