0 0.8851590478956709 0.05606903421936617 0.8784065465369751 -0.017817524842515375 -0.006624630543115706 0.06306557895334777 0.00012787081557995988 0.1369521380152293
0 0.8287895392361845 0.11796236284759791 0.8228350142496199 0.055767290655534985 -0.005147886914524449 0.1350379579232765 0.0008066380720401972 0.19723303011533944
0 1.0051227409168821 0.890716183066394 0.9999999999987612 0.8174575734197875 0.027300428207851557 0.8854753521012142 0.032423169125972394 0.9587339617478208
0 0.9498306387995832 0.3698669034113808 0.9455798536787043 0.3090778437112812 -0.004250785104985988 0.37549647177717904 1.5892875904199853e-11 0.4362855314772786
0 0.9275943112249065 0.49985968726487967 0.9241064874540934 0.44998148371850777 0.0029184340416869236 0.5143972277036281 0.006406257812499999 0.56427543125
0 0.8590696107975063 0.31601676862427763 0.854278953035877 0.2579751826439387 -0.004599984737084117 0.32886564816181363 0.00019067302454521263 0.38690723414215256
0 0.94387866875 0.553542015625 0.9403908449891546 0.5036638118974903 0.006733240548885527 0.5689515114115122 0.010221064309730982 0.618829715139022
0 0.9024830682318212 0.22581646022396457 0.8979934229624338 0.1734202649453866 -0.004223319154496197 0.25072803713516534 0.00026632611489129656 0.3031242324137433
0 0.9745841392368673 0.8136414129452962 0.9711627732464441 0.7602690712061112 0.0243765573819594 0.8209615957160856 0.02779792337238258 0.8743339374552705
0 1.003487823681232 0.6308221419867794 1 0.5809439390625 0.012400954463477127 0.6500035911075709 0.015888778144708886 0.6998817940318502
0 0.7659712283900056 0.26668276492954596 0.763378398036777 0.2349831348820449 -0.0023741907099707887 0.2976168802030711 0.00021863964325779527 0.3293165102505722
0 0.928564579735246 0.44653711640737404 0.9262756953124999 0.41380454218749996 -0.0011471337053705678 0.47865626000165246 0.0011417507173754782 0.5113888342215265
0 0.9075478280251621 0.9523603279405025 0.9038420150732828 0.89936473518784 0.034090857812499986 0.9601836625000001 0.03779667076437929 1.0131792552526626
0 0.988563034375 0.9660783468749999 0.9867237523381938 0.9397753880383617 0.1254716671875 1.0000000000000002 0.12731094922430614 1.0263029588366384
0 0.9568198397998623 0.7619922262669585 0.9531628918657766 0.7012519646068418 0.020357180665199832 0.7574127684171102 0.024014128599285423 0.818153030077227
0 1.003555225940569 0.6958011472146203 0.9997573884588233 0.6354953254290383 0.016132686167644426 0.6974403690703369 0.019930523649389985 0.7577461908559189
0 0.8338076171942825 0.5921172068915699 0.8313339620210766 0.559704167426481 0.007171957614470759 0.6226014655325728 0.00964561278767675 0.6550145049976617
0 0.9463725355812314 0.40998983519571297 0.9428571944513309 0.3629941248474298 -0.0030825317290220588 0.43375166423144773 0.00043280940087837003 0.48074737457973094
0 0.9167382160076984 0.17902981125181874 0.9117285003673837 0.1171957621743284 -0.004987488369455473 0.19146692013692818 0.000022227270859156988 0.2533009692144185
0 0.7125395138128774 0.019158931739342373 0.7100892946241162 -0.015880830659842693 -0.0024502191887611127 0.03394479228831494 6.938893903907229e-19 0.0689845546875