0 0.13995204743509962 0.05835461274813479 0.08457184740282939 0.05835156598931505 0.08452237193942766 0.9576551282261837 0.13990257197169792 0.9576581749850034
0 0.2020556897012816 0.07258122843726492 0.1338078188750645 0.07250852094700297 0.1328621630010365 0.9601612195096113 0.20111003382725362 0.9602339269998732
0 0.2696902003888551 0.032159719043306806 0.2035113528361844 0.03143644750828383 0.19325613733907318 0.9697816057780052 0.2594349848917439 0.9705048773130281
0 0.3349405498833056 0.052129596628407326 0.2701247772683296 0.05129970179183503 0.258566701500435 0.9539991497516634 0.323382474115411 0.9548290445882358
0 0.3761854684209731 0.00005447390556942502 0.33860523983825824 -0.0005113866456775709 0.3243501420353634 0.9462056670899062 0.36193037061807826 0.946771527641153
0 0.44892484248244047 0.00005135425138132338 0.3760309303061497 -0.0010158185206944358 0.36198885353804056 0.9581371298030529 0.4348827657143313 0.9592043025751288
0 0.4939873620267801 0.00041374631539537463 0.45004446520878005 -0.0007515084906403721 0.42485320090685696 0.949235672167615 0.46879609772485703 0.9504009269736506
0 0.5467107665617874 0.0013202886822005378 0.4979235943391601 -0.00028088099121142686 0.4669441886286341 0.9436525614486575 0.5157313608512614 0.9452537311220695
0 0.6111426391191296 0.0035764149628937842 0.5486807110023028 0.0013951959788468722 0.5157200935672823 0.9452636163300818 0.5781820216841091 0.9474448353141287
0 0.6872681118831998 0.006234774296629922 0.613094572827635 0.0036445772230341428 0.5801339610877192 0.9475129983204384 0.6543075001432841 0.9501031953940341
0 0.7503815327900448 0.04695557239330241 0.6899554082514956 0.04431561588464143 0.6502454283782304 0.9532397520865213 0.7106715529167797 0.9558797085951823
0 0.8123714817386413 0.010650084464578024 0.7566011686827784 0.007866121813052556 0.7096566229032785 0.9482925362814386 0.7654269359591414 0.9510764989329641
0 0.8639182484375001 0.012403532812500107 0.8133907736220767 0.009840792248838371 0.7658611584172756 0.9469436224377606 0.8163886332326991 0.9495063630014224
0 0.8890616945370651 0.1279897137706708 0.8570376085838104 0.12639964904145065 0.8162198681866529 0.948473620544045 0.8482439541399076 0.9500636852732652
0 0.9521890748407051 0.03999150655989579 0.8916062583412826 0.03664673956766838 0.8413997451386959 0.9460230828215819 0.9019825616381183 0.9493678498138094
0 1.0075470283719512 0.01756695816825456 0.9530187569444539 0.014594931677342665 0.9021356917216032 0.9481551135999954 0.9566639631491004 0.9511271400909072
0 1.0105568327118415 0.18339423351812661 0.9851880213413704 0.1825348413086093 0.9590604005945235 0.9538086263691824 0.9844292119649947 0.9546680185786997