0 0.7466111921995486 0.036287395689888736 0.19689597920520588 -0.006850017221853336 0.1931801228218294 0.040502446576182606 0.7428953358161723 0.08363985948792467
0 0.7632213450878641 0.08758407746592178 0.18696201763163448 0.03252907065050768 0.18304509107308917 0.07352743928009442 0.7593044185293187 0.1285824460955085
0 0.9193727380891452 0.14199954490398178 0.1357083793107541 0.06665138715453445 0.11625069422423542 0.2690225500613061 0.8999150530026265 0.34437070781075346
0 0.7916921322549132 0.2781580621666756 0.15782045163281647 0.2025158319675683 0.14782606878966775 0.28626741138149864 0.7816977494117644 0.36190964158060596
0 0.7823478406284844 0.36414496685163256 0.14611237108394817 0.274727904654478 0.12953120106655897 0.3927090620800136 0.7657666706110952 0.48212612427716817
0 0.6382037275058576 0.43658584838697223 0.14106427016307302 0.3667174587077135 0.13562782112703875 0.4053998061333922 0.6327672784698233 0.4752681958126509
0 0.5187737478660109 0.4447127321775747 0.13398657333855993 0.39651461012466316 0.1309913776547343 0.42042659746456135 0.5157785521821853 0.46862471951747287
0 0.5899664196344425 0.4741603883381432 0.160808752760157 0.42362449332678176 0.1540773437045335 0.4807885309764237 0.5832350105788191 0.5313244259877852
0 0.5774630536245086 0.5294862508680314 0.15101098323731105 0.4763401604009191 0.1432626040258818 0.5385142982879548 0.5697146744130793 0.5916603887550671
0 0.6846597471793148 0.5732879007300365 0.1463066566713937 0.497627315427524 0.13597740470774689 0.5711237692948934 0.674330495215668 0.6467843545974059
0 0.7362750247432855 0.6166807865605222 0.1321634823715258 0.5712578386849115 0.12784512244161778 0.6286907266805828 0.7319566648133776 0.6741136745561933
0 0.7205740794365598 0.6723576735947547 0.1481710998079829 0.5954719336876375 0.14427312724597502 0.6244917637848598 0.7166761068745519 0.701377503691977
0 0.370354100968888 0.6790114046832173 0.14367911502293876 0.647154312555837 0.14096089030841696 0.6664954861475281 0.3676358762543662 0.6983525782749084
0 0.6591213593384067 0.7176226766326259 0.3938085921275579 0.6803353986737604 0.39109036738204755 0.6996765726239735 0.6564031345928963 0.7369638505828391
0 0.6695542169196707 0.7368397951101631 0.11059431152626006 0.6582830900869769 0.10379874801407377 0.7066360287285028 0.6627586534074843 0.7851927337516889
0 0.7799145836587383 0.7365713763341395 0.09988962934782851 0.641000107403282 0.08276481507569797 0.7628494997286401 0.7627897693866078 0.8584207686594978
0 0.6910470342948575 0.8471463866275706 0.09632749112478185 0.7604849564081281 0.08971304394869166 0.8058770182853209 0.6844325871187673 0.8925384485047634
0 0.6100473068207701 0.8803945661434163 0.10027056607584699 0.8065923183856955 0.09690783338063902 0.8298198346936954 0.6066845741255623 0.9036220824514162