0 0.12102252043926642 0.9996841627297097 0.017761615405948387 0.22038800822806617 -0.026090723076509902 0.22619867742406882 0.07717018195680814 1.0054948319257124
0 0.19851255081245744 0.9990322262632306 0.09017058452366794 0.20807576555638468 0.011637872847226782 0.21883285374479472 0.11997983913601629 1.0097893144516408
0 0.30514084595432667 0.9964296098336428 0.20670581014949127 0.19474053467709224 0.09039181014007633 0.20902209733066163 0.1888268459449117 1.0107111724872122
0 0.30751788223374665 0.9997619640752262 0.2336875006802245 0.39846295777900637 0.2007318876173841 0.4025094063200524 0.27456226917090626 1.0038084126162723
0 0.3547740546875001 1.0000000000000002 0.2751651689272153 0.21565832837809912 0.21207361391324725 0.2220619769119831 0.29168249967353205 1.006403648533884
0 0.39799122297511036 0.9993950856295255 0.30764549344161196 0.2635884230630632 0.2649970238141103 0.2688249985087712 0.3553427533476087 1.0046316610752335
0 0.44663777208394767 0.9991191673174062 0.3690388113215456 0.2541275549434262 0.30744849747466996 0.2605428544825954 0.3850474582370721 1.0055344668565755
0 0.5052829435459293 0.9757385145444399 0.4307873725924397 0.36902073839885685 0.37456893295728266 0.3759234943809568 0.44906450391077224 0.9826412705265399
0 0.5578993456642098 0.9535072677446692 0.46818146225352136 0.2410946769702583 0.41381869861929116 0.24794086715945318 0.5035365820299795 0.9603534579338641
0 0.6406290597291614 0.9722236053166661 0.5474303373307283 0.21318093924680587 0.469887667904895 0.2227019820615276 0.563086390303328 0.981744648131388
0 0.6959330422152542 0.9418468231734423 0.6021003120831407 0.17764060306205764 0.5478204400549094 0.18430533366695687 0.6416531701870227 0.9485115537783415
0 0.8305871799016836 0.9308460238099536 0.7545835142328734 0.24546480474029644 0.6130354375925535 0.26116143078388315 0.6890391032613639 0.9465426498535404
0 0.9365957734869964 0.9306420605775013 0.8462500596187426 0.19483539513709686 0.7260589241101219 0.20959301347378728 0.8164046379783757 0.9453996789141919
0 0.9824873259854501 0.9197658880778059 0.8867526160917837 0.14006899534682507 0.8266570478975381 0.14744780093218499 0.9223917577912045 0.9271446936631659
0 0.9883477714808274 0.9012385983993747 0.9134324097206692 0.14478285690107273 0.8862292606537758 0.14747691240434027 0.9611446224139341 0.9039326539026422
0 1.0529975086661774 0.9010487600690537 0.9717936855147432 0.23969669690190587 0.9058824169647861 0.24778958311652807 0.9870862401162203 0.9091416462836758