0 0.7712834984375 8.919514875351382e-17 0.042813542187500005 4.458922874368508e-17 0.04281354218750001 0.20113654062500003 0.7712834984375 0.20113654062500008
0 0.6816328586226422 0.12459846498274038 0.6709976675627073 0.06414550230501918 0.06084698432398864 0.1714862975971757 0.07148217538392362 0.23193926027489692
0 0.6812584169316965 0.18957067418492685 0.6702201417146701 0.12480476267454021 0.0877370183184758 0.22407934826095874 0.09877529353550211 0.2888452597713454
0 0.6862189701863403 0.22479763966843008 0.680115921076168 0.1885553986647565 0.10032908185040026 0.2861891943471967 0.10643213096057255 0.3224314353508703
0 0.8539705995070573 0.3035361224019328 0.8371661018361154 0.1974367916953049 0.06385442943741888 0.3199174342327068 0.08065892710836078 0.4260167649393347
0 0.7322352920869143 0.3663214656486958 0.7252079611589691 0.3219526541186485 0.10861393095890257 0.4196115759826459 0.11564126188684778 0.4639803875126932
0 0.8551663436623791 0.47736418341695314 0.8411116836659721 0.38862655880109964 0.09349142040227504 0.5070379840796422 0.10754608039868196 0.5957756086954957
0 0.7164458805870241 0.4162815661266309 0.709113014849932 0.3699836746103961 0.13105610980879429 0.4615388952532037 0.1383889755458864 0.5078367867694384
0 0.7780788949449984 0.5726274164251474 0.7655519156983548 0.49353518344662134 0.1181281816710035 0.5960770307876502 0.13065516091764706 0.6751692637661761
0 0.7400007232659489 0.6321197129920544 0.7320260221982473 0.5780199650260243 0.14998303735266524 0.6638173852951692 0.1579577384203669 0.7179171332611993
0 0.7512973402364046 0.6701413714381901 0.7458193459546071 0.6313378114218161 0.14780502845579538 0.7157609677071968 0.15328302273759284 0.7545645277235707
0 0.7743347201283172 0.6991423505407333 0.7687879997374265 0.6593624138584422 0.1603253521310148 0.7442034783761803 0.16587207252190544 0.7839834150584714
0 0.7962635746524775 0.7715954323538897 0.7862391236376862 0.6974193197949278 0.14571777311100503 0.7839818893442383 0.15574222412579627 0.8581580019032004
0 0.9599293025388123 0.8651521743477627 0.948476479991284 0.7676938646202659 0.13584460175524116 0.8631903771693255 0.14729742430276946 0.9606486868968223
0 0.8608707842437772 0.9176209597279932 0.8558595120272201 0.875346949522676 0.1782450517257425 0.9556731476276982 0.18325632394229946 0.9979471578330154