0 0.7743332736048881 0.005073673659576361 0.769852127574824 -0.01957062627566488 0.035393477193098065 0.1139781648871087 0.03987462322316213 0.13862246482234994
0 0.7802920598978369 0.035004704218284055 0.7750190928278679 0.004113935836389549 0.04078382906394531 0.1294458252725337 0.04605679613391427 0.1603365936544282
0 0.7822657128746505 0.05353773002325812 0.7779735169736575 0.029192375132653513 0.043726097279617786 0.15864350777322625 0.04801829318061083 0.18298886266383085
0 0.7852646925316533 0.07846618988301249 0.7806475159499697 0.05118390298987132 0.04323918423546345 0.17598079020340532 0.04785636081714707 0.20326307709654645
0 0.7875355748594377 0.098624582797375 0.7834680825847355 0.07411405231365645 0.0509992273000253 0.1956663545908181 0.055066719574727516 0.22017688507453664
0 0.7888583466569644 0.12834383461424642 0.7839545213737402 0.0978985866411797 0.050762043623691425 0.2159941204020212 0.055665868906915626 0.24643936837508792
0 0.6926863645244332 0.27169065646662893 0.6803090108961374 0.17088518695456972 0.08133656564149129 0.24442974564178424 0.09371391926978717 0.3452352151538435
0 0.6215140972537954 0.283214575415646 0.6153175073969885 0.23969127488370345 0.04548548969130188 0.3208205839628097 0.05168207954810865 0.3643438844947523
0 0.7024509415646522 0.30380805401294897 0.6977328169376558 0.27063034650115897 0.050833627856927896 0.362624375748093 0.055551752483924376 0.3958020832598829
0 0.7478258892186036 0.333627522842444 0.7430036468495422 0.29768788019677694 0.05957777623904392 0.3893873225608181 0.06440001860810526 0.42532696520648516
0 0.7133581243230513 0.4187047229114288 0.7038370819655255 0.34116205462599425 0.06355619392237656 0.41977866133513136 0.0730772362799024 0.49732132962056586
0 0.62565069739659 0.47276527856445477 0.6204141236915082 0.43011680932846996 0.11438568127093647 0.49224929105813714 0.11962225497601833 0.534897760294122
0 0.7365178187077217 0.5009761324403438 0.7322203182512587 0.4617060583384644 0.07248178667321156 0.5339042068127317 0.07677928712967466 0.573174280914611
0 0.7254068363474966 0.6032083609095611 0.7167829618259279 0.5089308428579977 0.09991239380555259 0.565358021729496 0.10853626832712122 0.6596355397810595
0 0.6892118450227134 0.6282980829520791 0.6869472298473844 0.6038968477632978 0.1371211181717684 0.6549247792044558 0.1393857333470973 0.6793260143932371
0 0.6905779525850413 0.6610647330379729 0.6871846917048716 0.6250814710650265 0.13718653449023163 0.6769468976193228 0.14057979537040133 0.7129301595922691
0 0.6649135936643363 0.6871593056982879 0.6625420320603164 0.6618148885565751 0.1464779177387192 0.7101047281648164 0.14884947934273915 0.7354491453065292
0 0.6992941772602645 0.7096970754385536 0.6933435261679494 0.6612329063978318 0.1408430813137339 0.7290714238170382 0.1467937324060491 0.7775355928577599
0 0.7044998473238143 0.7320864346377234 0.7025878486421021 0.7094680305691636 0.1419553864607449 0.7568599033718004 0.1438673851424571 0.7794783074403602
0 0.7364641885488634 0.7562957791594993 0.725991042360242 0.6709988440903036 0.12443681950787777 0.7448604114632049 0.1349099656964992 0.8301573465324006
0 0.7525101967156677 0.8030875334106546 0.7481031726002202 0.7492051274346113 0.1271084685222681 0.799996078337091 0.13151549263771556 0.8538784843131344
0 0.7927049724144488 0.8560820335231833 0.7871077571825302 0.7786468950624819 0.12651999681182322 0.8263959137620788 0.1321172120437418 0.9038310522227802
0 0.6421906579867444 0.9277629561705136 0.6382190162985438 0.865152825924981 0.15380122621163092 0.8958816214421003 0.1577728678998315 0.9584917516876329