0 0.10080647076009244 0.25991683673233434 0.06248703547362662 0.2575494040065961 0.020682249216580552 0.9342046619260544 0.05900168450304636 0.9365720946517927
0 0.15135859056258605 0.265816837615939 0.10024560065164015 0.2612688560710742 0.040477432662896475 0.9329799739083378 0.09159042257384238 0.9375279554532027
0 0.17262966935736201 0.2862645653979538 0.13557928265223423 0.2833503195934004 0.08451643753594941 0.9325399503604272 0.12156682424107719 0.9354541961649806
0 0.22496604915710822 0.31318802728166206 0.16657947215726104 0.3074691975438432 0.10570117016496194 0.9290081888845801 0.1640877471648091 0.934727018622399
0 0.2527823530649228 0.33664914699470205 0.21673372376708216 0.33419012336114085 0.1768519981494959 0.9188455625870127 0.21290062744733654 0.9213045862205739
0 0.2914180627940771 0.31414639054204024 0.2557489377759398 0.3118167068087393 0.21447955423321258 0.9436805001491642 0.2501486792513498 0.946010183882465
0 0.3148420422717332 0.32748979832230396 0.28980615357843775 0.3257600908817475 0.24814722092313649 0.9287339676109253 0.27318310961643194 0.9304636750514816
0 0.3520060612479209 0.289668020528044 0.31586835143577424 0.2867403716230389 0.262476423520018 0.9457886591523292 0.2986141333321647 0.9487163080573344
0 0.3841636260102256 0.2900777918330565 0.3460912340707142 0.2873620058857163 0.29904299694194025 0.94692758239371 0.3371153888814516 0.9496433683410501
0 0.4102065654279154 0.335097444227781 0.3802622921936591 0.33258025100527 0.33032804601981014 0.9265929385512776 0.3602723192540664 0.9291101317737885
0 0.43195424872634636 0.5152004560541145 0.3941667071271483 0.5119821763181276 0.35925460013709787 0.9219038746870867 0.397042141736296 0.9251221544230738
0 0.44839196386325153 0.4804467608437589 0.42895592087077555 0.4790603459146271 0.39859712497294636 0.9046579429049588 0.41803316796542234 0.9060443578340905
0 0.49079945458081564 0.3751082593190553 0.45365359207617806 0.3725008703419689 0.4168273154959444 0.8971421181299037 0.45397317800058196 0.8997495071069901
0 0.5156254143892027 0.4145508474011688 0.4873164719480919 0.41232744586719255 0.4482213728472743 0.9100966941393892 0.4765303152883851 0.9123200956733655
0 0.5808161738881645 0.30624429083924243 0.5450926024203739 0.3031048495730585 0.48791192141503525 0.953761438206764 0.5236354928828258 0.9569008794729479
0 0.6108702926923993 0.4215660327590558 0.5729316319619772 0.41829713857942796 0.5266671608837955 0.9552408191201588 0.5646058216142176 0.9585097132997866
0 0.6604359165852614 0.3144099733549507 0.590014859940889 0.30801561708244335 0.5314327466566561 0.9531805315982824 0.6018538033010286 0.9595748878707896
0 0.678456961518637 0.35576261045894625 0.654528812017036 0.3535715842443941 0.5999541075512769 0.9495807414097411 0.6238822570528777 0.9517717676242933
0 0.7078180282382303 0.35888578056141185 0.6776104798503831 0.3559972113275903 0.6211416452881797 0.946526609920667 0.6513491936760268 0.9494151791544885
0 0.7351991734207675 0.3174464656355168 0.7099084974081278 0.3148852377927088 0.644643377860688 0.9593413716097048 0.6699340538733276 0.961902599452513
0 0.7796106974377655 0.3248004938058165 0.7349349079829157 0.32010487910193197 0.6675047160623967 0.9616602977458605 0.7121805055172464 0.9663559124497452
0 0.8136295834905205 0.45663800951647693 0.788603422449996 0.4537359354789682 0.7331561945097836 0.9318875049246561 0.7581823555503081 0.934789578962165
0 0.9075388891517031 0.34086178236563214 0.8045903324870448 0.3300414536501009 0.7382477281586438 0.9612492053314317 0.8411962848233022 0.9720695340469627
0 0.9531158235564268 0.3797954703488086 0.9051202986075282 0.37349108561118405 0.8270993287479034 0.9674677480897202 0.875094853696802 0.9737721328273448
0 0.9702217652998965 0.4548280513664366 0.942388742808862 0.45108752710695654 0.8723278161253724 0.9724067895558329 0.9001608386164068 0.9761473138153131