0 0.768937579649706 0.06979747711426625 0.765255757955498 0.03765248815007496 0.046826985425982404 0.11993985939132383 0.050508807120190215 0.1520848483555151
0 0.8054185055998412 0.12687515514920972 0.8005661946076759 0.0664739612269158 0.04240427167377606 0.12738066180019017 0.04725658266594148 0.18778185572248407
0 0.6802738878782444 0.13890556466800472 0.6772576721926843 0.11198339681370632 0.05025849997652322 0.18222903038625216 0.053274715662083375 0.20915119824055056
0 0.8089673776454027 0.1873053359922398 0.802269752141154 0.12465067714486706 0.03001545074277524 0.20720272036021994 0.03671307624702388 0.2698573792075927
0 0.8824779055521225 0.24238145062163233 0.8761158171907869 0.1794573731134551 0.04841688208349897 0.2631438405241454 0.054778970444834416 0.3260679180323226
0 0.96171100786074 0.3594067961266833 0.9520933436265672 0.23817964325988733 0.04392343089141082 0.3102301128264054 0.05354109512558358 0.43145726569320136
0 0.7190843670869778 0.3794203947067637 0.7161891631183561 0.34140136937711885 0.08764061639969548 0.3892662536331677 0.09053582036831714 0.4272852789628126
0 0.8400850499929836 0.4057533249811958 0.8373983745257056 0.3690074298051309 0.04308652141367263 0.42708352671062205 0.04577319688095056 0.46382942188668697
0 0.9215911555840604 0.48181695535909086 0.9174001906973445 0.40184857427260273 0.05239883457675713 0.4471813703253621 0.05658979946347313 0.5271497514118502
0 0.8201193927219881 0.530025964202735 0.8172434712436129 0.47920711196185295 0.08214114679540396 0.5208077477586509 0.08501706827377928 0.5716265999995329
0 0.9294135293040616 0.5791867840166491 0.9265912346321941 0.5278932883760834 0.06942428672997972 0.5750567284917215 0.07224658140184749 0.6263502241322874
0 0.9395457420967027 0.6256055918366092 0.9370924939388854 0.5787948298815657 0.08767674983659199 0.6233108241189871 0.09012999799440938 0.6701215860740307
0 0.930425075678644 0.6511243374843685 0.9292740241934931 0.6247889312561703 0.09752275073662246 0.6611425963674242 0.09867380222177344 0.6874780025956224
0 0.9696705903229945 0.7531099682165511 0.9638441254697782 0.6419344091967709 0.09884276999069039 0.6872672147173329 0.1046692348439068 0.798442773737113
0 0.8473521606781516 0.8109646466425131 0.8461090886309443 0.7589604401461629 0.10655430169850226 0.7766382386349939 0.1077973737457095 0.828642445131344
0 0.8552918469957487 0.8568945732314948 0.8527363803465562 0.8081333645608435 0.5929762113268173 0.8217468180993338 0.5955316779760098 0.8705080267699852
0 0.9523410246956565 0.9691567917797972 0.948150066381725 0.8891884394996904 0.07275830144157391 0.9350657183308535 0.07694925975550546 1.0150340706109602