0 0.7265625 0.011718750000000087 0.06510416718749999 0.011718750000000047 0.0651041671875 0.11132812500000004 0.7265625 0.11132812500000008
0 0.7132702274182471 0.12454381957633305 0.7106932626841539 0.06355565437459391 0.04917807653230271 0.09150700034707035 0.05175504126639582 0.15249516554880946
0 0.7838541671875 0.12109375000000008 0.07812500000000003 0.12109375000000004 0.07812500000000003 0.17382812500000006 0.7838541671875 0.17382812500000008
0 0.7329392336906333 0.1766651694060098 0.7316336965629064 0.14185084582588675 0.054404085075030875 0.1672469561297016 0.055709622202757804 0.20206127970982463
0 0.8213286970892761 0.24584722852019966 0.8201362037583634 0.17164764359161666 0.03861722030055095 0.18420777012941736 0.03980971363146388 0.25840735505800033
0 0.803044614700499 0.28264070541843345 0.8019205213835685 0.23647793980986465 0.0412890372652787 0.2549998103406386 0.042413130582209316 0.3011625759492074
0 0.8388152630770168 0.3862213912081134 0.8372274804857843 0.2814277401867684 0.009115032126821774 0.2939748984952376 0.010702814718054284 0.3987685495165826
0 0.8440008615277608 0.4354187092819689 0.8437213203561118 0.3865921847085266 0.005140047946183901 0.3913932225349972 0.005419589117832679 0.4402197471084396
0 0.8156903549854304 0.4920882004900168 0.8148239450529143 0.43016877059999653 0.0024010227074284718 0.4415366286467205 0.0032674326399444995 0.5034560585367408
0 0.7373055051858937 0.5265804583379649 0.7365725984440876 0.49101005117473795 0.04660038099313425 0.505226511714762 0.0473332877349402 0.5407969188779889
0 0.8443611101739229 0.5657895986363536 0.8434162641837097 0.5229565805393401 0.012832750199916695 0.5412782757546346 0.013777596190129771 0.5841112938516481
0 0.8129312606256974 0.61106465753905 0.8121152275262989 0.5653668039727445 0.015180457044947398 0.5795977820170545 0.015996490144345718 0.62529563558336
0 0.8179917569140607 0.6383835919790809 0.8174299789103399 0.6099201731238914 0.010182931032522283 0.6258526806477956 0.010744709036243128 0.6543160995029852
0 0.8237984860510587 0.7009385311321563 0.8226691508318694 0.6399544292959376 0.012834023804958003 0.6549513760927324 0.013963359024147248 0.7159354779289511
0 0.8184137478671509 0.7675507500291838 0.817493851776846 0.7000917031615164 0.017684007714420146 0.7109982009954348 0.018603903804725076 0.7784572478631022
0 0.8151041671874999 0.7695312500000001 0.018229167187500096 0.76953125 0.018229167187500096 0.810546875 0.8151041671874999 0.810546875
0 0.7213541671875002 0.810546875 0.0364583328125001 0.810546875 0.0364583328125001 0.8515625 0.7213541671875002 0.8515625
0 0.716205996932268 0.8535608354110048 0.023584211685343387 0.8487950891909861 0.023307062215788224 0.8890741455069107 0.7159288474627129 0.8938398917269292
0 0.8024645532771031 0.9248007708513695 0.8013865816388858 0.8198781986398147 0.055341480537828225 0.8275430456109343 0.0564194521760454 0.932465617822489
0 0.8541666671874999 0.9140625 0.005208332812500115 0.9140625 0.0052083328125001205 1 0.8541666671874999 1