0 0.10139983408006167 0.930825802906519 0.0924516318288778 0.15813777344333863 0.0036435641898242125 0.15916622544527165 0.012591766441008078 0.9318542549084519
0 0.1552872093529649 0.9078824217959344 0.14660860116120164 0.17931653979163265 0.09003324633358853 0.17999046009175443 0.09871185452535179 0.9085563420960561
0 0.3020712030219962 0.9170426661636419 0.3015079912386881 0.011981069541129229 0.1432951321828042 0.01207952399641014 0.14385834396611236 0.9171411206189228
0 0.22027554547083644 0.9190495302132826 0.2124674986803478 0.19025398202207094 0.1625734280115449 0.1907885286988678 0.17038147480203353 0.9195840768900794
0 0.26658109265752306 0.9235773899524199 0.25182247770540594 0.19221913881552438 0.20633676878388965 0.1931370283214583 0.22109538373600673 0.9244952794583539
0 0.3399230812898143 0.9185661179141164 0.3313521702242008 0.19904141592059127 0.25010862518120647 0.20000918144315 0.25867953624681994 0.9195338834366751
0 0.4120951421144346 0.1735541817161147 0.33212175882375355 0.17345645216687375 0.33120139013157046 0.9266063311991353 0.4111747734222515 0.9267040607483763
0 0.4225874575012042 0.9732326689708508 0.4157143656822794 0.24886775503861686 0.3589233341743059 0.24940661323914295 0.3657964259932307 0.9737715271713767
0 0.4553443987300912 0.965580292792658 0.4511545974228529 0.18022655466552318 0.41320756567538924 0.1804289991379981 0.4173973669826275 0.9657827372651328
0 0.47108061863926076 0.7957865830771678 0.46988244828685505 0.7947847014365343 0.46854814371009434 0.7963804230468668 0.46974631406250006 0.7973823046875002
0 0.5068162414767168 0.9701550531300299 0.5024523536481449 0.15216910417579543 0.4493565061258291 0.1524523661597532 0.45372039395440095 0.9704383151139877
0 0.5477013157361383 0.9855056774848041 0.5429873762399533 0.16176205555861262 0.5025405253918379 0.16199351593370287 0.507254464888023 0.9857371378598945
0 0.6253783760083592 0.03557818818859089 0.5387615911184644 0.03465401040157591 0.5286737271506105 0.980119650864949 0.6152905120405052 0.9810438286519638
0 0.6530572367373189 0.35334420072468176 0.6202965933422983 0.3528380458559696 0.6107227426906753 0.9725011697395542 0.6434833860856959 0.9730073246082664
0 0.6733900244863129 0.4807971496199017 0.6721918545368561 0.47979526706153514 0.6708575503630432 0.48139098619163345 0.6720557203124999 0.48239286875000004
0 0.687569259510005 0.341165111488979 0.6370665430759325 0.34073419030301605 0.6317061338317838 0.9689586472251989 0.6822088502658563 0.9693895684111619
0 0.7238395098962334 0.2186987925082607 0.625264314682126 0.21590684482743075 0.6040345660546852 0.9654648074158679 0.7026097612687926 0.9682567550966977
0 0.7429033798495167 0.2669861169679419 0.7198267619514435 0.2662871617283652 0.6987140615872723 0.9633414100026065 0.7217906794853456 0.9640403652421833
0 0.7928711727770127 0.17019252825692174 0.7000963708461155 0.16765577982776284 0.6780430661644701 0.9741965271259747 0.7708178680953672 0.9767332755551337
0 0.8195815270708163 0.1772356754554764 0.7918856555404398 0.17622750554125538 0.7631101431022828 0.9667320469545361 0.7908060146326592 0.9677402168687571
0 0.9115350928429724 0.18450783381603678 0.8188887575760164 0.1806074910340311 0.7859512432497757 0.9629848782748148 0.8785975785167317 0.9668852210568206
0 1.0022792945895238 0.2366208001350858 0.913032536693129 0.2319435743475265 0.8749148555795004 0.9592720405012205 0.9641616134758954 0.9639492662887799