0 0.16470282858802282 0.9954378609967083 0.002085429703767061 0.25173386813508786 -0.06678347038398214 0.266792656986277 0.09583392850027364 1.0104966498478976
0 0.19965426573318085 0.9726863309896405 0.015431588309511909 0.11441838334144791 -0.026462946703245328 0.12341082379156405 0.1577597307204236 0.9816787714397567
0 0.23329284616072793 0.9963683272778301 0.05265186568792237 0.06311741742138946 0.004305855881046991 0.07247531948312466 0.18494683635385256 1.0057262293395652
0 0.28911993499954874 0.9974425102826594 0.10653684077518592 0.08832927329219517 0.05018712873303881 0.09964635059861106 0.23277022295740163 1.0087595875890751
0 0.3353651736970288 0.9837370911615952 0.1921319116106428 0.07939919916416141 0.10918152946031505 0.09253726838789077 0.252414791546701 0.9968751603853245
0 0.34562718080694144 0.9997963657097422 0.2602698341801793 0.12614908074544506 0.15241942107420128 0.13668631385285712 0.23777676770096337 1.0103335988171542
0 0.412895957593902 0.9810875784962303 0.27716234249011 0.27500580787420337 0.2089540434867449 0.28811782887376985 0.3446876585905369 0.9941995994957967
0 0.4940469503283042 0.9243676884165029 0.35366211869103154 0.03801378243241307 0.24177555517830882 0.05573489391526644 0.38216038681558145 0.9420887998993562
0 0.5233899115762061 0.9223538198316904 0.4110821777332704 0.21327068267344904 0.35128073429896806 0.22274230065545186 0.46358846814190385 0.9318254378136933
0 0.5827170773191381 0.8637833545991779 0.46758819086543124 0.04914442937455373 0.3870199155534033 0.06053074487330286 0.5021488020071103 0.875169670097927
0 0.7626152927903713 0.8588216178490675 0.6912257609692449 0.21693497287412802 0.6608229857116842 0.22031631739763796 0.7322125175328107 0.8622029623725777
0 0.8020314856194162 0.8866765988521266 0.701626752401089 -0.0031908074845135247 0.6613727444174993 0.0013510971900259849 0.7617774776358264 0.891218503526666
0 0.8589240951349126 0.8848371568562852 0.7805968319808189 0.13073977057381955 0.7160263558572778 0.13744663465704723 0.7943536190113715 0.8915440209395129
0 0.8830144858877903 0.8847106648976159 0.817740916544427 0.13930445052491688 0.7808628576629341 0.14253378036847814 0.8461364270062972 0.8879399947411771
0 0.9114803155096544 0.8857612219543253 0.8663620000859149 0.3797235738404169 0.8351312960901133 0.3825081033295564 0.880249611513853 0.8885457514434648
0 0.9769817890212323 0.8466886620521802 0.8999371865839507 -0.002921870578007857 0.8670725404042396 0.00005836978144151406 0.9441171428415214 0.8496689024116295
0 0.999670331225159 0.8354844976732805 0.9274563338168671 -0.002421816678268085 0.8980268750399769 0.00011452756862598835 0.970240872448269 0.8380208419201745
0 1.0360058585677923 0.6879811900319421 0.9632356517318804 0.22852818824297425 0.9246540762602189 0.23463890950542385 0.9974242830961307 0.6940919112943916