0 0.10634618218392031 0.509459593023658 0.07482380150564752 -0.0019034685107780992 0.03337705950104015 0.0006514676541904991 0.06489944017931296 0.5120145291886266
0 0.12562411846480065 0.5050941033353864 0.10986948424404117 0.014949926178013176 0.08601020619778102 0.015716831541594666 0.1017648404185405 0.5058610086989679
0 0.19185483956001542 0.5119853526386672 0.17573130724310643 0.003198334293852267 0.10760540150889952 0.005357253847848737 0.12372893382580852 0.5141442721926637
0 0.20414292996159183 0.49469186786942654 0.19248498359342653 0.03355532367603956 0.17537864135855247 0.03398778738519641 0.18703658772671777 0.4951243315785834
0 0.22362938479468988 0.4920458238566877 0.21360503585871857 0.07770606516337895 0.19137762283653267 0.07824382515238178 0.20140197177250396 0.4925835838456905
0 0.27027389863681633 0.4947286956077982 0.265545891284901 0.07236003757589776 0.21243920633034877 0.07295451539077864 0.21716721368226408 0.4953231734226791
0 0.294921875 0.07812500000000003 0.265625 0.07812500000000003 0.26562500000000006 0.4973958328125 0.29492187500000006 0.4973958328125
0 0.291015625 0.11197916718750005 0.27734375 0.11197916718750005 0.27734375000000006 0.4973958328125 0.29101562500000006 0.4973958328125
0 0.296875 0.13020833281250005 0.287109375 0.13020833281250005 0.28710937500000006 0.4583333328125 0.29687500000000006 0.4583333328125
0 0.31054687500000006 0.07552083281250005 0.294921875 0.07552083281250005 0.29492187500000006 0.4973958328125 0.3105468750000001 0.4973958328125
0 0.33203125 0.07291666718750003 0.310546875 0.07291666718750003 0.31054687500000006 0.4973958328125 0.33203125000000006 0.4973958328125
0 0.35199279674643125 0.0992472763713945 0.33018626125635187 0.0986833142450953 0.3198822032535688 0.4971068892536056 0.3416887387436482 0.4976708513799048
0 0.3733697069792205 0.1173058101018005 0.3497668417236706 0.11676938134599255 0.3406478889713474 0.5180033024482124 0.3642507542268973 0.5185397312040203
0 0.43638680414584635 0.13697575135364623 0.36761468254216123 0.1352564483135541 0.35800846314803253 0.5195052240787009 0.42678058475171765 0.5212245271187931
0 0.4612527160114575 0.10210239718194107 0.436842738631159 0.10132335535728507 0.42354249847892406 0.5180642170073801 0.4479524758592225 0.5188432588320361
0 0.48528360391549796 0.1046768140581827 0.4616839783485996 0.10379182809057415 0.4461510118570299 0.5180042637236395 0.4697506374239283 0.5188892496912481
0 0.5097026005582218 0.1068973032407953 0.48470529862585676 0.10579448110320755 0.46651969405712085 0.5180015204193004 0.49151699598948584 0.5191043425568881
0 0.5314219988560233 0.10700777710073725 0.5093757140685496 0.10597435747548892 0.49005809401830636 0.5180835749112809 0.51210437880578 0.5191169945365293
0 0.5517448540591595 0.12262044578706695 0.5304814924668263 0.12139371338750926 0.5074737807546995 0.5201940497310403 0.5287371423470327 0.521420782130598
0 0.5755046408362083 0.12018822668995095 0.5507742536762135 0.11859841607772378 0.524946381059962 0.5203653211458231 0.5496767682199569 0.5219551317580503
0 0.5940854351364214 0.1098872409026016 0.5745607947335025 0.10849262373096455 0.5453167961770304 0.5179086035215736 0.5648414365799492 0.5193032206932107
0 0.6153239765819593 0.11270297132618981 0.5936861871008126 0.11093902109291383 0.5605158423905583 0.5178285819874899 0.582153631871705 0.5195925322207658
0 0.6354258373366355 0.11003943146400082 0.6152540592685665 0.1082514784047166 0.5787332313070161 0.5202813315807546 0.5989050093750852 0.5220692846400388
0 0.657054505468411 0.15938735322037934 0.6299489875357926 0.15684621104125346 0.5958666744695089 0.5203909019255131 0.6229721924021273 0.5229320441046389
0 0.6721614457768637 0.14668416171345605 0.6549784835309778 0.14507325900290424 0.619788200375121 0.5204362793320426 0.6369711626210068 0.5220471820425944
0 0.6943324907392239 0.14944738050402365 0.6710098804571898 0.1470346966900639 0.6321518842664562 0.5226619944957558 0.6554744945484903 0.5250746783097155
0 0.7169021206794762 0.14977089147702888 0.691676701991198 0.14714324369699988 0.6541614392711463 0.5072897658094945 0.6793868579594247 0.5099174135895235
0 0.764249438566204 0.16257815858596433 0.71459622280463 0.15725817087893926 0.6758539051548046 0.5188531149480738 0.7255071209163785 0.524173102655099
0 0.8024848881804771 0.1649226347607967 0.762304687489051 0.1602864578292656 0.7209469098306448 0.518720536383156 0.7611271105220709 0.5233567133146871
0 0.8243034121525141 0.17619077092337898 0.800867747896282 0.17305206591148145 0.7547462209865771 0.5174261359637597 0.7781818852428092 0.5205648409756573
0 0.8691369621632358 0.27112988936460336 0.8524168210513162 0.2694352804772851 0.8269592944415887 0.5206162110509969 0.8436794355535083 0.5223108199383152
0 0.8740012708307063 0.13562355558007577 0.8378647638398489 0.1317517869739125 0.796462454681589 0.5181733391176704 0.8325989616724463 0.5220451077238337
0 0.8899677806473223 0.22705006844221892 0.862835025107573 0.22391936586617875 0.828465727512732 0.5217866103788279 0.8555984830524812 0.5249173129548681
0 0.9044518061076449 0.2568464104970384 0.8832905807599485 0.25450479948009413 0.8535905058402842 0.5229054747718708 0.8747517311879806 0.5252470857888151
0 0.9629318256903965 0.1941093492634437 0.9398002594234761 0.19156487697408248 0.903341282775294 0.5230101192302825 0.9264728490422144 0.5255545915196437
0 0.9287638781336742 0.3028207178903417 0.9035944689481236 0.3004610857202055 0.8824750043848937 0.5257353687628014 0.9076444135704443 0.5280950009329375
0 0.9073976392016425 0.3207829607732665 0.8956845916377736 0.3194314552851278 0.8721957686450728 0.5230012545552009 0.8839088162089416 0.5243527600433395
0 0.8688270439680478 0.9585901688723724 0.7645409278540842 0.6109697540161945 0.7150856507672438 0.62580633595532 0.8193717668812074 0.9734267508114979
0 0.80209756120218 0.9687421956010166 0.7270811155442564 0.6829652626190772 0.7027791128292795 0.6893445383955512 0.7777955584872032 0.9751214713774907
0 0.7620609063662274 0.991914001002528 0.6741702815562448 0.6533723337656967 0.6548166649923293 0.6583968303543113 0.7427072898023119 0.9969384975911426
0 0.8251005242516468 0.9600183711002419 0.7347754182782114 0.615922722414765 0.6949420603257687 0.6263789786681561 0.7852671662992041 0.970474627353633
0 0.7802820801722923 0.9839198473333426 0.7005116149187292 0.6781330665203654 0.6794420627518111 0.6836294714812693 0.7592125280053743 0.9894162522942465
0 0.7386237241335445 0.9689478838984241 0.6433435750732388 0.6073719316638252 0.6313491783548405 0.6105326172684806 0.7266293274151462 0.9721085695030794
0 0.7170018013277202 0.9257787200453368 0.6314471679282707 0.6006711131274288 0.613629540681671 0.6053599624028498 0.6991841740811204 0.9304675693207578
0 0.7032633792289767 0.9377684992878592 0.6100211084723643 0.5813758207802943 0.596289853280151 0.5849683003447512 0.6895321240367634 0.9413609788523163
0 0.7238015152100068 0.9718828848501818 0.5998261168895324 0.5534658736768846 0.5596380538433054 0.5653734467220464 0.6836134521637798 0.9837904578953436
0 0.6488150439413296 0.8927821869753003 0.5553154565425781 0.5520281367842876 0.5324114681458247 0.5583127677774682 0.6259110555445762 0.8990668179684811
0 0.6833489487980465 0.9726538921023135 0.568733208012231 0.5651312683852584 0.5551585451886808 0.5689491423998287 0.6697742859744963 0.9764717661168838
0 0.6874624401589371 0.9601487379076138 0.584172175165351 0.5814177679859699 0.572438401188361 0.5846178881760586 0.6757286661819469 0.9633488580977027
0 0.6521259013217744 0.9549303881183665 0.5567983768823443 0.6053961334292483 0.5315129202756621 0.6122921670805981 0.6268404447150921 0.9618264217697163
0 0.6318583288033814 0.9697009855706412 0.5278411787684762 0.584452283278654 0.4795637300684278 0.5974871944798067 0.5835808801033329 0.982735896771794
0 0.5843811865536123 0.964518523688559 0.48398702615572214 0.6075615102153515 0.46023137022682237 0.6142427884692163 0.5606255306247124 0.9711998019424237
0 0.5539984881164631 0.9432990156059246 0.4591700552626012 0.5804771855563656 0.4230485353318022 0.5899180373564608 0.5178769681856641 0.9527398674060198
0 0.5294741162994698 0.9686710948449078 0.4338028356518433 0.6297214148361733 0.40530618357139636 0.6377648246975898 0.500977464219023 0.9767145047063241
0 0.4664559848482043 0.9822574745232815 0.4213797246566429 0.6592109439016954 0.3713009779493871 0.6661986760166329 0.4163772381409485 0.9892452066382189
0 0.502080679433826 0.9793824532834776 0.42916536889392487 0.7071652931567501 0.4070365380352664 0.7130926585483841 0.47995184857516743 0.9853098186751115
0 0.4109673235198691 0.9633331123411242 0.4022235043405362 0.642726409681844 0.36365134210322925 0.6437783777447742 0.372395161282562 0.9643850804040544
0 0.38510612680599027 0.968589519377183 0.37883609838271776 0.6118945696327889 0.35008216570744277 0.6124000098563862 0.35635219413071534 0.9690949596007801
0 0.37168261129169955 0.9790673827837011 0.36520850627502643 0.6222722630157802 0.3344569124055504 0.6228302556482763 0.34093101742222354 0.9796253754161974
0 0.3359801469793191 0.6171986592278922 0.299331369766548 0.616797395243225 0.2953664622752001 0.9789256122576795 0.3320152394879712 0.9793268762423468
0 0.32633703407208736 0.6045111441036254 0.28291115977472947 0.6033479510454124 0.2728667169909317 0.9783404827119393 0.31629259128828957 0.9795036757701523
0 0.3151835079181948 0.5971041421482077 0.25809392116186175 0.594883991552128 0.24340789466836427 0.9725246728134922 0.30049748142469734 0.9747448234095717
0 0.2749288004553258 0.9776721270399935 0.2569014497825929 0.6651980439053292 0.2058394334762382 0.6681439294161438 0.22386678414897113 0.9806180125508079
0 0.2656250000000001 0.5520833328125 0.16406250000000008 0.5520833328125 0.1640625000000001 0.9921875 0.2656250000000001 0.9921875
0 0.2172319017798423 0.5500079645896703 0.140459938137126 0.5444245490520182 0.10842551970979941 0.9848978024277582 0.18519748335251576 0.9904812179654103