0 0.1512040676472822 0.9013438697558545 0.055792885856753884 0.21984053587847985 -0.017916463646745272 0.23015992214637646 0.07749471814378305 0.9116632560237511
0 0.25748024889481547 0.8832333802394462 0.18787488853415213 0.2209826248079645 0.06355965083541379 0.23404868301533402 0.13316501119607713 0.8962994384468159
0 0.27659422061143896 0.875218597207413 0.20272382370847258 0.3255532623790432 0.15427650574695737 0.33206417434662944 0.2281469026499237 0.8817295091749993
0 0.3324191516393823 0.8675105001551338 0.26770792608346416 0.25182425046158613 0.19389575348859306 0.25958222159044686 0.25860697904451124 0.8752684712839944
0 0.3677869045189645 0.8634680386332485 0.29282385008038303 0.2870920743237123 0.23422920758740542 0.29471285250843793 0.30919226202598693 0.8710888168179741
0 0.41161968480511996 0.8535526415694672 0.336654079104986 0.28794252117462804 0.29091736409677293 0.29400443629901024 0.36588296979690693 0.8596145566938492
0 0.44895782243361027 0.8446338304685217 0.37581299371897386 0.24510617135887025 0.3314433564484355 0.2505194487431094 0.4045881851630718 0.8500471078527607
0 0.5243299597214055 0.8289534172112442 0.4570935169984831 0.241662299744238 0.3770354401669171 0.2508278058063918 0.44427188288983954 0.8381189232733979
0 0.5815133170312006 0.8203869118859121 0.5130373380009825 0.19960927141649823 0.4544917846477684 0.20606724255201744 0.5229677636779865 0.8268448830214312
0 0.6124394876047257 0.8223862105689606 0.5501753217103371 0.22998221339382335 0.519096511598972 0.23324872779582212 0.5813606774933605 0.8256527249709592
0 0.6399053439460144 0.822114927564173 0.5806320310734793 0.2581670179337965 0.5534380726418843 0.26102521809525303 0.6127113855144194 0.8249731277256297
0 0.6806962826693495 0.8178276277669163 0.6170726325569003 0.21248904544703479 0.574339269813669 0.21698050295315321 0.6379629199261181 0.8223190852730348
0 0.7395128422133469 0.8168767459602595 0.6715388569955276 0.17014749314970787 0.6093812385091346 0.17668052226785508 0.6773552237269539 0.8234097750784068
0 0.7824177679997797 0.8074710859090327 0.7267006575167224 0.2062618548089418 0.6759486384122011 0.2109653019774269 0.7316657488952585 0.8121745330775179
0 0.8424613835074265 0.8060564196778 0.776118788510735 0.17484866609801814 0.7120187442493292 0.1815858508863652 0.7783613392460206 0.8127936044661469
0 0.8456922160159731 0.8085172828743342 0.7985881458397727 0.2301193116360499 0.7820459158442189 0.23146649195363161 0.8291499860204194 0.8098644631919159
0 0.9248589493409367 0.8052425693006006 0.8596039341922168 0.18438248456968162 0.7780220599995478 0.19295708385095262 0.8432770751482677 0.8138171685818716
0 0.9535179379671552 0.8161991783121906 0.9087870051771862 0.20824572738226568 0.8628724424936269 0.2116239485509055 0.9076033752835959 0.8195773994808304
0 1.0352661812437483 0.809331267875603 0.967564077853938 0.1651889320601748 0.8607306715478144 0.17641757814825815 0.9284327749376245 0.8205599139636863