0 0.08655621655524684 0.8464277555665222 0.02360889749042928 0.3403589393356836 -0.014503790196175963 0.3450995821796643 0.048443528868641596 0.8511683984105026
0 0.11926311907817264 0.8471417704302657 0.059937374634247045 0.332867467164628 0.022337574851152373 0.3372049114018961 0.08166331929507797 0.8514792146675338
0 0.1615937784858946 0.8448661886245216 0.10435589474369791 0.33294814207258755 0.059332663004699235 0.33798221836923814 0.11657054674689593 0.8499002649211722
0 0.18984603803144723 0.8409408442329933 0.1322958621723177 0.33245973387261646 0.10299289605532583 0.33577625993202465 0.16054307191445533 0.8442573702924016
0 0.2142046540383436 0.8396161134139281 0.157454487914179 0.3313012617356486 0.13040256301824368 0.3343214395383511 0.18715272914240827 0.8426362912166304
0 0.2357805281546806 0.8412457271414817 0.18298216499731726 0.32731795692393195 0.15646242619481138 0.330042461963892 0.20926078935217468 0.843970232181442
0 0.27219896714322306 0.84345834813604 0.2200369024022756 0.3275507325458021 0.17965279361949169 0.33163386377545645 0.23181485836043914 0.8475414793656944
0 0.3076588718247816 0.8449881263442138 0.2569583103062378 0.32841992486086624 0.21977036973446062 0.3320698774969232 0.27047093125300437 0.8486380789802709
0 0.36778437513862733 0.8388053854075006 0.32319050375546043 0.31687110855620093 0.25707525962901323 0.32251997053711556 0.30166913101218007 0.8444542473884151
0 0.4003664769882385 0.7779344440208602 0.360498127854927 0.31805513996669427 0.3215158466140483 0.32143463363997604 0.3613841957473598 0.781313937694142
0 0.4272578714315617 0.7740285220762246 0.39161709781993775 0.3194620240733216 0.3608087528506092 0.3218775853899271 0.3964495264622331 0.7764440833928302
0 0.4744214041624321 0.7792628172139063 0.453064647903653 0.4756903628278337 0.42648838625720903 0.47756004083732406 0.4478451425159882 0.7811324952233967
0 0.4984518945065715 0.7885617307805795 0.4667841510538267 0.29513723250707813 0.4414778551526132 0.2967613782257098 0.473145598605358 0.790185876499211
0 0.5304298237057573 0.7869013752883545 0.4972741113907696 0.2674032087745026 0.46366805516240284 0.2695480339234077 0.49682376747739065 0.7890462004372597
0 0.5507244950818626 0.7806414427490649 0.5250295919331347 0.3729040753121526 0.5040831000970732 0.3742240869716591 0.5297780032458013 0.7819614544085715
0 0.5819319268232997 0.7868302838235408 0.552010152387395 0.29846981472496426 0.5192832795840545 0.3004749854297545 0.5492050540199591 0.788835454528331
0 0.6156427277220667 0.8033261984412681 0.5889603567314401 0.2941962725703302 0.5519018386496748 0.29613842736731844 0.5785842096403015 0.8052683532382563
0 0.6625450544147823 0.8399391946658522 0.6324593231332993 0.2658692258356149 0.5875990125310084 0.2682202550189295 0.6176847438124914 0.8422902238491667
0 0.6984922223050504 0.8408098566530489 0.6738895748453613 0.26375021640016133 0.6325330086030427 0.26551343279657597 0.6571356560627317 0.8425730730494637
0 0.7753075448386296 0.860062799476337 0.7472242844827672 0.3664260626037026 0.6734394742414515 0.37062372027691864 0.7015227345973138 0.864260457149553
0 0.8021604950004246 0.8169938433907946 0.773844543742641 0.2766926943908315 0.6977770591213052 0.28067921781545613 0.7260930103790887 0.8209803668154192
0 0.8440118273447561 0.833336702487282 0.8275325296213601 0.3495237945678848 0.7759323908694137 0.3512813624937152 0.7924116885928096 0.8350942704131123
0 0.8988215641026926 0.8327659404849033 0.8680551653851589 0.2457079623339351 0.7724831976241486 0.25071667591213365 0.8032495963416825 0.8377746540631019
0 0.9263713887564651 0.8527057518346586 0.9155272593660285 0.24074446704082622 0.8702490530335876 0.2415468098364187 0.881093182424024 0.8535080946302511
0 0.9689964352869295 0.8538305846545236 0.9610464266293015 0.23572656525564187 0.9154443497941778 0.2363130958302167 0.9233943584518057 0.8544171152290984