0 0.1442527752961049 0.8951954141522112 0.060729811905981965 0.21196559769856838 -0.013148411297035345 0.22099700701840974 0.07037455209308759 0.9042268234720525
0 0.25082884799404936 0.87894245734892 0.1927919505451583 0.21557778478802078 0.06826761367093626 0.22647225425254738 0.12630451111982732 0.8898369268134465
0 0.2700797791349353 0.8712624812280998 0.2058136159489325 0.3203916476410647 0.1572600463919921 0.3260560455981881 0.22152620957799485 0.8769268791852232
0 0.3260306870785311 0.8645298445814754 0.2720745723033004 0.24780799718631377 0.19813824352460743 0.2542765811330184 0.2520943582998381 0.87099842852818
0 0.36146364392748703 0.861105245056119 0.29657116118174887 0.28350877949924136 0.2378524397736108 0.290105779036203 0.302744922519349 0.8677022445930807
0 0.4054628022631605 0.8519563444669392 0.34037987000100967 0.2851240399760404 0.2945443238268205 0.2903868165030994 0.35962725608897134 0.8572191209939982
0 0.44295090735567016 0.843690531767642 0.3802804197799041 0.24297763047035364 0.33582306433085884 0.24761572653305491 0.3984935519066249 0.8483286278303434
0 0.5185852259222508 0.8293279324940439 0.46160866541756773 0.240952823070033 0.3814028212838335 0.2487197273083658 0.4383793817885165 0.8370948367323768
0 0.5759093790064325 0.8217607191022627 0.5182778932968859 0.19988255469901578 0.4596285500463086 0.2053177813734616 0.5172600357558552 0.8271959457767084
0 0.6067959528503474 0.824299448697834 0.5548801393295887 0.2308990184885214 0.5237490535338146 0.2336226357334601 0.5756648670545733 0.8270230659427729
0 0.6342623553083279 0.8245075536126742 0.5848403181630893 0.25961107333750066 0.5576006195397846 0.2619942381193564 0.6070226566850231 0.8268907183945302
0 0.6751219051259557 0.8209328062176009 0.6220725603757736 0.21457603315192583 0.5792673185709358 0.218321006623796 0.6323166633211179 0.8246777796894712
0 0.7339461029618441 0.8210085598965378 0.6772694506961571 0.17319149691561048 0.6150072818465738 0.17863873116559692 0.6716839341122609 0.8264557941465241
0 0.7770086423462004 0.8123531276370273 0.7317925673187364 0.21026306463984806 0.6809661914743684 0.21408005044445147 0.7261822665018324 0.8161701134416308
0 0.8370678248714354 0.8119865780753255 0.7817514068717972 0.17971712482394306 0.717543545215672 0.18533458569599476 0.77285996321531 0.8176040389473771
0 0.8402551892623423 0.8145034551649865 0.8032527389442787 0.23537149755193024 0.7866895220026232 0.23642977037547977 0.8236919723206867 0.8155617279885359
0 0.9194670284203535 0.8126108897475982 0.8650574495703935 0.19070650928203348 0.7833383529273877 0.19785600327501127 0.837747931777348 0.819760383740576
0 0.9479304311508148 0.8240659992292028 0.9138165580345372 0.21542447966659944 0.8678500315557965 0.21800086691835757 0.9019639046720741 0.8266423864809609
0 1.0297860719749323 0.8186258392008332 0.9733361243857598 0.1734000437612629 0.8663230226423198 0.18276247785405442 0.9227729702314923 0.8279882732936248