0 0.11132812500000004 0.2734375 0.011718750000000033 0.2734375 0.011718750000000073 0.9348958328125001 0.11132812500000008 0.9348958328125001
0 0.1524951655488095 0.9482449587336044 0.12454381957633306 0.2867297725817529 0.06355565437459391 0.289306737315846 0.09150700034707035 0.9508219234676976
0 0.17382812500000006 0.21614583281250002 0.12109375000000004 0.21614583281250002 0.12109375000000008 0.921875 0.17382812500000008 0.921875
0 0.20206127970982463 0.944290377797242 0.17666516940600976 0.2670607663093666 0.14185084582588675 0.2683663034370935 0.1672469561297016 0.945595914924969
0 0.2584073550580004 0.9601902863685361 0.24584722852019972 0.17867130291072367 0.1716476435916167 0.1798637962416366 0.18420777012941736 0.9613827796994489
0 0.3011625759492075 0.9575868694177908 0.28264070541843334 0.19695538529950082 0.2364779398098646 0.19807947861643144 0.25499981034063873 0.9587109627347215
0 0.39876854951658247 0.9892971852819459 0.38622139120811344 0.16118473692298316 0.28142774018676847 0.16277251951421565 0.2939748984952375 0.9908849678731784
0 0.4402197471084395 0.9945804108821674 0.43541870928196885 0.15599913847223934 0.3865921847085266 0.1562786796438881 0.3913932225349972 0.9948599520538162
0 0.5034560585367407 0.9967325673600556 0.4920882004900167 0.1843096450145697 0.4301687705999965 0.18517605494708572 0.44153662864672044 0.9975989772925716
0 0.540796918877989 0.9526667122650597 0.526580458337965 0.26269449481410645 0.49101005117473795 0.2634274015559124 0.505226511714762 0.9533996190068657
0 0.5841112938516481 0.9862224038098703 0.5657895986363536 0.15563888982607718 0.5229565805393401 0.15658373581629026 0.5412782757546346 0.9871672498000832
0 0.6252956355833599 0.9840035098556541 0.6110646575390501 0.18706873937430266 0.5653668039727446 0.18788477247370097 0.5795977820170545 0.9848195429550526
0 0.6543160995029852 0.9892552909637568 0.6383835919790809 0.18200824308593916 0.6099201731238914 0.18257002108966003 0.6258526806477956 0.9898170689674777
0 0.7159354779289512 0.9860366409758526 0.7009385311321564 0.17620151394894157 0.6399544292959376 0.17733084916813083 0.6549513760927324 0.9871659761950419
0 0.7784572478631024 0.9813960961952748 0.7675507500291838 0.181586252132849 0.7000917031615163 0.18250614822315395 0.7109982009954349 0.9823159922855798
0 0.810546875 0.18489583281250008 0.76953125 0.18489583281250008 0.7695312500000001 0.9817708328125001 0.810546875 0.9817708328125001
0 0.8515625 0.2786458328125001 0.810546875 0.2786458328125001 0.810546875 0.9635416671874999 0.8515625 0.9635416671874999
0 0.8948679588638493 0.28426120807954824 0.8535983655581161 0.28374533816322656 0.8449420846449774 0.9762478112143121 0.8862116779507107 0.9767636811306337
0 0.9324656178224894 0.9435805478239547 0.9248007708513697 0.19753544672289705 0.8198781986398149 0.19861341836111426 0.8275430456109346 0.9446585194621718
0 1 0.14583333281250013 0.9140625 0.14583333281250013 0.9140625 0.9947916671874999 1 0.9947916671874999