0 0.07063409365132509 0.13346769418898569 0.012667551334245866 0.13316779562462094 0.008863535680993722 0.8684351844704224 0.06683007799807296 0.8687350830347873
0 0.12496983979378132 0.13981300752452686 0.07035171744796256 0.13829480737095715 0.05049724386620952 0.8525708958368092 0.10511536621202826 0.854089095990379
0 0.14818661137110758 0.2042884528124303 0.11008798802247007 0.20383565168229884 0.10167634401353272 0.9115901944907006 0.13977496736217024 0.9120429956208319
0 0.5604953886412749 0.00035153199417166034 0.02744070832875096 -0.0040027322790899805 0.0263015840061069 0.13545034487380742 0.5593562643186308 0.13980460914706905
0 0.22883318787883042 0.14723031046598442 0.1492172625360241 0.14543665662741748 0.13161940787355547 0.926562564467049 0.21123533321636181 0.928356218305616
0 0.3009528438402234 0.10988117058732436 0.22866371781900163 0.10822412281431007 0.21093926723166273 0.8814577392684229 0.2832283932528845 0.883114787041437
0 0.52401783705408 0.043217330641963314 0.3001495090376766 0.03730308556253779 0.2769973195390983 0.9136688572476602 0.5008656475555016 0.919583102327086
0 0.6102162870338514 0.18379736545486283 0.5166946561907654 0.17725769627617066 0.46371178396269847 0.9349481057030614 0.5572334148057846 0.9414877748817536
0 0.6993056409663263 0.0857263695528562 0.5882487054117739 0.07796051179958999 0.5305481752207423 0.9031165044127418 0.6416051107752947 0.910882362166008
0 0.7569921085101342 0.016749690428309955 0.6537286428759082 0.009528803160887316 0.591854786549691 0.8943658875487073 0.695118252183917 0.9015867748161298
0 0.7705304938650468 0.11421998077578528 0.74854842306877 0.11210986673952335 0.681141489445625 0.8143202504441014 0.7031235602419018 0.8164303644803633
0 0.804888936958767 0.416500559753543 0.7732633401065614 0.41386256375688724 0.7397346803608358 0.8158206703868212 0.7713602772130416 0.8184586663834768
0 0.8713362622740266 0.28549723661478754 0.8011950402876437 0.28059248468592113 0.7630909187933697 0.8255068214531415 0.8332321407797526 0.830411573382008
0 0.8959925368604829 0.3083279423844555 0.8707681250611801 0.30602333828024086 0.824361569645548 0.8139535558175425 0.8495859814448508 0.8162581599217571
0 0.9258519936711677 0.19065689324377022 0.8921720164713676 0.18735871193756862 0.8320705722404267 0.801095521241229 0.8657505494402267 0.8043937025474305
0 1.0265837823451425 0.1372945878735896 0.9077333767064617 0.12898375802177656 0.8563835365187588 0.8633206948390464 0.9752339421574394 0.8716315246908595