0 0.17204907213136536 0.999601135607679 0.054582850831331256 0.36362198795436024 0.01766003336447557 0.37044168300817776 0.13512625466450967 1.0064208306614968
0 0.2058965986483842 0.9999207365639371 0.10506069587238862 0.35711706935832915 0.05436572440001897 0.3650695336571749 0.15520162717601454 1.0078732008627829
0 0.23577612835080694 0.99986608509079 0.13064668709258406 0.371811472290754 0.09399183396988395 0.37794709194811427 0.19912127522810685 1.0060017047481502
0 0.27853512970642125 0.9983369763072387 0.1879418255853376 0.38527387549213177 0.12990607126173614 0.39384991070668657 0.2204993753828198 1.0069130115217937
0 0.3233515093563468 0.9782456641188508 0.220607625350752 0.40130872811029894 0.18503490264975736 0.40764370073354594 0.28777878665535217 0.9845806367420978
0 0.3654699613092643 0.9932062795087632 0.2526517794048592 0.3701275754763195 0.21747857948834728 0.37649623555194045 0.33029676139275227 0.9995749395843841
0 0.3840591284851764 0.9725490365363664 0.27860803067716355 0.3774078524225454 0.2538973600716788 0.3817862544092951 0.3593484578796916 0.9769274385231161
0 0.4127432249399209 0.9841848317119186 0.3056236935614642 0.3317229639604088 0.26975540737459386 0.3376117280362724 0.3768749387530505 0.9900735957877821
0 0.45073233350407593 0.9756923919806558 0.33681968177869404 0.32433673451156037 0.29922119416701654 0.3309121643486971 0.4131338458923984 0.9822678218177925
0 0.46823396469795037 0.9501669108291143 0.37298027596339645 0.361718751557775 0.34331651130676766 0.36652050505258826 0.43857020004132163 0.9549686643239275
0 0.5029467851480943 0.9374019697293047 0.4376528231834443 0.5312106953859633 0.4002091597020769 0.5372296458006958 0.4655031216667269 0.9434209201440371
0 0.518698954755809 0.913812676169675 0.44519458577694415 0.4935126897915171 0.42600047198937396 0.49686946178245045 0.49950484096823883 0.9171694481606083
0 0.552048529658513 0.8990101340301685 0.460858702418837 0.38104389217514 0.4241854457366475 0.38750035144010725 0.5153752729763237 0.9054665932951357
0 0.5769767254870921 0.9057502565277623 0.49448925139317684 0.41330892309259415 0.4664833163519989 0.41800011914851815 0.5489707904459141 0.9104414525836864
0 0.6334677479037327 0.9376110274139048 0.5315418394493816 0.2924484621131461 0.4961199103842059 0.29804459011770656 0.598045818838557 0.9432071554184652
0 0.6736102925815648 0.9292604519432132 0.5886020768816158 0.3970739057482564 0.5509995381566374 0.403080304718041 0.6360077538565865 0.9352668509129979
0 0.710009540095937 0.9212828838513707 0.610771992401223 0.2811098293095552 0.5408958074582386 0.2919418085483051 0.6401333551529527 0.9321148630901206
0 0.7294959076583778 0.9083823858435881 0.6382618439465921 0.31687443005473653 0.6145144061071759 0.32053722991335143 0.7057484698189616 0.9120451857022029
0 0.7555768469639638 0.8994509426436567 0.6675063264888856 0.3128017456481992 0.6374972626310218 0.3173068466292756 0.7255677831061 0.9039560436247331
0 0.7766306391146529 0.9070713491990208 0.6840490552487266 0.26596925569812335 0.6588900035519505 0.2696024755522853 0.7514715874178769 0.9107045690531829
0 0.8186995442002185 0.9011720395379846 0.7289204682611782 0.26236071728739924 0.6844357684543417 0.268612634094404 0.7742148443933821 0.9074239563449893
0 0.8556983537147005 0.8594145049657002 0.7938232309212813 0.38205218199808505 0.7688383799410445 0.3852906879462855 0.8307135027344638 0.8626530109139008
0 0.9452652511679224 0.8755041991699489 0.8569342233567593 0.24699628711517949 0.7544260053454981 0.2614028778395878 0.842757033156661 0.8899107898943571
0 0.98200507327065 0.8683355481127043 0.909899525326437 0.27379131621851177 0.8622492066644348 0.27957028463250777 0.9343547546086478 0.8741145165267004
0 1.0034648131509314 0.8651960357459798 0.9453260858699423 0.34241291091506154 0.9174149080508572 0.345516913852876 0.9755536353318466 0.8683000386837942