0 0.129037101640904 0.930666709327993 0.08446216087049122 0.20891592927724875 0.052168534312469775 0.21091036631960902 0.09674347508288257 0.9326611463703532
0 0.16451497573517354 0.9357827134316151 0.14337088025202988 0.17547221471215163 0.08279851308421018 0.17715672113050768 0.10394260856735385 0.9374672198499712
0 0.18617000245394927 0.9308912128163962 0.1488352378064426 0.3010749493152155 0.12179210890824457 0.30267803407383015 0.15912687355575122 0.932494297575011
0 0.24592621547340138 0.9506072716754934 0.20390397710914857 0.17509087758792258 0.14098465762066048 0.1785002325176435 0.18300689598491332 0.9540166266052144
0 0.3030052169018177 0.935507967890499 0.2627518544417703 0.1045635548078984 0.19958104592285988 0.10762373237473785 0.23983440838290732 0.9385681454573385
0 0.4081853443985426 0.9422597993891857 0.3837635623102448 0.03156367173401734 0.2621991972536002 0.03482361579544613 0.286620979341898 0.9455197434506145
0 0.4059552341463058 0.9050974287531558 0.3910516342476145 0.27490523183302956 0.3529331896915242 0.2758067060962795 0.3678367895902155 0.9059989030164056
0 0.4401065982591602 0.951711279412358 0.4236811623628425 0.15544853529576544 0.38684501686162165 0.15620839722710445 0.4032704527579393 0.952471141343697
0 0.50390625 0.07803499375000006 0.423828125 0.07803499375000005 0.4238281250000001 0.9442234296875001 0.5039062500000001 0.9442234296875001
0 0.5498099088344786 0.9181628594008829 0.5467385700051149 0.18189075816874012 0.495838848081524 0.1821030849594553 0.4989101869108876 0.9183751861915981
0 0.6037901817667573 0.9337798572747262 0.6015520288332681 0.07531928251055588 0.5501811215087342 0.07545321521556796 0.5524192744422234 0.9339137899797383
0 0.6484375 0.06763032812500008 0.6015625 0.06763032812500007 0.6015625000000001 0.918211765625 0.6484375000000001 0.918211765625
0 0.6734439348694629 0.07807404413520012 0.6470843784749276 0.07784522945675627 0.6398577234366483 0.9103592199091747 0.6662172798311835 0.9105880345876185
0 0.77734375 0.044219829687500094 0.666015625 0.04421982968750009 0.6660156250000001 0.910408265625 0.7773437500000001 0.910408265625
0 0.8287174871329853 0.169398505091656 0.7767194938869306 0.16791818373171816 0.7556677591168537 0.9073846212342959 0.8076657523629084 0.9088649425942336
0 0.875 0.16387348750000008 0.826171875 0.16387348750000008 0.826171875 0.4239901359375001 0.875 0.4239901359375001
0 0.9921875 0.07283266093750011 0.912109375 0.07283266093750011 0.912109375 0.9494257625 0.9921875 0.9494257625