0 0.13041855696812496 0.117410124976145 0.041989487540636874 0.10914997225722947 -0.029879221737611216 0.878540478546143 0.058549847689876866 0.8868006312650586
0 0.18206506517966722 0.14413381838607447 0.12572919354670808 0.13889031201989838 0.05820438625419525 0.8643721957093942 0.11454025788715438 0.8696157020755703
0 0.3586510266029896 0.01906362366127253 0.19660841376596422 -0.0066013968670828645 0.05789454932043516 0.8692037483748892 0.21993716215746056 0.8948687689032446
0 0.24641990667709077 0.16189547299214244 0.19674328581977904 0.1572117408868145 0.12832868111127288 0.8828310339589518 0.1780053019685846 0.8875147660642796
0 0.28535388157469366 0.1679635802863066 0.24002140525705973 0.164121890278826 0.17825141374717463 0.8930163798940086 0.22358389006480855 0.8968580699014892
0 0.36373477926871434 0.1830616008398593 0.2828351357987608 0.17553180142021985 0.216148278761738 0.8920107748648036 0.2970479222316915 0.8995405742844431
0 0.4465444453261521 0.16595268423507084 0.36699860349757585 0.15771139022401798 0.2893823365099056 0.9068718119788283 0.36892817833848185 0.915113105989881
0 0.44242655947112874 0.24143323670356392 0.38589030783070566 0.23603286373250892 0.31700899865175086 0.9571480626152258 0.37354525029217395 0.9625484355862808
0 0.4848476036914378 0.17687257059465916 0.44708728920074314 0.17310736124802711 0.3691623196109002 0.95459680512777 0.40692263410159485 0.9583620144744021
0 0.4403209253092376 0.7911433357067312 0.4392340437500001 0.7900216984375001 0.4377402496907624 0.7914692049182691 0.43882713124999995 0.7925908421875002
0 0.5387971509815359 0.15433089829481955 0.48596256010434385 0.1490625805182386 0.4047997159754801 0.9630236674974686 0.45763430685267215 0.9682919852740495
0 0.5781073801160184 0.16810836240747012 0.5378579073225933 0.16411070761128088 0.4564413672337383 0.9838345162715345 0.49669084002716335 0.9878321710677238
0 0.6732368388502887 0.05122794968986584 0.5871911523802721 0.041254914992810955 0.47833047833071884 0.9804867248398867 0.5643761648007354 0.9904597595369417
0 0.6675484793380377 0.3701464344286155 0.6350202112654093 0.3662186326405542 0.5607263701234864 0.9814864366716138 0.5932546381961148 0.9854142384596752
0 0.6744474200656998 0.49902653824387977 0.6733605390624999 0.4979049000000001 0.6718667455593 0.49935240394362046 0.6729536265625 0.5004740421875001
0 0.7032878916421843 0.36205207392635497 0.6530940803322833 0.35571512325460175 0.5744356140327992 0.9787542504110315 0.6246294253427002 0.9850912010827848
0 0.7520172759998205 0.24363739005718524 0.6542739248400615 0.23055682344466916 0.5548103333952368 0.973789516201262 0.6525536845549956 0.9868700828137781
0 0.7659293120209829 0.2936529085386722 0.7430521688309579 0.2905456186637493 0.6491931201364578 0.9815744518577934 0.6720702633264827 0.984681741732716
0 0.8257410614101277 0.20261262166007038 0.7337396530428355 0.19039216349251062 0.627500702586475 0.9902093987737908 0.719502110953767 1.0024298569413506
0 0.8515688843262886 0.21240917831698516 0.8241301144792459 0.208511524201968 0.7128820143160072 0.9916777380891618 0.7403207841630499 0.995575392204179
0 0.9422585713990104 0.22925326330526322 0.8505274586725637 0.2156901083104507 0.7359896772370369 0.9903386428378468 0.8277207899634836 1.0039017978326592
0 1.025597973256327 0.2903347955199546 0.9387894267024436 0.27658567202245493 0.8248540390415856 0.9959453756203592 0.911662585595469 1.009694499117859