0 0.7729566400148751 0.009514026754624183 0.7622404206005918 -0.047180574421387456 0.044670682299528884 0.08845200083584186 0.05538690171381213 0.1451466020118535
0 0.7820102149371915 0.06313328279477962 0.7730788924499401 0.009228962257615292 0.06813765465955322 0.1260295724225698 0.07706897714680458 0.1799338929597341
0 0.7231493336029556 0.09822599169426334 0.7163242553659313 0.06074094861956767 0.019968141132713675 0.18752978412927865 0.026793219369738087 0.2250148272039743
0 1.006447807794313 0.4622715618181896 0.9022092383826678 -0.02504560601148429 0.7618445138238457 0.004978819659858335 0.8660830832354908 0.4922959874895322
0 0.7945472500300392 0.16650365449147847 0.7811165147498217 0.08800825370607643 0.010984260524004813 0.21977957194600672 0.024414995804222277 0.2982749727314088
0 0.8449712592572309 0.23017172168231276 0.8328044481706522 0.15889456998254742 0.07039532354477311 0.2890356820892679 0.08256213463135179 0.3603128337890332
0 0.952973104017342 0.43641831961681676 0.9160625976637691 0.21553459315396192 0.05138048606710297 0.36002624532317073 0.08829099242067577 0.5809099717860257
0 0.8314233594588728 0.547856996979915 0.8199981086898731 0.45480579441722463 0.06611899865947987 0.5473705076545922 0.07754424942847966 0.6404217102172824
0 0.9446915656949937 0.6165966999837866 0.9311240797911058 0.5060983979794388 0.11011874805034709 0.6069051801956149 0.12368623395423498 0.7174034821999626
0 1.0071464950449018 0.6629572576127564 0.9962772779669532 0.5599844226902108 0.12988278838738815 0.6514360156220955 0.14075200546533678 0.7544088505446411
0 0.9303118063639333 0.6919497898946018 0.9281887748565876 0.6699689622872206 0.2260181232792941 0.7377885386680296 0.22814115478664002 0.7597693662754108
0 0.6401408727770549 0.7833548271903377 0.6366959531557645 0.751806927677628 0.2357253773731461 0.7955915036845695 0.23917029699443634 0.8271394031972792
0 0.7814160428343447 0.8235847137237517 0.7728471046193184 0.7537963112263462 0.23067377023319854 0.8203668249211136 0.23924270844822493 0.8901552274185193
0 0.7637094402033159 0.8521442860399373 0.761158657551438 0.8269435783021628 0.25370575943245177 0.8783072964419864 0.2562565420843298 0.903508004179761
0 0.8849159936674255 0.8590024456912918 0.881727135043889 0.8253119411971669 0.26779850515088166 0.883421240391891 0.2709873637744182 0.9171117448860159
0 0.9730412814484527 0.9572804159759117 0.9617785910815522 0.8406292411329916 0.21271422559958494 0.9129515304255131 0.22397691596648542 1.0296027052684331