0 0.8605765375000001 8.277687725200093e-17 0.11921854999999999 3.7381792931290996e-17 0.11921854999999999 0.08208509375000006 0.8605765375000001 0.0820850937500001
0 0.7646211941834127 0.08621591382644643 0.7629171173487401 0.037417533169056286 0.14681620216563757 0.05893224909283438 0.1485202790003102 0.10773062975022452
0 0.7812411309412548 0.1149502573193915 0.7802186843885341 0.08567122895909636 0.1459206965401609 0.10782141041637253 0.14694314309288165 0.13710043877666767
0 0.9123706589012274 0.18699061937225622 0.9080210231439232 0.0979488721225924 0.12293771885841624 0.13629971898106574 0.1272873546157204 0.2253414662307296
0 0.7712444170656013 0.2444791699844849 0.7679621049563736 0.18860510027740587 0.14414478215226967 0.22525113596659616 0.1474270942614974 0.2811252056736752
0 0.8638564702778837 0.3175174440080092 0.8581055779171347 0.23363545882092923 0.13590433333753454 0.283149089323512 0.14165522569828348 0.36703107451059197
0 0.760306624618159 0.36589408587772265 0.7571136539722246 0.3234633625094727 0.162118622296999 0.36823756195282525 0.16531159294293332 0.4106682853210752
0 0.8168564639492599 0.40790819725023103 0.8125517050440305 0.35587591829221704 0.15197856933441253 0.4105267647561184 0.15628332823964197 0.46255904371413237
0 0.6765449408456683 0.445362796417044 0.6743629551599836 0.41874808261595076 0.17060819156744622 0.4600480075923854 0.17279017725313098 0.48666272139347855
0 0.7811543827763894 0.4929663868318553 0.7763985479161205 0.4342684449402949 0.14704162850214014 0.48526031076124576 0.151797463362409 0.5439582526528063
0 0.7827163988660734 0.5489351023906568 0.7784282174080169 0.493273505480926 0.14656081869638243 0.5419527064657593 0.15084900015443883 0.59761430337549
0 0.7024087233843821 0.6567383474274291 0.6990679443410441 0.6034093805342144 0.1532376938732534 0.637602772385103 0.15657847291659147 0.6909317392783177
0 0.7833114083158822 0.5972872942346507 0.7796114007220514 0.5490770215514558 0.15097807725195408 0.5973229231222479 0.15467808484578494 0.6455331958054428
0 0.9251931462276373 0.7693609341210712 0.9150208468001881 0.5827535426797126 0.12990611522486822 0.6255515372971724 0.14007841465231732 0.812158928738531
0 0.9253714598154399 0.8732531608704768 0.9208392964379859 0.7740040441857073 0.5261055728969475 0.792029370611139 0.5306377362744014 0.8912784872959085
0 0.7906328262725401 0.901882079153504 0.7896396108688336 0.877893166231348 0.15539788851113986 0.9041527408257928 0.15639110391484637 0.9281416537479487
0 0.776161957208827 0.9308487331893109 0.774689933831328 0.897908336484573 0.1741817149714492 0.9247435365723395 0.1756537383489482 0.9576839332770776
0 0.9209606307101259 0.985604503082168 0.9189157382967252 0.9270464461519472 0.128642837065086 0.9546433840450611 0.13068772947848672 1.0132014409752819