0 0.7669899653921315 0.05937594951587978 0.26049835884551487 -0.002408190818818845 0.24412452978140492 0.13182054398390813 0.7506161363280215 0.19360468431860678
0 0.68000247469301 0.11439296526213623 0.2566085294600624 0.06068818393880628 0.24176731515832 0.17769229642986062 0.6651612603912677 0.23139707775319057
0 0.6190146028626272 0.1943598337265593 0.2542593029787453 0.15602250754311078 0.25099278842088363 0.187101318084737 0.6157480883047655 0.2254386442681855
0 0.61833500487961 0.22571054026694243 0.2561666231566078 0.18764510924617558 0.24881696558501779 0.25757242958753224 0.61098534730802 0.29563786060829905
0 0.5632926461728472 0.2506225644189361 0.2467945477266093 0.22215515516863632 0.24248033737738633 0.2701201582295237 0.5589784358236243 0.2985875674798234
0 0.6077859594892723 0.3011932415946308 0.25079141014400114 0.26367159938458895 0.24446253787313052 0.3238867917675752 0.6014570872184015 0.361408433977617
0 0.5359425118143152 0.335922883527339 0.24028145773297221 0.308998141198667 0.23579457795541803 0.35826864445452355 0.531455632036761 0.38519338678319553
0 0.9223718282670944 0.41870453185118794 0.20579581433011035 0.3433893615785747 0.193342228385863 0.4618773228066916 0.909918242322847 0.5371924930793048
0 0.9149107720643984 0.5417457299040708 0.1856106589117901 0.46213122495632214 0.17161041327133045 0.5903789699677704 0.9009105264239388 0.669993474915519
0 0.7360550154247061 0.6485350196210148 0.19280244037417354 0.5914368877375052 0.18484031334460443 0.6671914854626562 0.728092888395137 0.7242896173461657
0 0.7605867514823919 0.7031004156718235 0.1915119479735577 0.6683392159668656 0.18610985787763687 0.7567767090904046 0.755184661386471 0.7915379087953623
0 0.7775737910850056 0.7923275826670771 0.16558379964193595 0.7387896638058324 0.1587407133037207 0.8170127333357182 0.7707307047467904 0.8705506521969631
0 0.8022243804253657 0.8506900481032951 0.15523479905604706 0.815811040947704 0.1500397842955291 0.9121761814495934 0.7970293656648477 0.9470551886051846
0 0.7702077411207735 0.945128577852078 0.1606563662451887 0.8894131314160758 0.1544281310078493 0.9575527514822921 0.763979505883434 1.0132681979182945