0 0.2837463935319794 0.972458769504661 0.16715383452787563 0.23632230138088267 0.08536089052987016 0.24927703064937382 0.20195344953397396 0.9854134987731522
0 0.7383091121858107 0.8665892972541014 0.6312893802083679 0.10587161941120346 0.5703925870858001 0.11443873789429584 0.6774123190632428 0.8751564157371938
0 0.8721918117578463 0.8345618712710807 0.7822462631257892 0.10583574569011756 0.7106267910401735 0.11467562734571671 0.8005723396722306 0.8434017529266798
0 0.19845475973884624 0.9733118232395102 0.08992835010244285 0.28810303595452347 -0.03353269339176767 0.3076573441143483 0.07499371624463573 0.992866131399335
0 0.7943843615914229 0.850450264639664 0.6790139413234373 0.12203011269174475 0.6234564695399788 0.13082955193233103 0.7388268898079644 0.8592497038802502
0 0.6061973198403938 0.9008218611676346 0.48471617897092995 0.1338201339262816 0.4214423932826019 0.14384171718945632 0.542923534152066 0.9108434444308093
0 0.34035826924531093 0.9603283747476686 0.21643284100120588 0.17789401746082956 0.16087537073730412 0.1866934563281199 0.2848007989814091 0.969127813614959
0 0.5338316955550346 0.9233572874615863 0.4228609968749999 0.22271587031250006 0.35958721167869856 0.2327374533641196 0.4705579103587333 0.9333788705132058
0 0.6607867585897031 0.8862206765015163 0.5528100445227871 0.13731013949742069 0.5156759369386361 0.14266407527295916 0.6236526510055521 0.8915746122770548
0 0.41752141575715473 0.948106933009272 0.31070601247177293 0.2737009873217818 0.2690379098497613 0.2803005661276443 0.37585331313514303 0.9547065118151344
0 0.468449100451207 0.9400407799560154 0.36969984449945476 0.31656251500160093 0.3187721632569523 0.3246286672842516 0.41752141920870456 0.9481069322386662
0 0.8211853787039196 0.8398774934704474 0.7107035380883754 0.14232260250029002 0.6736652249469015 0.1481888949772501 0.7841470655624458 0.8457437859474075
0 0.6823211130867397 0.8620725158137865 0.5749469700695865 0.14485310620159036 0.5487567418817619 0.14877401697087905 0.6561308848989151 0.8659934265830753
0 0.6267552581238938 0.8708132069549853 0.5154226959649928 0.1416180615226898 0.4882097489232951 0.14577289872508312 0.5995423110821961 0.8749680441573785
0 0.5398226502013509 0.8812770184587804 0.4249410890624999 0.15594339218750003 0.4079651951111488 0.15863210966621977 0.5228467562499999 0.8839657359374999
0 0.4681549684177286 0.9232014056951854 0.347302080431524 0.16016628963516938 0.21805380211355 0.18063720555136858 0.33890669009975455 0.9436723216113846
0 0.9518034402928783 0.8317907998012617 0.8550513475247653 0.09855058868139743 0.7761552108968771 0.10896104655632613 0.8729073036649903 0.8422012576761903