0 0.903918754373209 0.027023802242320687 0.18255596909218602 -0.023418798074140764 0.17887740497644258 0.029187119141065705 0.9002401902574657 0.07962971945752716
0 0.7758882362632847 0.06779496245925716 0.18383622765729862 0.031526324046902386 0.18299480708487773 0.04526173738997644 0.7750468156908639 0.08153037580233122
0 0.892291960800212 0.07878663325945696 0.15906111341283352 0.04244563719965227 0.15463547786601003 0.13173907585182662 0.8878663252533887 0.16808007191163132
0 0.8449437193729338 0.16191036286159233 0.1754775365111726 0.11509672762856141 0.16594051869084386 0.25148243842153845 0.835406701552605 0.29829607365456934
0 0.7367907343592608 0.21700018776361665 0.18409190838644462 0.17835172137824737 0.17796096832062147 0.2660282501880149 0.7306597942934376 0.3046767165733842
0 0.6577324574503527 0.2657898265303579 0.19037971679389837 0.23559176349234426 0.18805076813531216 0.27163515266827604 0.6554035087917665 0.3018332157062897
0 0.7357387433264597 0.3061410323747147 0.1903795370644477 0.2712192752967908 0.18714619255245662 0.3217131319689055 0.7325053988144687 0.3566348890468294
0 0.7374967939947152 0.35606005825823184 0.18220313870417945 0.31723014359165685 0.1807044644304529 0.33866218439559564 0.7359981197209888 0.3774920990621706
0 0.7334032887473754 0.3773106506785321 0.18070446398165224 0.3386621840486649 0.17838833107004443 0.3717844279530993 0.7310871558357676 0.4104328945829664
0 0.7388716472113463 0.41097723829384236 0.17060384059284353 0.3712400821601169 0.1661078177676793 0.4355362039249653 0.7343756243861821 0.47527336005869075
0 0.8613543945200718 0.48143249697255336 0.1438518679606095 0.44338416715282325 0.13947378464975269 0.5259445804984482 0.8569763112092149 0.5639929103181782
0 0.7518706414813923 0.560686185564962 0.14727521279426808 0.5184087547060974 0.1440053779931315 0.5651695708949729 0.7486008066802556 0.6074470017538374
0 0.8526664999811098 0.610808193914415 0.11832956326051036 0.5594583551955513 0.11192613714515869 0.6510316188197783 0.8462630738657582 0.702381457538642
0 0.7062784860079901 0.690634895193569 0.16395898473565987 0.6527122090318443 0.16218782336316545 0.6780409884360166 0.7045073246354957 0.7159636745977411
0 0.7073917762662785 0.7101484430580647 0.15915941396631209 0.6773608936576012 0.15618743547161723 0.7270545981473985 0.7044197977715836 0.759842147547862
0 0.750973416636032 0.739463395502705 0.1422675527405247 0.7146646126212582 0.13799767820433884 0.8194720816288992 0.7467035420998462 0.844270864510346
0 0.8278516204869142 0.8538097576990106 0.12465264528444764 0.8046372980944163 0.11947540725102387 0.8786752556982836 0.8226743824534903 0.9278477153028779
0 0.8173279173963666 0.9286057518921155 0.12162618406346697 0.8827789679226654 0.11785290647722872 0.9400615334817524 0.8135546398101283 0.9858883174512023