0 0.14898699122839784 0.7315311442262111 0.10634644767129105 0.03340440837210214 -0.0013652024093376292 0.03998327589140982 0.041275341147769165 0.7381100117455187
0 0.06766508573711762 0.727149947412222 0.010494448010926518 0.060963159047364414 -0.015097458951517363 0.06315939840129012 0.04207317877467374 0.7293461867661478
0 0.739656938142476 0.14917856370835794 0.7258904347779536 0.06308946802803564 0.19996535110242866 0.14719012417606803 0.2137318544669511 0.2332792198563903
0 0.17123843471417946 0.7200973770000527 0.11373524892272317 0.14099450682768488 0.09145343728376853 0.14320702418934755 0.14895662307522484 0.7223098943617153
0 0.19307215899187852 0.7277533828433079 0.13840215825306496 0.12451667040519591 0.10988965343493266 0.12710069526199314 0.16455965417374624 0.7303374077001051
0 0.25201013333795197 0.7179723385041725 0.20366213694584606 0.12769274015758342 0.1380581938239546 0.13306615847366549 0.18640619021606053 0.7233457568202546
0 0.2598129522705485 0.72965708458766 0.22215575948331484 0.24819268968899455 0.1996963382721511 0.24994932790232802 0.23735353105938478 0.7314137228009934
0 0.276404035867424 0.7345025933898339 0.23671267847371932 0.24312062281242236 0.21844937970577077 0.2445958399794968 0.25814073709947544 0.7359778105569084
0 0.3406771042489014 0.7485216439341078 0.3104997583953313 0.1878272694093356 0.23187895429591995 0.1920587497030422 0.2620563001494901 0.7527531242278145
0 0.3761574502410136 0.753843841006464 0.35190768937254513 0.19658827536321996 0.30986230810062226 0.1984179393528309 0.33411206896909074 0.7556735049960749
0 0.40792248886430754 0.7532057629368589 0.38712972645555754 0.22753307232700867 0.3521242829104916 0.22891769793843436 0.3729170453192416 0.7545903885482848
0 0.4333139939497782 0.7424278825686895 0.41544603937980995 0.2220810516066031 0.3856442891571185 0.22310440043357693 0.4035122437270868 0.7434512313956633
0 0.46097725369450115 0.7264409751736025 0.45153475036942614 0.18548075268004344 0.4105253722453467 0.18619657460778322 0.4199678755704217 0.7271567971013423
0 0.4877567403622548 0.7727699451275147 0.4745871214562329 0.2759122944442125 0.4466895534280345 0.2766517423300022 0.45985917233405643 0.7735093930133043
0 0.5186079742679457 0.7826694079692718 0.5092562675542662 0.24691072457333169 0.47605819822552053 0.24749019928357802 0.48540990493919994 0.7832488826795181
0 0.5649310726097637 0.7506420814954207 0.5553977829341027 0.20448031756340238 0.5007186115812117 0.2054347461121521 0.5102519012568727 0.7515965100441704
0 0.735054046002532 0.7606803879501735 0.7240226726863426 0.1286932035085913 0.556079505167621 0.1316246613330713 0.5671108784838104 0.7636118457746536
0 0.7979748720762673 0.21893006029897336 0.7223103371924998 0.2157687562144223 0.6992033095368535 0.7688261190461066 0.7748678444206208 0.7719874231306577
0 0.8507253274096384 0.15022772409389223 0.8089599868374535 0.14871814435465533 0.7873540281575702 0.7464873109639342 0.829119368729755 0.7479968907031711
0 0.8897806403434059 0.06679449712209813 0.7285811162490565 0.059694636293475066 0.6989597683513368 0.7322355915887407 0.8601592924456863 0.7393354524173639
0 0.963824137345006 0.27644880228429647 0.9109211637984271 0.27451113880369277 0.8958577206081715 0.6857801463437451 0.9487606941547504 0.6877178098243487
0 0.9966772392825748 0.19440634766493103 0.9155666431450975 0.1894181647831878 0.8969801352868092 0.4916450013367058 0.9780907314242866 0.49663318421844904
0 0.9795938077981411 0.2883072325840765 0.9592310921750308 0.28769750755951123 0.94768033905954 0.6734528750568346 0.9680430546826504 0.6740626000813998