0 0.7837876022275073 0.07944533202777872 0.7812298674364255 0.04719143127071511 0.06036695378782443 0.104355870627274 0.06292468857890623 0.1366097713843376
0 0.8182543211168317 0.13776140530867284 0.8155129378367537 0.07722766284639275 0.05568725341190102 0.11163778424858484 0.05842863669197899 0.17217152671086494
0 0.692766082749978 0.1454170017236524 0.6906912744915739 0.11840596924536469 0.06162251638020465 0.16672685647848465 0.06369732463860875 0.19373788895677235
0 0.8196920494858835 0.19827862765103604 0.8151851203256013 0.1354283924140467 0.04052022980728501 0.19097885728277772 0.04502715896756726 0.25382909251976704
0 0.8912356678459039 0.25588667074917903 0.8870734738128624 0.19277889072467386 0.05695813423733696 0.24752810091358984 0.06112032827037852 0.3106358809380951
0 0.9663363776604266 0.37560592438266455 0.9609553392255762 0.2541169675831968 0.05082413345190538 0.2944288702288723 0.05620517188675574 0.4159178270283402
0 0.7231590742572328 0.38713978211899525 0.7215924787537408 0.34904287578360227 0.09175636600678064 0.37494257518385543 0.09332296151027265 0.4130394815192483
0 0.8431670401483509 0.41767953327282337 0.8417644145783492 0.38086226071746476 0.04590960835111392 0.41118189668573396 0.04731223392111557 0.4479991692410926
0 0.9219689128692116 0.49654135125832777 0.9205713575891961 0.4164754209857147 0.05451484566583936 0.4315924857211029 0.05591240094585472 0.511658415993716
0 0.818876493409636 0.5411796795735238 0.8177758762516278 0.49029141539131116 0.08166951502778888 0.5062120073844066 0.08277013218579696 0.5571002715666192
0 0.9263883640954977 0.5941248613925931 0.9253579057754034 0.5427641147527367 0.06706713940884124 0.5599841304091336 0.06809759772893557 0.6113448770489901
0 0.9348944113869466 0.6408690005638273 0.9340763289605786 0.5940011280669913 0.08362443951433321 0.6088458331530713 0.08444252194070133 0.6557137056499073
0 0.9248887079762816 0.6660538954849636 0.9246574501047228 0.6396943602444665 0.09214413372392141 0.6469981786097805 0.09237539159548033 0.6733577138502775
0 0.9605510691323482 0.7693470491380436 0.9586081266286524 0.6580358789713397 0.09255161357770361 0.6731529423108896 0.09449455608139966 0.7844641124775935
0 0.836756925762038 0.7707605958716237 0.09708616605043535 0.7645229428662831 0.09664843412767203 0.816429886645162 0.8363191938392747 0.8226675396505024
0 0.8426199717774514 0.8690766688367797 0.8417678033305276 0.8202559801976053 0.5816907710484458 0.8247956425181929 0.5825429394953696 0.8736163311573673
0 0.9356921347391797 0.9846574815449669 0.9342945875098942 0.9045915949564476 0.05783499099702074 0.9198901663315734 0.059232538226306176 0.9999560529200927