0 0.24822439091210174 0.9012313644253857 0.2225338293226339 0.165549681962324 0.023436435657305375 0.17250231375429265 0.04912699724677325 0.9081839962173544
0 0.18171415939995078 0.8926553316410404 0.14953212748730282 0.27397106660374093 0.08823366767160876 0.2771596218999806 0.12041569958425669 0.89584388693728
0 0.24152218275877066 0.8725007488306655 0.21397441156623914 0.28226083816065084 0.14834602731787933 0.28532385657117665 0.17589379851041087 0.8755637672411913
0 0.27579114676927347 0.8689941099458285 0.24954334149357793 0.28163034671276 0.21282746879176115 0.2832710864681373 0.23907527406745674 0.8706348497012059
0 0.37546330478677653 0.9071990902778518 0.34813870487459 0.12472493259344171 0.24078226696111274 0.12847390204524362 0.2681068668732993 0.9109480597296538
0 0.41740730822239513 0.8771041010969979 0.39562024920157335 0.25320444103552703 0.3507257386076765 0.25477219209332336 0.3725127976284982 0.8786718521547943
0 0.5472336042054045 0.9012007392945358 0.5208167960424995 0.14472240049176038 0.43102777667517866 0.14785790243292077 0.45744458483808365 0.9043362412356963
0 0.463709073719872 0.8598706944247982 0.4432837090090801 0.27496476412020565 0.39643726316405203 0.27660067802056704 0.416862627874844 0.8615066083251597
0 0.6288517544572005 0.8879395629225219 0.6059753546896605 0.23284491791148496 0.5259460108568714 0.23563960304071835 0.5488224106244115 0.8907342480517553
0 0.6746083488483844 0.8660501481920726 0.6603836436290791 0.27788954730161647 0.6057152753518088 0.27921170560733655 0.6199399805711142 0.8673723064977926
0 0.710412872421802 0.8751562129798847 0.6994986049760223 0.27131080927538853 0.6603166819973023 0.27201900707536547 0.671230949443082 0.8758644107798617
0 0.741146693189374 0.8662462609386796 0.7310909662139401 0.25197947781289753 0.6909315677832435 0.2526368989159268 0.7009872947586774 0.8669036820417089
0 0.8135338812666701 0.8853402102897638 0.8056764472309765 0.2390438861694705 0.7308315607074465 0.2399538228917133 0.7386889947431401 0.8862501470120066
0 0.9181611970360066 0.08784461222687155 0.8202911017075915 0.0877673352674518 0.8196451186574791 0.9058950562561773 0.9175152139858943 0.905972333215597
0 0.958487160265161 0.19271428497128212 0.9159175347587792 0.1925362982355276 0.913064566985405 0.8748892229041296 0.9556341924917866 0.875067209639884