0 0.1563947392475082 0.9887404056457536 0.08413530449837421 0.3308321766775365 -0.008966190701493343 0.3410577083265207 0.06329324404764067 0.9989659372947377
0 0.2182470295082502 0.9921716517598217 0.09851625407544891 0.3410587051891146 0.03848026526932309 0.3520985033247393 0.15821104070212438 1.0032114498954463
0 0.2357160811155945 0.963163688964195 0.13749754169869505 0.2643026314478498 0.0852763737807633 0.27164183969873157 0.18349491319766278 0.9705028972150768
0 0.2667940685802907 0.9814316296027789 0.14739296622474723 0.31432722581998496 0.11309914844706641 0.3204652750120099 0.2325002508026099 0.9875696787948038
0 0.324804627139771 0.9893349442340769 0.2036003153547222 0.21716968096369843 0.13028879737656535 0.22867715547093792 0.25149310916161416 1.0008424187413163
0 0.36678143075866776 0.9808064859810564 0.24258037276462865 0.23015516150254026 0.197023302892336 0.23769293049425944 0.3212243608863751 0.9883442549727757
0 0.4677241147584713 0.9978125363544684 0.34017470649951537 0.1803169863212442 0.23662187660579126 0.19647377417892495 0.3641712848647472 1.0139693242121492
0 0.5095318584820986 0.997390500143404 0.38817154358597544 0.16833491018392835 0.33985910009388015 0.17540706967071068 0.46121941499000335 1.0044626596301864
0 0.5725542364411147 0.9914174092258051 0.448229591639561 0.18848303196811972 0.3870333372250378 0.19795852935466315 0.5113579820265916 1.0008929066123486
0 0.6033989159908398 0.9425835567874733 0.49329523622430704 0.2613046517143362 0.4581729990548098 0.2669808696702986 0.5682766788213426 0.9482597747434358
0 0.6509618096296086 0.9697844910618663 0.5172235335951252 0.1498340469111917 0.4749388609505078 0.15673090179128302 0.6086771369849912 0.9766813459419575
0 0.6914365362241626 0.9618554384728494 0.566432169945011 0.17465695283353444 0.5212926146217328 0.18182495634249252 0.6462969809008843 0.9690234419818076
0 0.720905482083551 0.9630172418960965 0.5927809534911233 0.16584364305945204 0.5646727229949733 0.1703612961617903 0.692797251587401 0.9675348949984348
0 0.781477236248521 0.9512541559598187 0.6539189710035409 0.15138745960213176 0.5936855352061693 0.16099315091925312 0.7212438004511493 0.96085984727694
0 0.8427447067002175 0.9379574244849428 0.7206323359354625 0.14744916483252096 0.6539578207008533 0.15774859311233272 0.7760701914656083 0.9482568527647546
0 0.8745741961202509 0.9338625004950127 0.763670630247444 0.14474263292264816 0.723054165454694 0.15045090483895524 0.833957731327501 0.9395707724113199
0 0.9126536487998231 0.910102467884221 0.8173345721614703 0.23187199274848486 0.7767181080796187 0.23758026448579087 0.8720371847179715 0.9158107396215269
0 0.9488057729904262 0.9183735734206504 0.8610000948221987 0.23140576536255794 0.8200603379860034 0.23663853328978587 0.9078660161542309 0.9236063413478783
0 0.9899913711997094 0.8790760710757193 0.8785717095501621 0.14135817034846251 0.7748202610425752 0.1570280507688369 0.8862399226921225 0.8947459514960936
0 1.0611701671528135 0.9002849515111169 0.9458435613616543 0.07969350778711848 0.860742399461779 0.09165369604628044 0.9760690052529382 0.9122451397702788