0 0.09360691830760479 0.8980532697253002 0.046112006521976244 0.16431160057530855 -0.011734252601569833 0.16805597422848295 0.0357606591840587 0.9017976433784748
0 0.13077729178549607 0.8807723125333459 0.1007580200670583 0.16685118615239802 0.04616704082436559 0.16914665182599337 0.07618631254280339 0.8830677782069412
0 0.16939512454894695 0.9361673073461869 0.12841581634220123 0.22955005309211055 0.09037841327269466 0.23175598063546637 0.1313577214794404 0.9383732348895426
0 0.5336746960906115 0.13664702841478155 0.5254836266300349 -0.00481188853585735 -0.006402740351707084 0.025986581231880253 0.001788329108869463 0.16744549818251916
0 0.24181936799174722 0.9474559695197282 0.20488576624679275 0.1670052805695942 0.12533866305461008 0.1707697221555412 0.16227226479956453 0.9512204111056753
0 0.31048116209109644 0.897302763095626 0.2742244019776897 0.12471630848850897 0.2019957783417809 0.12810593027759457 0.23825253845518768 0.9006923848847117
0 0.5257056421043317 0.9192774036395072 0.4923559505207017 0.042838517259844666 0.2684666578477935 0.05135780933548645 0.30181634943142355 0.927796695715149
0 0.587890625 0.17687932031250006 0.494140625 0.17687932031250003 0.4941406250000001 0.93641993125 0.5878906250000001 0.93641993125
0 0.669921875 0.07283266093750008 0.55859375 0.07283266093750007 0.5585937500000001 0.9000036 0.6699218750000001 0.9000036
0 0.72265625 8.497183113224556e-17 0.619140625 7.863332719134617e-17 0.6191406250000001 0.8869977671875 0.7226562500000001 0.8869977671875
0 0.7429608419571181 0.09628846772332948 0.7208851240605616 0.09571688547950463 0.7026261080138931 0.8009187906640479 0.7247018259104496 0.8014903729078726
0 0.7983216183662317 0.39543598352941645 0.7665890420927661 0.39501050348216604 0.761181234216737 0.7983283018309452 0.7929138104902025 0.7987537818781955
0 0.85546875 0.2601166468750001 0.78515625 0.2601166468750001 0.7851562500000001 0.8063616078125 0.85546875 0.8063616078125
0 0.8816575518201816 0.2811718025606659 0.85633382495115 0.28063237840337796 0.8454717347462297 0.7905624619190372 0.8707954616152614 0.7911018860763251
0 0.9032359556448102 0.16170450431939254 0.8694079510664544 0.16076375369721027 0.8522650275194016 0.777197995208405 0.8860930320977574 0.7781387458305873
0 1 0.08583849375000012 0.880859375 0.0858384937500001 0.880859375 0.8375756046875 1 0.8375756046875