0 0.08271332055173512 0.7760357029963645 0.04393182032690481 0.20789565996025255 -0.006967378974870725 0.2113700626772602 0.03181412124995959 0.7795101057133721
0 0.11059908897361644 0.7615365773428443 0.06949586439212159 0.214124968870656 0.03978058602492148 0.21635618527404493 0.08088381060641633 0.7637677937462332
0 0.14692740175526503 0.7643756898807801 0.10897319268007663 0.2139716409741775 0.06831036099336227 0.21677562764268518 0.10626457006855068 0.7671796765492879
0 0.19140625000000006 0.21849798437499998 0.10937500000000004 0.21849798437499998 0.10937500000000007 0.7699452765625 0.19140625000000006 0.7699452765625
0 0.2315526847383876 0.7740377221272734 0.20900449433684742 0.25602681807665145 0.153488079277101 0.2584433592872507 0.17603626967864122 0.7764542633378727
0 0.2496294765439222 0.7564000378147421 0.21487725300472843 0.33985379788440145 0.19849820341164973 0.3412202929772713 0.23325042695084344 0.757766532907612
0 0.2965937837576812 0.7780874375474757 0.2541433580192603 0.14206463727834834 0.19758108995352192 0.14583980439359212 0.2400315156919428 0.7818626046627195
0 0.29823783761271005 0.7822785175865155 0.26668479753299446 0.3060263292221601 0.24706732252569408 0.3073260418330229 0.2786203626054096 0.7835782301973784
0 0.3154447923695052 0.7955095650760052 0.29719699682062645 0.15757251942604802 0.25500681492447563 0.1587793435455449 0.2732546104733543 0.7967163891955021
0 0.3426191454931663 0.7902734868730297 0.31513086695219145 0.2411412899723632 0.28447850804780855 0.24267567565263687 0.31196678658878335 0.7918078725533033
0 0.3821387672357808 0.794918998071292 0.35694592823361443 0.12388394920857355 0.32193667984598257 0.1251983102985215 0.3471295188481489 0.7962333591612398
0 0.4071332575006087 0.7721569250792497 0.3981025561516515 0.23093908595414475 0.35792277072013123 0.23160952143550992 0.36695347206908846 0.7728273605606149
0 0.4468455916812758 0.7672457934920576 0.4393450164954806 0.2777727779806266 0.3986976734310386 0.2783956487888143 0.40619824861683373 0.7678686643002453
0 0.4687500000000001 0.2887294781250001 0.439453125 0.2887294781250001 0.4394531250000001 0.775147609375 0.46875000000000017 0.775147609375
0 0.5390625 0.2367061484375001 0.46875 0.2367061484375001 0.4687500000000001 0.7907546078125 0.5390625000000001 0.7907546078125
0 0.5766989025364593 0.20328352664988478 0.5391505803808458 0.2025110958820578 0.5268977801098514 0.7981270540318963 0.5644461022654649 0.7988994847997233
0 0.6605419786422583 0.16711063383877622 0.6044144249110702 0.16473631166836772 0.5773173608585458 0.8052946729222045 0.6334449145897338 0.807668995092613
0 0.7585876586775713 0.2549554718597438 0.6744277504926397 0.2503823134968991 0.6449593815337253 0.7926891896574736 0.7291192897186568 0.7972623480203183
0 0.786793823236775 0.4199290639265866 0.7537201903613736 0.4178595776684932 0.7300977132197298 0.7953837740891464 0.7631713460951313 0.7974532603472398
0 0.8237178639584398 0.29936916212557185 0.7545808007401945 0.29566111900417325 0.7282882984098218 0.7858890738223486 0.7974253616280671 0.7895971169437472
0 0.86328125 0.2809259796875001 0.78515625 0.2809259796875001 0.7851562500000001 0.7959569406250002 0.86328125 0.7959569406250002
0 1.0035022543195755 0.3994571237165206 0.857256473102933 0.38847603912777184 0.817825132982728 0.9136215376158777 0.9640709141993705 0.9246026222046264