0 1.0018869308464031 0.057869053159664376 0.11744063693008733 -0.05072729515046309 0.10672946443220735 0.036508205551588145 0.9911757583485231 0.1451045538617156
0 1.0027587599256351 0.09710110489841851 0.1312847122538545 0.03845736113731226 0.1283958916283487 0.08138661568427305 0.9998699393001294 0.14003035944537928
0 1.002689243449206 0.1383431852918458 0.09859484583696852 0.07652373768964296 0.09585826964950898 0.11654549937929386 0.9999526672617465 0.17836494698149669
0 1.0036490023549476 0.17753571689713393 0.08117914895942678 0.10313234340236155 0.07655972061470076 0.16040506085824333 0.9990295740102214 0.23480843435301568
0 0.9993945528404407 0.23565245097107795 0.08622358451193517 0.15366943691596593 0.07875575224675846 0.2368501750176662 0.991926720575264 0.31883318907277824
0 0.9429067693101526 0.2640633994860933 0.05909085854057503 0.18491148843920385 0.05031074963545438 0.28295081365572694 0.934126660405032 0.3621027247026164
0 0.7838065900275718 0.28020241992829814 0.06788822424606582 0.21421971905685547 0.06153642296874031 0.2831373464072671 0.7774547887502463 0.3491200472787098
0 0.99841229247071 0.37245076471483307 0.10557699915765588 0.27517649760859064 0.09333569289174434 0.3875337591495382 0.9861709862047985 0.4848080262557806
0 0.807509791894365 0.43346444623190117 0.09493912598714153 0.34597176668096324 0.08756031772180807 0.40606733520414756 0.8001309836290315 0.4935600147550855
0 0.9527347355767274 0.5123254559655245 0.1371030549417656 0.4087797029962446 0.12697771373737685 0.48853719016221475 0.9426093943723387 0.5920829431314947
0 0.7244387248483448 0.7314585757851951 0.08704034885153075 0.6275019795360082 0.08214628376467772 0.6575093985063774 0.7195446597614918 0.7614659947555642
0 0.9455623879658 0.7940096593516772 0.05104272104152232 0.647511846649543 0.04445817097840079 0.687717290134802 0.9389778379026785 0.8342151028369363
0 0.7887860364443025 0.8074681033597783 0.041209319850193785 0.68157389016192 0.03043945323162549 0.745526802057975 0.7780161698257342 0.8714210152558332
0 0.7659174366333744 0.8681876840632132 0.029451271807219716 0.7362055130079088 0.022915138629026454 0.7726774159630432 0.7593813034551811 0.9046595870183476
0 0.5201704347986332 0.8567637911825672 0.021815409492947115 0.758179703547101 0.015730410477080504 0.7889401427951721 0.5140854357827667 0.8875242304306383
0 0.918632062132916 0.9974331740843294 0.04054975467029105 0.8350801098452887 0.03463094009628833 0.8670918638761929 0.9127132475589134 1.0294449281152336
0 0.7582671660803367 0.9980575254254147 0.04504557095169746 0.8609009619917375 0.039631109160729296 0.889056458007681 0.7528527042893686 1.026213021441358
0 0.6141078199704999 0.9965694956541487 0.0143756831444247 0.8888390590627692 0.005424126161157639 0.938672110588012 0.6051562629872328 1.0464025471793916