0 0.1244937817809236 0.9510964916501141 0.07511847613799576 0.17993571728480703 -0.013514057563793685 0.1856106149026673 0.035861248079134156 0.9567713892679743
0 0.1771065419943716 0.9253643071692922 0.13030963676882273 0.19825110272326535 0.07384708685915391 0.2018850246225777 0.12064399208470275 0.9289982290686046
0 0.28515625 0.031213998437500022 0.119140625 0.03121399843750001 0.11914062500000007 0.9338187640625 0.28515625000000006 0.9338187640625
0 0.24259025598180983 0.9331148842758529 0.1966506966059753 0.20572676696460723 0.1468529800043705 0.20887183505708135 0.192792539380205 0.9362599523683268
0 0.2890693119869139 0.9352130943529076 0.23605459090494368 0.20562954982428097 0.19067925833637184 0.20892671930975598 0.24369397941834206 0.9385102638383825
0 0.36204851732593085 0.9263702669544707 0.31583234123696163 0.20828021540994057 0.23475078581350045 0.21349861306766918 0.28096696190246967 0.9315886646121992
0 0.3984375 0.18208165312500005 0.31640625 0.18208165312500005 0.31640625000000006 0.9338187640625 0.39843750000000006 0.9338187640625
0 0.4474606347206831 0.9766355785781178 0.4026866300430931 0.25362309292320007 0.34600163042925336 0.2571334257158078 0.3907756351068433 0.9801459113707255
0 0.4797721867204371 0.9672793249299151 0.4344858889167386 0.18322116321918147 0.39660145730899304 0.18540932442417274 0.4418877551126915 0.9694674861349064
0 0.48660052515747426 0.7968947433419569 0.48535156250000017 0.7959569406250002 0.48410259984252607 0.7976203050955436 0.48535156250000017 0.7985581078125003
0 0.5314129167623354 0.969153988021848 0.48424492958501253 0.15251744743992557 0.4312366735022068 0.15557914333394515 0.4784046606795297 0.9722156839158675
0 0.5730453464003681 0.9823438146488985 0.5252264575325244 0.15997581378230477 0.48484715130104544 0.16232378154759838 0.5326660401688891 0.9846917824141922
0 0.6403084012981111 0.9743507349821318 0.6009005896411393 0.029652865444001815 0.514354142077052 0.03326312668747536 0.5537619537340237 0.9779609962256053
0 0.668042037694539 0.964849744675276 0.6451721054146311 0.3455347900123807 0.6124298694799307 0.3467438884087321 0.6352998017598386 0.9660588430716274
0 0.6721474001574741 0.47174893396695666 0.6708984375 0.4708111312500002 0.6696494748425259 0.4724744957205436 0.6708984375 0.4734122984375001
0 0.698980012295324 0.9596225860462738 0.6792052708743401 0.3319492096294244 0.6286381101173595 0.33354231930387157 0.6484128515383435 0.961215695720721
0 0.7268387572124041 0.9570112500950838 0.7088105776569391 0.20736945074027693 0.610224357297227 0.20974035653004108 0.6282525368526921 0.9593821558848481
0 0.7457727207380562 0.9517967860545673 0.7303754839242558 0.2545928737817733 0.7072939102754401 0.25510261339919377 0.7226911470892405 0.9523065256719878
0 0.7953970117541938 0.9619064165331771 0.7752090137946923 0.1553168257006868 0.6824285937166619 0.1576390115465068 0.7026165916761633 0.9642286023789971
0 0.8148871074131057 0.9518795836862612 0.8022513718577258 0.1609524084828144 0.7745406917598752 0.1613951102090335 0.7871764273152551 0.9523222854124802
0 0.9025136110383809 0.9464311045144578 0.894459513766717 0.1634021221764081 0.8017360189414152 0.16435585960316554 0.8097901162130791 0.9473848419412152
0 0.98828125 0.2106944843750001 0.8984375 0.2106944843750001 0.8984375 0.9390210968750001 0.98828125 0.9390210968750001