0 0.06478963165589995 0.816650661842259 0.035448392907430924 0.3068647604348388 -0.003634535897221769 0.30911421759299246 0.025706702851247258 0.8189001190004126
0 0.09597518422330013 0.8197372881132994 0.07266792359930176 0.30257737722017924 0.0348571481529238 0.3042814257729804 0.05816440877692217 0.8214413366661006
0 0.1383614701756128 0.820420087511601 0.11697261326750237 0.3057563344532507 0.07170789490775742 0.30763748613379804 0.09309675181586785 0.8223012391921483
0 0.16681872728709984 0.8184750824509195 0.14487858861402816 0.30721811045622816 0.11541565349896717 0.3084824861372445 0.1373557921720389 0.8197394581319358
0 0.19121041402641903 0.8188527507020021 0.17005674037689983 0.3078174368351727 0.1428600352563227 0.30894321074717446 0.16401370890584194 0.8199785246140039
0 0.21262004892963376 0.8219834514287708 0.19580010317560803 0.30562455617309403 0.16915490652315043 0.3064925004777579 0.1859748522771762 0.8228513957334347
0 0.24879543748543714 0.8267311039500674 0.23274833164563952 0.3084415716389898 0.19217777163912672 0.30969770364594223 0.20822487747892432 0.8279872359570198
0 0.2840622525633787 0.8307307139681743 0.26951916618162 0.3118841538258329 0.2321672024519136 0.3129311162166029 0.24671028883367235 0.8317776763589444
0 0.34535609584582794 0.8286828449512613 0.33621312956629457 0.30488340781869494 0.2699934129578268 0.30603927892712124 0.2791363792373602 0.8298387160596876
0 0.381474976590478 0.7702981012384514 0.37341848794823596 0.3087428208559787 0.3343853774003288 0.3094241472867802 0.3424418660425709 0.770979427669253
0 0.4083198049383814 0.7682867680911576 0.4044748024034696 0.31234139584658555 0.3735730064883611 0.31260199172245107 0.3774180090232728 0.7685473639670232
0 0.4550033242897807 0.776798273173762 0.4548747333328388 0.47247553416933386 0.42823278805142095 0.47248679166934765 0.42836137900836285 0.7768095306737759
0 0.481155570005175 0.29331924778393764 0.4557976215903932 0.29317415899856936 0.4529686673378183 0.7876057294501101 0.47832661575260016 0.7877508182354784
0 0.513505883634349 0.26777965441452745 0.4798320743902013 0.26757501492378555 0.47666866126043655 0.7881205357612315 0.5103424705045843 0.7883251752519734
0 0.533834385186556 0.37495965028620426 0.5128468398156427 0.37481529301767297 0.5100368295968138 0.7833518188222035 0.5310243749677273 0.7834961760907347
0 0.5659414933730471 0.302588778027707 0.5331544695730899 0.3023061529731165 0.5289370513201831 0.7915642367363858 0.5617240751201403 0.7918468617909762
0 0.6030997966709519 0.3009031613560596 0.565996072419495 0.3002555135574811 0.5570983376088042 0.8100064917945516 0.5942020618602613 0.8106541395931302
0 0.6484687964907109 0.27567945198077015 0.6035537621074626 0.2748954571408208 0.5935211103101212 0.8496656947381162 0.6384361446933695 0.8504496895780657
0 0.6899459393075049 0.27645563158805064 0.6485671210874724 0.2753296649220932 0.6328561953726528 0.852699811727599 0.6742350135926853 0.8538257783935566
0 0.7559397043927147 0.3839969360836112 0.6820418170737426 0.38303740040843504 0.675622310658546 0.8774306512133313 0.7495201979775183 0.8783901868885076
0 0.7887546030881957 0.2963390896085068 0.7125943297757946 0.2950096996291315 0.7031517809254642 0.8359699237650506 0.7793120542378651 0.837299313744426
0 0.8372313659524622 0.37273786064945175 0.785634321388993 0.37089170354463497 0.7683243940990715 0.8546756065711861 0.8199214386625406 0.856521763676003
0 0.884897116800795 0.27200163493168306 0.7892085673461177 0.27033138509118243 0.778948932474817 0.8581054743107479 0.8746374819294942 0.8597757241512486
0 0.9325998075121769 0.2703617160134495 0.8873759279400663 0.2680036562577334 0.85550537929813 0.8792306831327739 0.9007292588702406 0.8815887428884899
0 0.9783581230189871 0.26853129572075296 0.9328262157251981 0.26593535808124585 0.8976401105960914 0.8830882713046149 0.9431720178898804 0.8856842089441221