0 0.23624287552290074 0.01783216846055804 0.12628538583495932 0.0004166161594403861 -0.005554106826463468 0.8328185638054825 0.10440338286147796 0.8502341161066
0 0.19761625932997468 0.16182896562199986 0.1281694233515006 0.1508296673961907 0.01871007234623163 0.8419288120431156 0.08815690832470571 0.8529281102689248
0 0.22177496903882563 0.18409045928243997 0.1870515582006089 0.17859081282225525 0.08288209212277006 0.8362911202156482 0.11760550296098678 0.841790766675833
0 0.19113411380002382 0.40788418424838524 0.16578735210283785 0.40449658278586514 0.10473265479997355 0.8613209407132215 0.1300794164971595 0.8647085421757416
0 0.31015073480724514 0.050606748950074235 0.27156915753463046 0.044496026404413705 0.145426390046426 0.840929982432041 0.1840079673190407 0.8470407049777015
0 0.2988327357010269 0.13277487534727303 0.27875635544506155 0.12998512519807473 0.18026008914075103 0.8388115040357784 0.2003364693967164 0.8416012541849767
0 0.34471349731247947 0.01885446262768147 0.3141679110578417 0.014435465994799723 0.19345119688872894 0.8488698662365708 0.22399678314336668 0.8532888628694526
0 0.4037713142153854 0.03383171389503769 0.3420407828363972 0.024054550384704405 0.2118288134594573 0.84617990944695 0.27355934483844546 0.8559570729572832
0 0.37620676341525716 0.1953821031114671 0.3511287377662206 0.19141013403423549 0.24329703423070156 0.8722327120709785 0.2683750598797381 0.87620468114821
0 0.3994461748135652 0.2359331290455116 0.36858091456211695 0.23104455178963496 0.2672597991693563 0.8707608602115153 0.2981250594208046 0.875649437467392
0 0.40136023993557146 0.28627450408128774 0.38785668776255144 0.2841357515081322 0.29508073114411565 0.8699000826997775 0.3085842833171356 0.8720388352729331
0 0.40642411978988 0.3292139887282537 0.39292056711276435 0.3270752360842621 0.3090966769557199 0.8563184468484032 0.3226002296328357 0.8584571994923949
0 0.4161599767312909 0.36762626204728194 0.398798267340578 0.3648764375598728 0.3186365903560917 0.8709973723502064 0.3359982997468046 0.8737471968376156
0 0.4627743165778953 0.33550539342432817 0.4203345821549435 0.32878359981380456 0.3312208349330895 0.8914256541024855 0.3736605693560413 0.8981474477130093
0 0.4951617427802667 0.3432686473565404 0.4604383241969937 0.3377689988728133 0.3721384131073501 0.895272770741812 0.40686183169062307 0.900772419225539
0 0.541474645861854 0.3005656715315145 0.4971058352304967 0.29353834614274993 0.4035161054078219 0.8844409683809659 0.44788491603917924 0.8914682937697304
0 0.6127217865912606 0.24413867677108464 0.5003267896930252 0.2342030089713866 0.44400794469720894 0.8712972170536393 0.5564029415954443 0.8812328848533374
0 0.6793551790239042 0.1961142752565183 0.6122192804105243 0.18437085240833856 0.4794959763781563 0.9431358563041966 0.5466318749915363 0.9548792791523762
0 0.7070285709308796 0.12926756532584632 0.6723051537548475 0.12376791508018689 0.5538937105583752 0.871388173981603 0.5886171277344074 0.8768878242272624
0 0.6858534853086934 0.4030420746464693 0.6566893349393473 0.39748294951461843 0.5607526966942007 0.9007834648565856 0.5899168470635467 0.9063425899884365
0 0.718695024330257 0.18911147077821175 0.6967635640443743 0.1850912341093987 0.6629114587118733 0.36976347230189915 0.684842918997756 0.3737837089707122
0 0.705024419277378 0.37914121944907536 0.6625846846493806 0.37241942693491553 0.5795746322702416 0.8965243568335388 0.6220143668982391 0.9032461493476986
0 0.7207646436090509 0.41089130493366977 0.6977174605645922 0.40637766170786005 0.5986477014255064 0.912239281428451 0.6216948844699651 0.9167529246542607
0 0.7785842185629707 0.18297045134207374 0.7211068903270542 0.172123892076623 0.5835252368187009 0.9011869676943762 0.6410025650546174 0.912033526959827
0 0.7922421761444254 0.2798173171912749 0.7615691989681783 0.2739273803805863 0.6378307444226943 0.9183191479136535 0.6685037215989412 0.9242090847243422
0 0.6528946297178556 0.8580988854200617 0.6490364713672063 0.8574878131662393 0.642525877714316 0.8985940835171762 0.6463840360649653 0.8992051557709987
0 0.7628663408182612 0.2856660365213214 0.7554183634196647 0.28426052703050864 0.6478042674021871 0.8545216032791642 0.6552522448007836 0.8559271127699768
0 0.8395886462165982 0.14540399209836288 0.8122606164096473 0.14007787093023555 0.6812901567695617 0.8120799737537345 0.7086181865765127 0.8174060949218618
0 0.8591368378815762 0.10880265636565063 0.8191365010331444 0.10085789103511762 0.674603282462322 0.8285543286381462 0.7146036193107539 0.8364990939686792
0 0.8777865992222237 0.32479652744219534 0.8165983681189326 0.3120097347209483 0.7027709711645613 0.8567043444299941 0.7639592022678524 0.8694911371512412
0 0.9887549500355753 0.17206156936278488 0.853312189705823 0.14288526392871226 0.6934074709621797 0.8851977731437828 0.828850231291932 0.9143740785778555