0 0.7356181905641641 0.041854101224757426 0.22605461660917245 0.015197032458249233 0.21898929197560152 0.1502543451346509 0.7285528659305933 0.1769114139011591
0 0.65266541091866 0.10277594686613792 0.22655657526185488 0.07873645467630729 0.21991330726437766 0.1964908219070192 0.6460221429211829 0.2205303140968498
0 0.5974043093065038 0.1868023182903052 0.23086325794623783 0.1740024246542047 0.22977264876054043 0.20523339023201492 0.5963137001208064 0.21803328386811546
0 0.598913280460166 0.21812406310047372 0.23497181214663337 0.20541494648643085 0.23251794118901675 0.2756846140398896 0.5964594095025494 0.2883937306539324
0 0.5457427791650283 0.2468149640958564 0.22802986695395294 0.2404946907642877 0.22707203522806824 0.28864379620233566 0.5447849474391437 0.2949640695339043
0 0.5936553402304325 0.2941587564436799 0.23491303365284297 0.281631196992462 0.23279997785219547 0.34214118816857614 0.591542284429785 0.35466874761979406
0 0.524409517403811 0.33381534382989525 0.22759050261509364 0.32758046269460606 0.22655148942666492 0.3770439350928799 0.5233705042153823 0.3832788162281691
0 0.9156720670317883 0.3894393952751883 0.19558787547044398 0.36429350167455127 0.1914299276888058 0.4833615497004683 0.9115141192501502 0.5085074433011052
0 0.9168121067934283 0.5127013276376071 0.18373490390139458 0.4841541625560704 0.17871487237877742 0.6130661107834684 0.9117920752708113 0.6416132758650052
0 0.7458412763313976 0.6317068281411474 0.19992907256386444 0.6126431707570152 0.1972707148124057 0.6887686439156597 0.743182918579939 0.7078323012997918
0 0.7745643920613025 0.6848479440878877 0.20451338881134246 0.6798283645651304 0.20373557799893388 0.7681608298527087 0.7737865812488939 0.7731804093754661
0 0.7972893776452933 0.7722529243374354 0.18305554623182024 0.7615356754078954 0.1816856935535634 0.8400455490302694 0.7959195249670364 0.8507627979598095
0 0.8267497580535954 0.9253599428040115 0.8262794686722073 0.8290094407923758 0.17883391765377726 0.8321696398708832 0.1793042070351653 0.9285201418825189
0 0.800600129148825 0.9251955278633412 0.18864707665180439 0.9121359560812218 0.1871871927079097 0.9805440517418249 0.7991402452049303 0.9936036235239444