0 0.7753241191925383 0.03689222927094469 0.12719892002904137 -0.029541006928278168 0.12268132048381979 0.014532867422914977 0.7708065196473167 0.08096610362213782
0 0.777841849855579 0.20663167307559074 0.08248862208451543 0.12063167115750162 0.07274570146512915 0.19940807987270323 0.7680989292361927 0.28540808179079236
0 0.7562085427070186 0.07871271330256525 0.11125548039501014 0.007718388338260368 0.09762737267984307 0.13152391517204848 0.7425804349918516 0.20251824013635336
0 0.8209638061130894 0.2929182250000581 0.07467631526258993 0.19502863769546464 0.0676312567770508 0.24873852824499107 0.8139187476275502 0.3466281155495845
0 0.8108527866981687 0.346455562192933 0.0836246741557518 0.2442503142366809 0.06622803609181445 0.36803382356524306 0.7934561486342314 0.47023907152149513
0 0.705647552780282 0.3650366485937891 0.060327808172829234 0.27863067464821595 0.05022586195733354 0.3540766774434416 0.6955456065647863 0.4404826513890148
0 0.6561513051262466 0.39746777608057543 0.04963417360299331 0.3172364836534543 0.042655151621257055 0.3699951550539605 0.6491722831445104 0.45022644748108165
0 0.7935946684359132 0.5427190020872426 0.03958488282991536 0.4437734552326469 0.03139754676840081 0.5061646562990153 0.7854073323743986 0.6051102031536109
0 0.7260252209229063 0.4617641869630402 0.02930233226999559 0.367732693100986 0.019480600912265167 0.4405064496592903 0.716203489565176 0.5345379435213446
0 0.7793143997906019 0.6082862596290608 0.044349815653045174 0.5049937404306453 0.03320509627397113 0.584292552264606 0.7681696804115278 0.6875850714630215
0 0.7965367341452607 0.691571799625777 0.030626273614726605 0.583930104233748 0.021384309797402735 0.6496900937782573 0.7872947703279368 0.7573317891702862
0 0.7599435124105631 0.7512915371127772 0.03912145098678367 0.6379744104395513 0.031381310658655924 0.6872102503414874 0.7522033720824354 0.8005273770147132
0 0.7090482194898762 0.7937145310151015 0.03543531653876497 0.6823687180147718 0.0306896934718081 0.7110784902487319 0.7043025964229194 0.8224243032490616
0 0.7544773458163869 0.8239762112503953 0.03213135545879364 0.7097260207542351 0.019823011038754567 0.7875454379573451 0.7421690013963478 0.9017956284535054
0 0.741312934926968 0.9019290702881412 0.012331598181892955 0.7773592443161397 -0.0016575397722947249 0.8592235353367201 0.7273237969727804 0.9837933613087216