0 0.10866861207789558 0.5437327865587288 0.032697955397169916 0.037062973095367546 -0.008368391869998193 0.04322050860757759 0.06760226481072747 0.5498903220709389
0 0.1274927123121182 0.5377037269195656 0.06907914984601457 0.05079780236907181 0.04537750388115286 0.05364126248592308 0.1037910663472565 0.5405471870364168
0 0.19407201875897065 0.5387963654729881 0.13366612934089 0.033350693301896134 0.0659876257812805 0.041438961590835224 0.12639351519936115 0.5468846337619272
0 0.2048061214319477 0.5204977087968979 0.15300183891155478 0.06213198557256572 0.13599828368130282 0.06405371953819204 0.18780256620169572 0.5224194427625243
0 0.22398780616639086 0.5161633788897466 0.1778895142307691 0.10427398684288658 0.1557935525652337 0.10674694708688401 0.20189184450085546 0.5186363391337441
0 0.2706886514205766 0.5147707032929598 0.22916678223808068 0.09442135945947064 0.17631399585949356 0.09964212764701755 0.21783586504198946 0.5199914714805067
0 0.29547523209533544 0.5152794877817747 0.2589334342330344 0.09760410016381897 0.2297480394401837 0.100157486905456 0.26628983730248473 0.5178328745234116
0 0.29158399892674913 0.5156199207638866 0.25799262803271816 0.13166988852855105 0.244372707996049 0.13286148052513247 0.27796407889007996 0.516811512760468
0 0.2940164650538979 0.4761953966035617 0.2654184838261476 0.1493190118696151 0.2556900191465837 0.15017014233750575 0.284288000374334 0.47704652707145234
0 0.31104083339389876 0.5139176702460235 0.27427200500029614 0.0936480321510871 0.2587064616276208 0.09500984071693404 0.29547529002122347 0.5152794788118704
0 0.33244345804079084 0.5120451835655078 0.2954476560573472 0.08918128933860887 0.2740450305289771 0.09105377669632239 0.3110408325124209 0.5139176709232214
0 0.3420881624805988 0.5114774502883342 0.3176281075380459 0.11367193848558414 0.29585540001940114 0.11501068721166578 0.3203154549619541 0.5128161990144159
0 0.3663831646164927 0.5303005087499828 0.34049757639339584 0.12979863465344768 0.3169377745764968 0.13132137241797315 0.34282336279959363 0.5318232465145082
0 0.4289090481308002 0.5275252544519214 0.40498922341443977 0.14390142399289532 0.3363289535769663 0.14818254911884285 0.36024877829332674 0.531806379577869
0 0.4497928300739697 0.5233077959068546 0.42672110014604964 0.10699356548315342 0.40233611259716395 0.10834495778711332 0.42540784252508407 0.5246591882108145
0 0.47151205126720946 0.5214537754040393 0.45088491813192616 0.10746375710749878 0.4272979656575364 0.10863898159949688 0.4479250987928197 0.5226289998960374
0 0.49321433116705843 0.5197709876573936 0.4754045213039671 0.10754753993379482 0.4504062252001343 0.10862757286974038 0.4682160350632256 0.5208510205933391
0 0.5137244658208429 0.5179892830027455 0.4970509024869025 0.1057646227448981 0.47499844734348545 0.10665659511567438 0.4916720106774258 0.5188812553735217
0 0.5304947319278799 0.5188346623731515 0.5186571539291214 0.11954662774546469 0.4973677898733566 0.12017778742393856 0.509205367872115 0.5194658220516253
0 0.5514012497835226 0.5175419694483671 0.5421145454815085 0.11505286252800143 0.5173397031278759 0.11562449696757078 0.5266264074298899 0.5181136038879364
0 0.5662770800377717 0.5135784634486116 0.5597268454927056 0.10317165132461455 0.5401549525327979 0.10348402549967964 0.5467051870778639 0.5138908376236767
0 0.5835486140865968 0.5123578157654003 0.5811299731878665 0.10412560609000403 0.5594207846814828 0.10425422585580235 0.561839425580213 0.5124864355311985
0 0.600923198622651 0.09972020965689163 0.5806723487411357 0.09969714660149917 0.5802012615243402 0.5133421015344533 0.6004521114058554 0.5133651645898457
0 0.6267705173284907 0.14699528562584177 0.5995466687612974 0.1468262147309835 0.5972790557256363 0.5119579776141814 0.6245029042928297 0.5121270485090397
0 0.6406192370110952 0.1330043835107791 0.623439544514924 0.13293351264885173 0.6218843310177365 0.5099303336409712 0.6390640235139078 0.5100012045028985
0 0.6630403230008924 0.13384414677908618 0.6395961834266753 0.13347334333965638 0.6336241290772388 0.5110579631810761 0.6570682686514558 0.511428766620506
0 0.6855522635209791 0.13219935341795 0.6601938213284851 0.13178024486886925 0.654210154909111 0.4938259710361919 0.679568597101605 0.4942450795852726
0 0.7338356401869628 0.14083129697314611 0.6839077008609564 0.1398591138364103 0.676827867477843 0.5034546939625669 0.7267558068038492 0.5044268770993028
0 0.7721299249332373 0.13983440911594433 0.7316985528295094 0.13871781000910022 0.7217377470284767 0.4993925081402568 0.7621691191322046 0.500509107247101
0 0.7948475070983775 0.1491580580717931 0.7712274656786668 0.14807384939716006 0.7552956219131437 0.4951572277526905 0.7789156633328543 0.49624143642732355
0 0.8477849409006742 0.23982840355151747 0.8309807303252794 0.2395974994011897 0.8275119366339971 0.4920413794620762 0.844316147209392 0.49227228361240394
0 0.8408205838751162 0.10441376012568523 0.8044841402336859 0.10370622898932343 0.7969182380099067 0.4922657786998622 0.833254681651337 0.492973309836224
0 0.8637038475086927 0.194002164023285 0.836730038408267 0.19384667879138345 0.835003180282175 0.49342459282904894 0.8619769893826007 0.49358007806095044
0 0.8817205126706871 0.222521386252232 0.8604357263413357 0.22203300818111246 0.854241330903359 0.49200086942149246 0.8755261172327102 0.492489247492612
0 0.9345101029866989 0.1549261889189993 0.911244794112867 0.15440744800190037 0.9038119117932348 0.4877690496973611 0.9270772206670668 0.4882877906144601
0 0.909946994703188 0.2662018106853791 0.8846677045787896 0.26604481647928463 0.8832625562463216 0.4923025443783958 0.90854184637072 0.4924595385844904
0 0.890227573310588 0.2859578923917154 0.8784413060117178 0.28563238931185914 0.8727841449339031 0.4904747294990094 0.8845704122327733 0.49080023257886574
0 0.9073923191816557 0.9246996958993858 0.7732059182479899 0.5874912186262333 0.7252319296672463 0.6065816546619448 0.859418330600912 0.9437901319350972
0 0.8418015620721219 0.9406289528198293 0.7421634764785449 0.6624776019847476 0.7185099410850911 0.670950661623135 0.8181480266786683 0.9491020124582168
0 0.8039368173256507 0.9672020068369929 0.6868747902444384 0.6376087653886795 0.6680327336384411 0.6443009212441353 0.7850947607196532 0.9738941626924488
0 0.8639566602556435 0.9299334853523323 0.7439853578511212 0.5950195751239719 0.7052149010085905 0.6089077477562916 0.8251862034131129 0.9438216579846521
0 0.8213919154432278 0.9576501938920263 0.7152739283294205 0.659979477608669 0.6947635960062195 0.6672912992360993 0.8008815831200268 0.9649620155194565
0 0.7785871905956308 0.9463659683653335 0.6521561906263745 0.5944701332823383 0.6404829073412723 0.5986641723459487 0.7669139073105284 0.9505600074289438
0 0.7532851041368606 0.9052455506609617 0.6397210371764467 0.5888316534872798 0.6223798720246062 0.5950555686125822 0.7359439389850202 0.9114694657862643
0 0.7406439392455909 0.9183870875142421 0.6166948153430222 0.5714771895987312 0.6033289167503425 0.5762527564842188 0.7272780406529112 0.9231626543997299
0 0.7591937079447021 0.9526723577641116 0.6049668369211461 0.5447087440591413 0.5656159051061104 0.5595849998864151 0.7198427761296664 0.9675486135913856
0 0.6824819800848765 0.8783174465277813 0.5596395148993805 0.547009094981037 0.5373704253073476 0.5552660249683151 0.6602128904928437 0.8865743765150593
0 0.723845756706299 0.9548753858361458 0.5741482213163029 0.5588929307293262 0.5609579595641997 0.5638793882098885 0.7106554949541959 0.9598618433167079
0 0.7268536948036834 0.9420593049014571 0.5909479005504465 0.5737718604710468 0.5795376862074229 0.5779824689681314 0.7154434804606596 0.9462699133985417
0 0.6911968127726599 0.9399405953747628 0.5657681212900363 0.6000447642515521 0.5411799118702958 0.6091183293000766 0.6666086033529194 0.9490141604232873
0 0.6722937082599789 0.9564214198453511 0.5350957346480566 0.581704398699651 0.4881380637491487 0.5988973654700627 0.6253360373610709 0.9736143866157629
0 0.6245455475336774 0.9553965852164739 0.4934225634201052 0.608547829306137 0.4703396169382451 0.6172741250568354 0.6014626010518173 0.9641228809671724
0 0.5924290627924244 0.9369058496104097 0.466339474357744 0.5837295104985142 0.4311782316473809 0.5962826351878692 0.5572678200820612 0.9494589742997649
0 0.570209335284891 0.964318820714638 0.44536070256196536 0.6349972484072633 0.4176735186231916 0.6454936973173205 0.5425221513461173 0.9748152696246952
0 0.508615137906439 0.9833458932540893 0.4355550458438981 0.665457306334714 0.38627588572086613 0.6767830982111821 0.45933597778340696 0.9946716851305574
0 0.5438536953164433 0.9773769154672355 0.44749056229641637 0.7125506119560341 0.42596254167878567 0.720384076709836 0.5223256746988126 0.9852103802210372
0 0.4516882604278901 0.9693296986218108 0.41503499947356215 0.6507050757651374 0.37670130111656736 0.6551148261373033 0.4133545620708953 0.9737394489939767
0 0.4263836002258651 0.9768200564784429 0.38904941801857723 0.62202890612882 0.36044895419003786 0.6250384933937092 0.3977831363973257 0.9798296437433323
0 0.4139243714241655 0.9884279836970542 0.37637815849499556 0.6335548325187843 0.34579221584259695 0.6367908798547223 0.3833384287717668 0.991664031032992
0 0.37443056174857964 0.9921437291405428 0.3468188286597915 0.6310479555574228 0.31027453861188836 0.633842369827934 0.3378862717006765 0.9949381434110542
0 0.35878315281497214 0.9936901752528051 0.33610662114443157 0.619249172427732 0.2927446158385948 0.6218752200005063 0.3154211475091354 0.9963162228255793
0 0.3426333862783348 0.9903260656591272 0.3243499748682995 0.6128424508462763 0.2672841312005789 0.6156064338545322 0.28556754261061423 0.9930900486673829
0 0.31741713436386315 0.9954706877478356 0.27222446962449737 0.6857568496003603 0.2216135108698495 0.6931418734818169 0.2668061756092153 1.0028557116292922
0 0.30814641083639627 0.9962550273997559 0.2710562293660144 0.5723122666691615 0.16988020536048207 0.581164020817174 0.20697038683086394 1.0051067815477683
0 0.228090046875 0.9999999999999998 0.22267827492243147 0.5744765978865998 0.1457462834084014 0.5754550126855582 0.15115805536097 1.0009784147989582