0 0.7734136971626991 0.012223598770239841 0.7677740191203333 -0.02574983554605953 0.013165390446218315 0.086321926998908 0.01880506848858418 0.12429536131520738
0 0.7849735398122768 0.07334305243034826 0.7757112368894512 0.010748850655675457 0.018254806639932515 0.1228325694171778 0.027517109562758112 0.1854267711918506
0 0.8043846824576271 0.17715215752477043 0.7897062694242816 0.07270982135301156 0.008322870709988588 0.18252609590345586 0.02300128374333408 0.2869684320752147
0 0.6112447737411679 0.20626852106491156 0.6071674366231742 0.17725675998990703 0.029511061030106627 0.2584410691934103 0.03358839814810033 0.28745283026841484
0 0.7909608839479099 0.250042249713956 0.7814470964088771 0.18234813768050406 0.028430752922923706 0.28817768902766366 0.03794454046195633 0.3558718010611156
0 0.7438660019465 0.27046724099688474 0.738429552671897 0.2317848943429084 0.039568493188590736 0.3300034107597688 0.04500494246319366 0.3686857574137451
0 0.7594923012734269 0.3629424439266996 0.7461730047932807 0.26817070825464684 0.03699664984182628 0.3678389274903237 0.050315946321972414 0.4626106631623765
0 0.6458916662863192 0.3966588472761573 0.6377369922740905 0.3386353256086102 0.05492297146579926 0.42054449300935587 0.063077645478028 0.4785680146769029
0 0.7692779155679291 0.4325706577670319 0.7613950606380071 0.3764812629531266 0.07542812250675886 0.47288768484361243 0.08331097743668081 0.5289770796575177
0 0.7999315787556748 0.5012129080808918 0.7905062175175319 0.4308795588761787 0.05193160715896692 0.5298558280666064 0.06135696839710971 0.6001891772713195
0 0.8047193309949664 0.5163440752348369 0.8020011061415774 0.49700290062870156 0.11087651611497562 0.5941341284706076 0.11359474096836468 0.6134753030767433
0 0.8397701438000403 0.5601996754916577 0.8337936963313698 0.5146760043890637 0.07704921411204972 0.6140230810999373 0.08302566158072018 0.6595467522025313
0 0.7772237721577238 0.7139973231654342 0.7593361706159978 0.5721887043759238 0.07164906218409094 0.6589328887986664 0.08953666372581695 0.8007415075881766
0 0.8335164260392484 0.808416629798157 0.8212883675411604 0.7004015225667082 0.07130138230036309 0.7853052454198297 0.08352944079845111 0.8933203526512784
0 0.8939069947173996 0.8519226373877993 0.884612817321542 0.7705827293107645 0.08145370301918382 0.8623544495142903 0.0907478804150416 0.943694357591325
0 0.8905515139584473 0.8851521988679332 0.8870696619123286 0.851544547040435 0.10404404739536444 0.9326683146890409 0.1075258994414831 0.966275966516539
0 0.7954079058663324 0.9570271132016334 0.7890394836875111 0.8948965413471829 0.09069349158415208 0.9664774389932015 0.09706191376297339 1.0286080108476519