0 0.11320633749255057 0.31200711972845907 0.037365394159105766 0.30435742385166 -0.012777269356682951 0.8014839715648456 0.06306367397676187 0.8091336674416448
0 0.32830889075136926 0.35844708949783255 0.2525542932298287 0.35048496046077726 0.20306923315210829 0.8213038572747594 0.27882383067364885 0.8292659863118146
0 0.29431753470853195 0.4202618132206677 0.2768357036544279 0.41842439883236404 0.2363232114442942 0.8038750347404344 0.25380504249839825 0.8057124491287381
0 0.33918691206508017 0.38574535925402076 0.2964535482998205 0.381253901675992 0.24995934291961674 0.8236167108469366 0.2926927066848764 0.8281081684249653
0 0.38021650020173314 0.3901460884883738 0.33943263117864153 0.38471652459050837 0.2809645263776231 0.8238964611542166 0.32174839540071465 0.8293260250520819
0 0.39066228111413814 0.4565429993327815 0.361525896147762 0.453480641673611 0.32318856674879937 0.8182359420892737 0.3523249517151755 0.8212982997484444
0 0.44077598664793777 0.4095002734830432 0.3961001972702036 0.40480465895676876 0.3512373694801409 0.8316459667394624 0.3959131588578751 0.8363415812657369
0 0.48151897469835026 0.4165575101869545 0.4425510599799282 0.4118920512238623 0.3924160282775483 0.8306413436812248 0.4313839429959703 0.8353068026443171
0 0.5456269376839928 0.49134559424523944 0.5203146471210236 0.4883590329083627 0.48159441727753033 0.816528321233922 0.5069067078404996 0.8195148825707987
0 0.5301254613601605 0.4217655783376674 0.48058575040409435 0.4158739705804944 0.43077932929927465 0.8346723371697875 0.4803190402553407 0.8405639449269605
0 0.5928681283302409 0.4385632750215717 0.5287680834799213 0.43182608928548083 0.4868961125865473 0.8302113078877316 0.5509961574368669 0.8369484936238225
0 0.6154155859613345 0.4622176049781312 0.5886969439783165 0.4589676542091866 0.5425216764028657 0.8385858486162361 0.5692403183858837 0.8418357993851806
0 0.643682242917385 0.45959701970750383 0.5970640282853594 0.45469724786716137 0.5560077418172749 0.8453217171137339 0.6026259564493004 0.8502214889540763
0 0.6744500017865004 0.4471378742535979 0.6064651061685609 0.43999237559716065 0.5640493509748548 0.8435514311715903 0.6320342465927943 0.8506969298280275
0 0.7138047077587784 0.5070820178921762 0.6689653714118811 0.5013352186192394 0.6243192913943808 0.8496857531337547 0.6691586277412782 0.8554325524066917
0 0.7605367912555863 0.4499817914787722 0.6679748682400567 0.4492030646134945 0.6644982883583498 0.8624402774495481 0.7570602113738792 0.8632190043148258
0 0.8333003875634997 0.3932153732741973 0.7070427240508745 0.37994515975012266 0.6537511273590094 0.8869808959095554 0.7800087908716347 0.9002511094336301
0 0.8566676166762118 0.4644882804041738 0.8251460251526852 0.4598761766417132 0.7636875406131207 0.8799164326912804 0.7952091321366472 0.8845285364537409
0 0.8742087874703547 0.45244040203587377 0.827590572974775 0.4475406291947496 0.7827277342069728 0.8743819355925684 0.8293459487025524 0.8792817084336925
0 0.9094176212747234 0.483735078000535 0.8704840693678049 0.47784306726052195 0.8093473482989957 0.8818256477719096 0.8482809002059142 0.8877176585119226
0 0.9455844640736106 0.4551943163269865 0.8663580670232041 0.4516791657800239 0.846882547914452 0.8906291308123938 0.9261089449648587 0.8941442813593564
0 1.009012684239092 0.4404539180490124 0.8982944270617205 0.4288169616574754 0.8488093726674597 0.899635859186777 0.9595276298448313 0.911272815578314