0 0.1240302401277451 0.9738996841067596 0.01122876872808622 0.09748518280189356 -0.058690524870252815 0.10648434836268095 0.05411094652940607 0.9828988496675469
0 0.15959984352166073 0.9447107608266277 0.0504639510640494 0.07030994472638295 0.007636581577702493 0.07565532307512468 0.11677247403531385 0.9500561391753694
0 0.19107052851875833 0.9714657951730663 0.09243098541581936 0.02579092876698779 0.0434533526704092 0.030899588717559306 0.14209289577334822 0.9765744551236379
0 0.2469410536529694 0.9805243864487352 0.14391355470309872 0.05560322999711452 0.08679192231784294 0.06196604144275656 0.18981942126771362 0.9868871978943773
0 0.2938310000302983 0.9675474744613973 0.2299612295260142 0.05416725726981177 0.1461814356396553 0.06002571151230777 0.2100512061439394 0.9734059287038933
0 0.34806999316522963 0.9872223753961678 0.2861961007697093 0.1023852906931734 0.18488100959850434 0.10946993842951196 0.24675490199402467 0.9943070231325063
0 0.37129786951025423 0.9716652775039684 0.2976198424188973 0.2564403972843364 0.22852830759653364 0.26355777828604643 0.3022063346878906 0.9787826585056785
0 0.4570833867285546 0.9222340177598138 0.39448375999191587 0.027017610375992256 0.28147845672318383 0.034919710634137194 0.34407808345982255 0.9301361180179588
0 0.4864903455706414 0.9227852007406042 0.4364106432077676 0.20661207488421365 0.3760112562933698 0.21083561135935866 0.4260909586562436 0.9270087372157493
0 0.5506965097032499 0.8696083163359519 0.5070061780453646 0.048035196355775564 0.4257521080280985 0.0523561961320256 0.4694424396859837 0.8739293161122019
0 0.7305036247954148 0.8803367399892581 0.7151528565412314 0.23467523859692224 0.6845787319521259 0.2354021462724299 0.6999295002063093 0.8810636476647657
0 0.7671810796266063 0.9115289567956468 0.7444402699273576 0.0053304190814428415 0.7039435873013952 0.006346672490293873 0.7266843970006439 0.912545210204498
0 0.8240175136720828 0.9146550305712482 0.8117122255358356 0.1566005437046732 0.7468029186469428 0.15765419847201514 0.75910820678319 0.9157086853385902
0 0.8480272544319751 0.9166286355264592 0.8479685061449898 0.16836995223794532 0.8109493234444669 0.1683728587375528 0.8110080717314523 0.9166315420260667
0 0.876293204545034 0.9201561564903337 0.8754506527462456 0.41211181495269444 0.8440961021292027 0.4121638140221903 0.8449386539279912 0.9202081555598294
0 0.9449508268345068 0.8869411085081497 0.9421402571600623 -0.00010348728982561978 0.9091409258278071 0.000001069933518878588 0.9119514955022516 0.8870456657314941
0 0.9696662619773129 0.0000044144403910895484 0.9401277341460125 -0.00003383923793647704 0.9389910063480441 0.8777187629924287 0.9685295341793445 0.8777570166707562
0 1 0.2700029890625001 0.9691402312499999 0.2700029890625001 0.9691402312499999 0.8974007046875 1 0.8974007046875