0 0.13660977138433758 0.9370753114210937 0.0794453320277787 0.21621239777249263 0.04719143127071511 0.21877013256357442 0.104355870627274 0.9396330462121755
0 0.17217152671086494 0.941571363308021 0.13776140530867284 0.18174567888316853 0.07722766284639274 0.1844870621632465 0.11163778424858481 0.9443127465880989
0 0.19373788895677235 0.936302675361391 0.1454170017236524 0.3072339172500221 0.11840596924536469 0.3093087255084262 0.16672685647848462 0.9383774836197952
0 0.25382909251976704 0.9549728410324327 0.198278627651036 0.18030795051411636 0.13542839241404664 0.18481487967439864 0.19097885728277766 0.9594797701927149
0 0.3106358809380949 0.9388796717296215 0.25588667074917903 0.108764332154096 0.19277889072467386 0.11292652618713753 0.24752810091358973 0.943041865762663
0 0.4159178270283402 0.9437948281132442 0.37560592438266455 0.0336636223395733 0.2541169675831968 0.03904466077442366 0.2944288702288723 0.9491758665480946
0 0.4130394815192483 0.9066770384897275 0.38713978211899513 0.2768409257427672 0.3490428757836022 0.2784075212462592 0.3749425751838553 0.9082436339932194
0 0.4479991692410925 0.9526877660788845 0.41767953327282337 0.15683295985164908 0.3808622607174647 0.15823558542165073 0.41118189668573396 0.9540903916488862
0 0.5116584159937162 0.9440875990541452 0.4965413512583277 0.07803108713078839 0.4164754209857147 0.07942864241080377 0.4315924857211032 0.9454851543341606
0 0.5571002715666191 0.9172298678142028 0.5411796795735238 0.18112350659036414 0.49029141539131116 0.1822241237483722 0.5062120073844065 0.9183304849722109
0 0.61134487704899 0.9319024022710645 0.5941248613925928 0.07361163590450218 0.5427641147527366 0.07464209422459651 0.5599841304091338 0.9329328605911588
0 0.655713689624083 0.9155574786029843 0.640869002213889 0.06510558864516361 0.5940011397625541 0.06592366992158777 0.6088458271727482 0.9163755598794084
0 0.6733577138502775 0.9076246084045196 0.6660538954849637 0.07511129202371811 0.6396943602444666 0.07534254989527703 0.6469981786097805 0.9078558662760787
0 0.7844641124775935 0.9055054439186003 0.7693470491380436 0.03944893086765168 0.6580358789713397 0.04139187337134772 0.6731529423108896 0.9074483864222962
0 0.8228976306282512 0.1637119464129938 0.7708817205984271 0.16313934063002827 0.7627386611785348 0.9028605567850174 0.8147545712083589 0.903433162567983
0 0.8736163311573673 0.4174570605046303 0.8690766688367797 0.15738002822254857 0.820255980197605 0.1582321966694725 0.8247956425181927 0.41830922895155426
0 0.9999560529200929 0.9407674617736939 0.9846574815449669 0.06430786526082048 0.9045915949564474 0.06570541249010592 0.9198901663315734 0.9421650090029793