0 0.618136252102987 0.033462205779056634 0.6090977481331739 -0.012498198151964467 0.06864460510790857 0.09378650478631405 0.07768310907772173 0.13974690871733514
0 0.6468779833171101 0.07164617378420146 0.6393643816743297 0.03107645935583425 0.07017740169429947 0.1364911581794675 0.0776910033370798 0.1770608726078347
0 0.835224228083898 0.2457937550986716 0.8064110344360967 0.04077732644411598 0.028503703670255065 0.15010512377477295 0.057316897318056295 0.35512155242932864
0 0.7318891001966108 0.28982761626927483 0.7193421845538641 0.20660566776526262 0.0886295032208465 0.30169475123119993 0.10117641886359321 0.38491669973521214
0 0.7505446137966617 0.4095633043263174 0.7339634419781348 0.2915821471731105 0.097727973463879 0.38099921914483686 0.11430914528240595 0.4989803762980437
0 0.6208070901589335 0.4396306421790488 0.6153706393991872 0.40094829412492905 0.11823118517237678 0.47081670438404577 0.12366763593212307 0.5094990524381655
0 0.5065122178722912 0.4654100898310272 0.5027909778750417 0.44158668488336056 0.11963938068193111 0.5014353526794676 0.12336062067918063 0.5252587576271343
0 0.5885523631190019 0.5072084040349172 0.5796395123490224 0.4505859563034888 0.15283756104898724 0.5177681826586004 0.16175041181896682 0.5743906303900287
0 0.5922388917720532 0.568992025816278 0.5826430790208975 0.5070902466770308 0.1580120205025381 0.5729151742078098 0.16760783325369383 0.6348169533470569
0 0.7077586629911132 0.5885752863108165 0.6971640404689061 0.518752609083905 0.159366233695535 0.6003559646458526 0.1699608562177421 0.670178641872764
0 0.7702401155343701 0.603920429903551 0.761670751976047 0.5491739008819881 0.16272173830704834 0.6429261796612911 0.17129110186537153 0.6976727086828538
0 0.7636419364466579 0.632479813439393 0.7592979706135417 0.6035325985087294 0.1881139851656632 0.6892473632331387 0.19245795099877938 0.7181945781638022
0 0.427436817165397 0.7271532280225365 0.4247185920466358 0.7078120546017274 0.1980436071664622 0.7396691515983961 0.20076183228522343 0.7590103250192052
0 0.7156604312281115 0.6846737266239439 0.7129422064574253 0.6653325523868416 0.4476294405489941 0.7026198299549282 0.45034766531968035 0.7219610041920304
0 0.7350634295498395 0.7292824800690486 0.7282678678234242 0.6809295463240239 0.16930796233396556 0.7594862386723074 0.17610352406038077 0.807839172417332
0 0.8514038919184103 0.7721014782890628 0.8342790759775431 0.6502520861459551 0.15425412199556351 0.7458233644865238 0.1713789379364307 0.8676727566296316
0 0.7852601277788531 0.8247884138185704 0.7787363904823821 0.7783696034638597 0.18371455241999785 0.8619944557062971 0.19023828971646894 0.9084132660610076
0 0.7137653709543436 0.8587624459446994 0.7107967900801107 0.8354121370324321 0.19971833341910386 0.9003867691615717 0.2026869142933368 0.923737078073839