0 0.08447771595559637 0.8680693922921636 0.05442102543727232 0.3176649035022235 0.00662322103013043 0.32027506356410684 0.03667991154845448 0.8706795523540471
0 0.12142963837356399 0.873254675648402 0.09625635058491018 0.2949360932545291 0.055035765613167364 0.2967303597365347 0.08020905340182119 0.8750489421304076
0 0.294921875 0.13265949062500001 0.08789062500000003 0.132659490625 0.08789062500000007 0.918211765625 0.29492187500000006 0.918211765625
0 0.3305311659444952 0.8789257571208255 0.3241457247445156 0.24111728592427345 0.2399874933231097 0.2419598389202026 0.2463729345230893 0.8797683101167546
0 0.4453125 0.23930731562500002 0.326171875 0.239307315625 0.32617187500000006 0.881795434375 0.4453125000000001 0.881795434375
0 0.45703125 0.37196680625000006 0.41796875 0.37196680625000006 0.4179687500000001 0.8739919359374999 0.4570312500000001 0.8739919359374999
0 0.47259486967779285 0.8764892897617657 0.4666530428662493 0.488737173040413 0.44254358938779104 0.4891066209193859 0.44848541619933463 0.8768587376407385
0 0.5265914231975907 0.8453109412293213 0.5194623588597939 0.413312637868761 0.46215052859598826 0.4142584279843452 0.4692795929337851 0.8462567313449055
0 0.5872448747997436 0.8479202427276485 0.581157772799266 0.41826060433486545 0.5185229386462089 0.41914796863489334 0.5246100406466865 0.8488076070276763
0 0.6225899041652998 0.8505115142423844 0.6166276959780924 0.30659052751204174 0.5460100405460313 0.3073646053168152 0.5519722487332387 0.8512855920471578
0 0.6500015355680713 0.8530206493848314 0.6405192381576048 0.24685277145348605 0.585112874442814 0.24771949441638713 0.5945951718532804 0.8538873723477323
0 0.6732695431532462 0.8349158869260025 0.6678823946548815 0.257361435387852 0.6386123286399914 0.2576344524025408 0.6439994771383561 0.8351889039406913
0 0.7148437500000001 0.603470621875 0.6953125 0.603470621875 0.6953125000000001 0.832373271875 0.7148437500000002 0.832373271875
0 0.712890625 0.3121399765625001 0.693359375 0.3121399765625001 0.693359375 0.5800601234375 0.712890625 0.5800601234375
0 0.759765625 0.2991341453125001 0.7109375 0.2991341453125001 0.7109375000000001 0.8635872703125 0.7597656250000001 0.8635872703125
0 0.818359375 0.1898851531250001 0.6953125 0.1898851531250001 0.6953125000000001 0.8765931015625 0.818359375 0.8765931015625
0 0.861328125 0.26271781406250005 0.814453125 0.26271781406250005 0.814453125 0.8635872703125 0.861328125 0.8635872703125
0 0.8850213845091777 0.338245061616318 0.8614851726831366 0.33793501742485305 0.8546990994063328 0.8530824141723962 0.8782353112323739 0.8533924583638612