0 0.07471791363285349 0.8317877424731333 0.029433953708756417 0.32342012480195315 -0.008820962897912987 0.32682776535634545 0.03646299702618407 0.8351953830275255
0 0.10737997616535525 0.833642775732395 0.06603829224514875 0.31761131552652294 0.028310020190143215 0.3206339031368429 0.06965170411034968 0.8366653633427148
0 0.14976427027709 0.832845898155686 0.110426936470394 0.3192421255191489 0.06525544484084927 0.32270184707776617 0.10459277864754528 0.8363056197143033
0 0.1781363129306585 0.8299089358923182 0.1383669285731381 0.31972910551827755 0.10896606699958858 0.32202095261757097 0.148735451357109 0.8322007829916116
0 0.2025263206699779 0.8294351152521164 0.163550658036991 0.3194493623944178 0.13640980994874344 0.32152360178783834 0.17538547258173032 0.8315093546455369
0 0.22403218332136526 0.8318167228541962 0.18920179661549782 0.31635938722313306 0.16260313177321892 0.3181567072305826 0.19743351847908636 0.8336140428616456
0 0.26035121376264736 0.8352989800408105 0.22622584135719861 0.3178852127053034 0.18572383422513503 0.3205564715001116 0.2198492066305838 0.8379702388356186
0 0.2957361264439074 0.8380653604853177 0.26309442444417347 0.3200424147785469 0.22580175872510813 0.3223923031208801 0.258443460724842 0.8404152488276508
0 0.3560407787427319 0.833984736142552 0.3296893194282245 0.31081210290300454 0.2634172070445937 0.3141501346772394 0.28976866635910115 0.8373227679167867
0 0.3907273999736878 0.7742879731968461 0.36693289118702516 0.31329743126618775 0.3278564162190009 0.31531440437605757 0.35165092500566353 0.7763049463067159
0 0.41773872593766204 0.7713229273783603 0.39798380458124927 0.3157894929533157 0.36710992683569765 0.31712838705139806 0.38686484819211037 0.7726618214764427
0 0.46469085417810907 0.7782000167997634 0.45394163557263345 0.47406715051822357 0.4273163105276293 0.4750081913299248 0.4380655291331049 0.7791410576114646
0 0.4883821775623133 0.7883319188890361 0.4739539938808338 0.2941028118717136 0.4486064304017637 0.2948427911577599 0.46303461408324315 0.7890718981750824
0 0.5203985735885557 0.7877885876690165 0.5053932829803742 0.26744976875914855 0.47173284564422424 0.26842045290930594 0.4867381362524058 0.7887592718191738
0 0.5408993510028814 0.7822407423621838 0.5294499280570367 0.37385501780730046 0.508470128468254 0.37444320339844184 0.5199195514140988 0.7828289279533253
0 0.5718717840856693 0.7895149374144477 0.5590117712490408 0.3004077102348561 0.5262348555221761 0.301269508085244 0.5390948683588046 0.7903767352648357
0 0.6049863505883215 0.8071772932691477 0.5960886109790497 0.29742631426294835 0.558984887438604 0.2980739623974177 0.5678826270478758 0.807824941403617
0 0.6505823317565131 0.8454048525706392 0.6405496785095643 0.270634616633964 0.5956346443531814 0.2714186115854971 0.6056672976001302 0.8461888475221724
0 0.6864772150374685 0.84752952437745 0.6820286439959002 0.26996279107018567 0.6406357368784183 0.2702816101387195 0.6450843079199866 0.8478483434459838
0 0.7625738233723762 0.8694515534434171 0.7517353453069056 0.37513543560006984 0.6778489870463738 0.3767554832668102 0.6886874651118443 0.8710716011101575
0 0.7909135217212298 0.8273459884231619 0.7814710367272698 0.28638576376935637 0.7053107632579698 0.2877151447600382 0.7147532482519298 0.8286753694138437
0 0.8325845493043813 0.3610461807011017 0.7809545060883518 0.3610018588691271 0.7805389359923955 0.8450951613704442 0.8321689792084248 0.8451394832024188
0 0.8869652540143141 0.8464818995126515 0.8767056191336424 0.2587078097562208 0.7810170701723749 0.26037805958810895 0.7912767050530466 0.8481521493445398
0 0.9243220189432206 0.2554040899113653 0.8790433938607958 0.2546257571512367 0.8685237739447489 0.8665927082912056 0.9138023990271738 0.8673710410513342
0 0.9699885778541528 0.25197784148878033 0.9243938116661591 0.250972526401982 0.9107674738164118 0.8689774647705807 0.9563622400044055 0.8699827798573792