0 0.685157928733766 0.09867719592490906 0.6755306395061587 0.04265800536193849 0.06225554690440242 0.1480536141386843 0.07188283613200983 0.20407280470165484
0 0.6580180747631191 0.10377968611774954 0.6493296133472255 0.06700794235690959 0.047356868698689374 0.20924261578755207 0.05604533011458292 0.24601435954839204
0 0.7061560145510857 0.1617161875134049 0.6940334344869218 0.09526182219050332 0.05074845811913892 0.21260962307913478 0.06287103818330282 0.2790639884020364
0 0.650666930668003 0.1858803121693186 0.6419630362253885 0.14687881678714035 0.05574592885832543 0.27770384728864334 0.06444982330093989 0.3167053426708216
0 0.6660249301916801 0.24470097661167448 0.6516953458348802 0.18049119960052573 0.052180390499008224 0.3142839103921692 0.06650997485580819 0.3784936874033179
0 0.7100320311175159 0.2815573021449045 0.7003436719256878 0.23604066019302197 0.06196536930534376 0.371921472810825 0.07165372849717179 0.41743811476270765
0 0.6801492839381923 0.33110465945238954 0.6705664132026893 0.2861976778825726 0.06658760023256874 0.41508300237664575 0.07617047096807172 0.4599899839464626
0 0.6827543283981268 0.36653300046178205 0.6758878051573595 0.33333749425646897 0.07459253972473182 0.4577160137199153 0.08145906296549912 0.4909115199252284
0 0.6788711038589423 0.4038099480307166 0.6714201334951235 0.3664331372102422 0.11376988453030204 0.4775992690230983 0.12122085489412082 0.5149760798435727
0 0.7358764129950177 0.44525632543710403 0.7254484879042622 0.3944098653188334 0.09419589724414418 0.5238712813827556 0.10462382233489968 0.5747177415010263
0 0.7535934289244726 0.4794316550204899 0.7459208206301282 0.44086708289906157 0.10711662229849081 0.567960270271882 0.11478923059283519 0.6065248423933103
0 0.7656678729559904 0.5346239777811937 0.7550433945967323 0.4789256948176871 0.10474214812744405 0.6029710181652355 0.11536662648670201 0.6586693011287421
0 0.7639288448833035 0.5944263086585041 0.7531776571538352 0.5373945777206541 0.10368955048137955 0.6598311309878511 0.11444073821084785 0.716862861925701
0 0.7920239776511016 0.639520705521422 0.781812520905005 0.5835758932594033 0.12610579131983268 0.7032602864418115 0.13631724806592932 0.7592050987038304
0 0.7066490064988402 0.7200040706966193 0.6961757621773101 0.6562286760129747 0.10580269942093701 0.7531801940360099 0.11627594374246715 0.8169555887196545
0 0.754194305216876 0.7543827484490878 0.74350054262451 0.6868649906064653 0.11406080030696461 0.786558454750125 0.12475456289933051 0.8540762125927474
0 0.7959674744481255 0.7853384760108229 0.7834404948459106 0.7062462459188621 0.12060191186762677 0.8112295723325393 0.1331288914698417 0.8903218024245001
0 0.8509337312363389 0.8506194390173565 0.8410785224341748 0.7764247518123201 0.13362291272722976 0.8703953986951193 0.14347812152939382 0.9445900859001558
0 0.8118585680973862 0.919540993204533 0.8038931315203388 0.8571854177529634 0.14243831624644437 0.9416810918204563 0.15040375282349178 1.0040366672720258
0 0.7839995177233788 0.9601526441078718 0.7798062491940524 0.9246543253464685 0.16447887605084952 0.9973403848293744 0.16867214458017601 1.0328387035907778