0 0.07795938682068407 0.7687110055783586 0.049099217397751665 0.19998066157035077 -0.0018528652612371924 0.20256622035665842 0.027007304161695205 0.7712965643646662
0 0.10609395351706585 0.7547007613778016 0.07455064013223203 0.2066551752723996 0.04480094680133937 0.20836744871028579 0.0763442601861732 0.7564130348156877
0 0.14236718409745752 0.7581734570419192 0.11402463061748178 0.20719084651764605 0.07331905687769329 0.20928474182144755 0.10166161035766903 0.7602673523457206
0 0.19636613720210094 0.21315515352383146 0.11434738020117344 0.211723512885724 0.1047233119687414 0.7630868178277197 0.1867420689696689 0.7645184584658271
0 0.2268109533860471 0.7693109331846116 0.2133067339593596 0.2509854043451694 0.1577565989677488 0.25243268249446 0.17126081839443627 0.7707582113339023
0 0.24519281003321974 0.7519914181049365 0.21771561595631458 0.33490211064569986 0.20131521124223745 0.33598254376927617 0.22879240531914263 0.7530718512285128
0 0.2917714682566291 0.7744951560612784 0.26042763587886864 0.13782836203119797 0.2038080979829684 0.14061580645543398 0.23515193036072884 0.7772826004855145
0 0.2933421239942848 0.7787142907241968 0.27010564071705345 0.30198396069557637 0.2504684705126874 0.302941103021802 0.2737049537899187 0.7796714330504225
0 0.313980292624741 0.7920809132758003 0.3028399284019433 0.15384914096728008 0.26081154978615384 0.1545827482018118 0.2719519140089515 0.792814520510332
0 0.33757714187560384 0.7874826027209335 0.31967673105987393 0.23795430437430726 0.28900226276639074 0.23895349874820843 0.30690267358212064 0.7884817970948347
0 0.37700967288094966 0.7928171179473479 0.3635318468430347 0.12144459605660292 0.32850499071888456 0.12214776137556305 0.3419828167567996 0.793520283266308
0 0.4028138361336893 0.2292017098669664 0.3626284697655492 0.22917080922758726 0.3622122411276799 0.7704638258691523 0.40239760749582 0.7704947265085316
0 0.4434033936220743 0.276794398437976 0.4030448756769827 0.2766571364642341 0.4013800892265066 0.7661467744511217 0.4417386071715982 0.7662840364248635
0 0.472441938452204 0.2882162676282699 0.443149525278706 0.2877049666214574 0.4346603577868674 0.7740490151500772 0.4639527709603654 0.7745603161568897
0 0.5436516624979193 0.2374279840656998 0.47334987083901253 0.23620086099014417 0.4636803861161078 0.7901649367865888 0.5339821777750146 0.7913920598621444
0 0.581865636851913 0.2046672980442687 0.5443365153021819 0.20323967640010615 0.5216906496876386 0.7985510789150247 0.5592197712373698 0.7999787005591873
0 0.6663272469382397 0.1699631786675068 0.6102496805217874 0.16660965745472922 0.5719774602647961 0.8065975499389145 0.6280550266812485 0.8099510711516921
0 0.7628248911860291 0.2595057695326284 0.6787576137936895 0.25346451493476885 0.6398291739150959 0.7951745026059123 0.7238964513074355 0.8012157572037719
0 0.7881475734090346 0.42494650215601854 0.7551150937440128 0.4223001166890251 0.7249075111658547 0.7993545442044969 0.7579399908308766 0.8020009296714903
0 0.8271700505646404 0.3050493748269578 0.7581082313803619 0.3001352892272018 0.7232640824397067 0.7898297125170767 0.7923259016239853 0.7947437981168327
0 0.8670492886079482 0.28729947653036214 0.7889361885617565 0.28593600886415826 0.7799476692129611 0.8008885292377512 0.8580607692591526 0.8022519969039552
0 1.0045248287367832 0.4080288524926091 0.8590415069503436 0.39474956544904666 0.8111583858967638 0.9193406436842348 0.9566417076832033 0.9326199307277973