0 0.8803584510130543 0.06056805347851513 0.8704616084810534 -0.03961719525112105 0.005708575712294622 0.045807801970561106 0.015605418244295621 0.14599305070019727
0 0.7689685612385737 0.12457889160266902 0.7577813139298362 0.03346625547119434 0.011647544952754734 0.12508014519448366 0.022834792261492348 0.21619278132595837
0 0.7539917771545989 0.16338072268721765 0.7449659081422201 0.10088001551088968 0.0026620517526367406 0.20807780058960906 0.011687920765015486 0.27057850776593706
0 0.8358012578993481 0.22066588034337192 0.827470343313746 0.1528160459297522 0.04002812442861632 0.24950182155947426 0.048359039014218445 0.31735165597309395
0 0.7798841685925196 0.23019349964413985 0.7740227553903865 0.18783266425391823 0.016022882251912736 0.292716111964553 0.021884295454045903 0.3350769473547746
0 0.8866307429513463 0.2931365119459795 0.8771097004471983 0.21559384235196127 0.007050591119962835 0.3224236665558042 0.0165716336241107 0.3999663361498224
0 0.8674776957805778 0.35058640312408157 0.8603369143244315 0.29242940223451486 0.018677357134856392 0.39577219616193926 0.02581813859100258 0.4539291970515059
0 0.9176423862499583 0.4667661983256763 0.9050406139292736 0.34892230235282934 -0.005717743917702506 0.44631529305463624 0.006884028402982101 0.5641591890274833
0 0.9269225603036549 0.5157010171124953 0.9221148178000009 0.4675377548554027 0.004857092669674989 0.5591000524500711 0.009664835173328912 0.6072633147071637
0 0.8984754585002876 0.5891214696633998 0.8918456308584887 0.5190768959396527 0.010373159221303852 0.6025096337987426 0.017002986863102844 0.6725542075224897
0 0.8066363400270922 0.62485765393465 0.8031020929665329 0.5898876325819492 0.059771603351037705 0.665012367893118 0.06330585041159688 0.6999823892458188
0 0.932093721421062 0.6634027507817669 0.922572678311011 0.5858600821450419 0.024114012780858264 0.696176941720599 0.03363505589090933 0.773719610357324
0 0.8994712849401674 0.7183669826425683 0.8944326214182524 0.6681950741165463 0.03443316623288218 0.7545630838457736 0.03947182975479725 0.8047349923717956
0 0.9084148315997476 0.7493301012395126 0.9053675309012166 0.7189869515189173 0.03540417196174155 0.8063555989996136 0.03845147266027261 0.8366987487202089
0 0.9188968303164264 0.8166928650131704 0.9123061498927709 0.7490657907236017 0.04139443722363463 0.8339415721427905 0.04798511764729004 0.9015686464323591
0 0.9142669578503199 0.8836602410482621 0.9085409932419692 0.8161770059782112 0.05601814355497699 0.8885137227946294 0.06174410816332774 0.9559969578646802
0 0.9121663589354634 0.9288398115774708 0.9088258893171135 0.8848174035692805 0.061114179153832236 0.9491427174501827 0.06445464877218225 0.9931651254583731
0 0.8124070385035662 0.9730316949076698 0.8097813785589629 0.9348118836206117 0.0863665267204525 0.9845097061853885 0.08899218666505575 1.0227295174724467