0 0.6990510997797065 0.10538358954382257 0.6913847167161584 0.04906253638813701 0.0748049606970674 0.1329909491932905 0.08247134376061546 0.18931200234897602
0 0.6717497024808923 0.1095358001165889 0.6643498483979854 0.07248323239548851 0.057779892381485155 0.193622722629556 0.06517974646439206 0.23067529035065637
0 0.7178363638824158 0.1691170028684666 0.7080403923211201 0.10228004623649753 0.0610519090471399 0.19710603925016318 0.07084788060843564 0.2639429958821322
0 0.6615377660812518 0.19132985619567963 0.6542003072201658 0.1520483671345266 0.06377458209843662 0.2623350332500404 0.07111204095952266 0.3016165223111934
0 0.6748336000274824 0.2506506846383157 0.6627536348759839 0.18597992764446164 0.05893458728587092 0.2987683561669973 0.07101455243736941 0.36343911316085137
0 0.7175276247043677 0.28902038339291014 0.7094336752220407 0.2431933502254325 0.06670208489174032 0.3567123075582651 0.0747960343740674 0.4025393407257427
0 0.6859339045392419 0.33749466487831603 0.6779241024162111 0.29228060159853875 0.0698151829190175 0.40000885606402603 0.07782498504204814 0.44522291934380337
0 0.6873009309445124 0.37299234512012924 0.6815970969109362 0.3395774169246824 0.07632737438782358 0.4428952520739139 0.08203120842139984 0.47631018026936073
0 0.6821191248295719 0.4101110556983447 0.6759771250958438 0.3724969780263867 0.11478693910553828 0.4641336785985496 0.1209289388392664 0.5017477562705077
0 0.7376432515162031 0.4535216415750753 0.7289961946248094 0.4023422271167794 0.09361000606007328 0.5096943838125574 0.10225706295146708 0.5608737982708533
0 0.7541567709947182 0.48829446852726166 0.7478347206573107 0.4494856179769539 0.10498417787861732 0.5542074387278249 0.11130622821602484 0.5930162892781325
0 0.7642976764500572 0.5438745611363177 0.7556235123160023 0.487839418618651 0.10138929122641953 0.5891139895552262 0.11006345536047431 0.6451491320728928
0 0.760472635432351 0.6035797700908583 0.7517183756416531 0.5462075698676314 0.09835294519788104 0.6459027304874316 0.10710720498857895 0.7032749307106585
0 0.7869768825356968 0.6496272023207198 0.7787240921080263 0.593360096045652 0.11923987554540463 0.6900877472428031 0.12749266597307515 0.746354853517871
0 0.6988450913672898 0.7270819978425209 0.6906039565021401 0.662979941886219 0.09720697229747016 0.7392686740095294 0.10544810716261985 0.8033707299658314
0 0.7451616267748242 0.7630990386983831 0.7368307142990351 0.6952492040564039 0.10429515862083442 0.7729148075171287 0.11262607109662352 0.840764642159108
0 0.7858290103229648 0.7954937719401955 0.7760699415347816 0.7160125375918382 0.10997127573894845 0.7977991725442811 0.11973034452713176 0.8772804068926383
0 0.8384835111008633 0.8626532605430016 0.8312236628804841 0.7881598312132823 0.12091948667168277 0.8573833930223765 0.1281793348920618 0.931876822352096
0 0.7970268234994833 0.9301691265035089 0.7912424167797083 0.8675735462850336 0.1272416857900442 0.928933314448642 0.13302609250981937 0.9915288946671174
0 0.7677674169615809 0.9697837682297615 0.7648155760841651 0.9341607340814454 0.13353768122239887 0.9864704808397835 0.13648952209981483 1.0220935149880996