0 0.16087954086167316 0.9567264571701901 0.002633554563142515 0.25473783177322123 -0.053652518735202784 0.2674261359162281 0.10459346756332788 0.9694147613131969
0 0.19488894886493216 0.9338435301210024 0.053557394407182844 0.23340800665830833 -0.00000238967884061414 0.24421512207112656 0.1413291647789087 0.9446506455338207
0 0.2416970184698771 0.9825153606652967 0.09068294153649528 0.29100831386099274 0.05345892498409033 0.2991374436007294 0.20447300191747214 0.9906444904050333
0 0.47641917665399125 0.13585262344254398 0.44619990250014474 -0.002583333806145527 -0.027272498569905528 0.10077126117464116 0.0029467755839409525 0.23920721842333065
0 0.3149955348406422 0.9823353935719913 0.156427261688144 0.21727103521855304 0.07844840297064064 0.23343303889083084 0.2370166761231388 0.998497397244269
0 0.3749663160482797 0.9220585801940503 0.218296765374726 0.16465575836406093 0.14748765164027672 0.17930269617921848 0.3041572023138305 0.9367055180092081
0 0.5964848758460647 0.9081934596936012 0.4205062285934645 0.049200558564601704 0.2011480302106916 0.09413964824093277 0.3771266774632919 0.9531325493699322
0 0.6550796585391636 0.9172977560604971 0.5362613352073866 0.1671083498325754 0.44366555228017523 0.1817740803583165 0.5624838756119523 0.9319634865862382
0 0.730404204840033 0.8684972546591034 0.6010061601849712 0.051510161324253366 0.49104866859191515 0.06892571724110216 0.6204467132469769 0.8859128105759522
0 0.7667914459714877 0.8501504089748494 0.6455451262791939 -0.009784903346180308 0.5430143484359384 0.004671392715356481 0.6642606681282323 0.8646067050363861
0 0.7690988604839037 0.7626274165873397 0.6768151930276987 0.06325137706993414 0.6549218492440858 0.06614023505629787 0.7472055167002909 0.7655162745737034
0 0.8360429435093277 0.7492538124153076 0.7782913663621562 0.3500555578322168 0.7468829110770481 0.3545993848846817 0.8046344882242196 0.7537976394677725
0 0.8990178571827059 0.7469822244279289 0.8135663157651415 0.20746244570122369 0.7441194795983681 0.21846174439427476 0.8295710210159326 0.75798152312098
0 0.9117687227482207 0.7295127492645742 0.8427264422917397 0.22416154649461442 0.8176301078736656 0.22759026725321735 0.8866723883301468 0.7329414700231771
0 0.9248500815885861 0.7143161377721573 0.84535037597011 0.10278948166712214 0.811791684801254 0.10715217958426278 0.8912913904197299 0.718678835689298
0 1.0462457162657657 0.7526331162426896 0.9290550373140609 0.012720276524756513 0.8113812315723814 0.031357976061036366 0.9285719105240862 0.7712708157789694