0 0.1726627950746255 0.2899387662770259 0.03579959616748341 0.2792167680215969 -0.004075957753911652 0.788216651985671 0.13278724115323043 0.7989386502411
0 0.21484375000000006 0.361562140625 0.09570312500000006 0.361562140625 0.09570312500000008 0.7881534421875 0.21484375000000008 0.7881534421875
0 0.21484375000000008 0.41358546875 0.18359375000000006 0.41358546875 0.18359375000000008 0.7803499421875 0.21484375000000008 0.7803499421875
0 0.2851562500000001 0.41098430312499995 0.21484375000000008 0.41098430312499995 0.21484375000000008 0.775147609375 0.2851562500000001 0.775147609375
0 0.29842096770975973 0.780117479587374 0.2932339961712902 0.46234973940319896 0.24497070080816696 0.4631375485724248 0.2501576723466365 0.7809052887565998
0 0.3515625000000001 0.41358546875 0.2910156250000001 0.41358546875 0.2910156250000001 0.77254644375 0.3515625000000001 0.77254644375
0 0.3859156006274872 0.77761550179058 0.3825893565111178 0.4808133608913721 0.33324270909192155 0.4813663858633058 0.336568953208291 0.7781685267625138
0 0.4941406250000001 0.08843965937500006 0.375 0.08843965937500005 0.37500000000000006 0.8089627734375 0.49414062500000017 0.8089627734375
0 0.6272961141165136 0.08371295811520732 0.4982183216703847 0.08283186717677964 0.49321017867027883 0.8165132779308012 0.6222879711164078 0.8173943688692289
0 0.6992187500000001 0.24971198125000008 0.6230468750000001 0.24971198125000008 0.6230468750000002 0.795956940625 0.6992187500000002 0.795956940625
0 0.7728511862743026 0.7873500431269501 0.7635488466577649 0.21746385492451736 0.6753844979581823 0.21890297510439272 0.6846868375747202 0.7887891633068256
0 0.85101942963018 0.8062457966849668 0.8397151864229718 0.19200343478652507 0.7612912270809666 0.1934467144504907 0.7725954702881748 0.8076890763489322
0 0.9332293020738776 0.8059325938737691 0.9138066338239863 0.15925619077321876 0.8176433805085548 0.1621444157927506 0.837066048758446 0.8088208188933012
0 0.9914789059602305 0.7958107396279961 0.98040156833666 0.1835708840529049 0.9119704685398562 0.18480901709749312 0.9230478061634265 0.7970488726725844