0 0.8252333536703317 0.1408191765815435 0.08037487713174041 0.1148081455036843 0.07748476253504848 0.19757019938267567 0.8223432390736397 0.22358123046053485
0 0.8646570852335331 0.6425928190398784 0.09760597568862517 0.6074559551327902 0.0948013368103765 0.6686822890800109 0.8618524463552845 0.7038191529870992
0 0.8378708798476181 0.7797115876647798 0.10530928079144189 0.7313625281226384 0.10054860350245812 0.803494011142875 0.8331102025586343 0.8518430706850163
0 0.7906116171875001 0.012970514062500046 0.0972842301930462 -0.011241012471046228 0.09292179293926231 0.11368284220216185 0.7862491799337162 0.1378943687357081
0 0.8388311421885545 0.6916292718448028 0.10178040691800586 0.6658908927104019 0.09981731020209575 0.7221066268214468 0.8368680454726445 0.7478450059558477
0 0.8646041499820198 0.4908439232005918 0.08851471002212345 0.46374228254794386 0.08627896095503014 0.5277657586027705 0.8623684009149264 0.5548673992554185
0 0.8722582498047899 0.22688775233860475 0.080553328005627 0.19924080858456672 0.07859023137187075 0.2554565437030352 0.8702951531710337 0.28310348745707326
0 0.7891442037648363 0.413163088264591 0.08020133500302797 0.38840625735273365 0.07796558591043236 0.45242973358761784 0.7869084546722407 0.47718656449947516
0 0.8476341360257329 0.5825283044924334 0.09183149153356931 0.5497563256772766 0.09023310423618258 0.5866190782471291 0.8460357487283462 0.6193910570622859
0 0.7597325804525564 0.31520196156797314 0.07733603107479711 0.2913721499899997 0.07586370858976971 0.33353395139856257 0.758260257967529 0.357363762976536
0 0.7067291687908975 0.3555642568393886 0.07586370847395313 0.3335339498540132 0.07406420316561158 0.38506504043043144 0.704929663482556 0.4070953474158068
0 0.8122104578792083 0.7376032296898294 0.10639068616241185 0.7129554529343722 0.1050819546185433 0.7504326099492473 0.8109017263353397 0.7750803867047045
0 0.83536600311415 0.6117721933910607 0.11080765239339081 0.5864700566141914 0.10982610396674072 0.6145779241606308 0.8343844546874999 0.6398800609375002
0 0.8499535667779969 0.5560136140775385 0.11290943415200724 0.5265851074546473 0.1118151143539962 0.553992613947454 0.848859246979986 0.5834211205703453
0 0.8526570694831248 0.47479219889495405 0.11872942968750007 0.4491628796874999 0.11812959450981571 0.4663399109094697 0.8520572343054404 0.49196923011692384
0 0.8672930711799991 0.28417124097098245 0.09521724178570286 0.25720975904528026 0.09065031550033817 0.3879894175696971 0.8627261448946344 0.4149508994953994
0 0.8313100989196549 0.8510302991738129 0.09329189361706888 0.8002926331466194 0.08780423337667954 0.880114853580485 0.8258224386792655 0.9308525196076787