0 0.0977705246455893 0.8531124839188662 0.09567462717601284 0.35346791138380607 0.019449536878362584 0.35378765862545525 0.021545434347939034 0.8534322311605154
0 0.3144531250000001 0.3771691390625 0.23828125000000008 0.3771691390625 0.23828125000000008 0.8505814375 0.3144531250000001 0.8505814375
0 0.2871093750000001 0.4421983 0.2695312500000001 0.4421983 0.2695312500000001 0.8297721046875 0.2871093750000001 0.8297721046875
0 0.3281250000000001 0.403180803125 0.2851562500000001 0.403180803125 0.2851562500000001 0.8479802703124999 0.3281250000000001 0.8479802703124999
0 0.36938982617058347 0.40326866507850057 0.3282618315596113 0.4021319200318696 0.3160208247659765 0.8450175635045156 0.35714881937694865 0.8461543085511465
0 0.3867187500000001 0.468209965625 0.3574218750000001 0.468209965625 0.3574218750000001 0.8349744390625 0.3867187500000001 0.8349744390625
0 0.431640625 0.4161866359375 0.3867187500000001 0.4161866359375 0.3867187500000001 0.8453791046875001 0.4316406250000001 0.8453791046875001
0 0.4728981003822274 0.418946409474101 0.43365598208513345 0.4183797645680268 0.42756681483291 0.8400756433821973 0.46680893313000393 0.8406422882882717
0 0.5444723574307565 0.48662369067274647 0.5189865487791333 0.4862993448616054 0.5147814638876194 0.8167182534083967 0.5402672725392426 0.8170425992195378
0 0.5217827077587418 0.41904518628901577 0.4718985392493586 0.4183641630392114 0.46614131103779927 0.8400744972090258 0.5160254795471825 0.8407555204588301
0 0.5859375 0.42919246875 0.521484375 0.42919246875 0.5214843750000001 0.8297721046875 0.5859375000000001 0.8297721046875
0 0.6108339908041369 0.45036036749795844 0.5839220037577246 0.44992107900765255 0.5776805973932528 0.8322863149261229 0.6045925844396651 0.8327256034164288
0 0.638671875 0.44479946718749996 0.591796875 0.44479946718749996 0.5917968750000001 0.8375756046875 0.6386718750000001 0.8375756046875
0 0.66796875 0.42919246875 0.599609375 0.42919246875 0.5996093750000001 0.8349744390625 0.6679687500000001 0.8349744390625
0 0.7133737346532558 0.4846945443523011 0.6681793297122527 0.4836662140741921 0.6601903754093741 0.8347752337204895 0.7053847803503773 0.8358035639985986
0 0.755859375 0.43179363437500007 0.662109375 0.43179363437499996 0.6621093750000001 0.840176771875 0.7558593750000001 0.840176771875
0 0.8203125 0.3589609734375001 0.693359375 0.3589609734375001 0.6933593750000001 0.868789603125 0.8203125 0.868789603125
0 0.8510017690183671 0.4274008997478374 0.8191707591680195 0.42610896499595075 0.8019551122473079 0.8502723570813995 0.8337861220976555 0.851564291833286
0 0.8671875 0.4135854687500002 0.8203125 0.4135854687500002 0.8203125 0.8427779375 0.8671875 0.8427779375
0 0.9054746410258347 0.4410283834643298 0.8661384879216415 0.4392383141825021 0.8475643593272857 0.8473983633949796 0.8869005124314789 0.8491884326768074
0 0.939453125 0.4135854687500002 0.859375 0.4135854687500002 0.859375 0.8505814375 0.939453125 0.8505814375
0 1 0.3875738046875001 0.888671875 0.3875738046875001 0.888671875 0.860986103125 1 0.860986103125