0 0.09963034399225737 0.10946969921969063 0.061491167706946126 0.10508896182548091 -0.02549760310648247 0.8624226630605898 0.01264157317882877 0.8668034004547996
0 0.16163761402396226 0.1143097548338056 0.09877899827853505 0.10705588113495801 0.010999408682177114 0.867712010784054 0.07385802442760434 0.8749658844829016
0 0.2669334842387664 0.12242780376739029 0.16225088127050005 0.10957439603149277 0.06608835031932876 0.892755343436658 0.1707709532875951 0.9056087511725555
0 0.24506944376132916 0.3165225000220414 0.2159909421574183 0.3129521089936028 0.14490049224402524 0.8919373644919062 0.1739789938479361 0.8955077555203449
0 0.33386557192511557 0.15425954235180528 0.2660157366881813 0.1459286294296694 0.17334424914201157 0.900677265015835 0.24119408437894588 0.9090081779379708
0 0.34140555027493236 0.20503608157457434 0.3026342159243542 0.20027555999034927 0.21662745990795082 0.900744328994656 0.255398794258529 0.905504850578881
0 0.4347741148510978 0.21387657574556146 0.3397843410458733 0.20221329882739023 0.2525081239823649 0.9130210911487839 0.3474978977875893 0.9246843680669551
0 0.4379396533025671 0.3323328127609891 0.37978265069466977 0.32519203054709606 0.30805746214642094 0.9093467985411093 0.3662144647543183 0.9164875807550024
0 0.5045625185382786 0.22244551547674768 0.44834408245269486 0.2155427582742795 0.3639241579694106 0.9030877478642803 0.4201425940549942 0.9099905050667484
0 0.5787995829186128 0.21060226415723812 0.5084233227635396 0.2015028539940113 0.412869882772795 0.9405280908909204 0.48324614292786816 0.9496275010541471
0 0.5946543301839055 0.2098938873884714 0.5752686619718659 0.20751362665291487 0.49021401693423633 0.9002281280357891 0.509599685146276 0.9026083887713459
0 0.6460874052931832 0.18738806563480076 0.6005680968105009 0.1813784773762336 0.500670118451515 0.9380504319375953 0.5461894269341974 0.9440600201961626
0 0.7784563333176913 0.2876089818012687 0.6368500737247988 0.2681843066966446 0.5426520007602079 0.9548900920715898 0.6842582603531002 0.974314767176214
0 0.8842279915794101 0.25767196806461096 0.7767285548867439 0.2415269983394428 0.6646283364883809 0.9879334974586845 0.7721277731810472 1.0040784671838527
0 0.9418817945898358 0.2105993404795547 0.8609079675106843 0.1985245114637449 0.7421247638500325 0.9950849083465299 0.8230985909291839 1.0071597373623395
0 0.9731106256244603 0.22244093097414405 0.9397469584279943 0.2171058416932409 0.8154445601066929 0.9944468815441023 0.8488082273031589 0.9997819708250055
0 1.0177911979064258 0.33336461034078047 0.9561671617322863 0.3234583290816331 0.8476582848695792 0.9984598536777802 0.9092823210437186 1.0083661349369275