0 0.14920513878983527 0.3512610490756939 0.0077863217836413425 0.3495438721266705 0.0015879359917056856 0.860014494587619 0.1430067529978996 0.8617316715366423
0 0.2634314920571569 0.8292141252509113 0.19669806334244816 0.40787484199191154 0.07902427079770444 0.42651249567953825 0.14575769951241319 0.847851778938538
0 0.26221089045329415 0.8215066346887643 0.20483628601765097 0.45925763989853613 0.1739710242345899 0.46414621712324644 0.23134562867023306 0.8263952119134744
0 0.3308438998573614 0.8053690536453164 0.27387621076042207 0.445689201340298 0.2044293736203488 0.4566884991925627 0.2613970627172882 0.8163683514975812
0 0.34472276805325874 0.8082026771879661 0.28988983090003134 0.4951586061384886 0.24234397732192298 0.5034867587605931 0.29717691447515043 0.8165308298100706
0 0.3960256638213247 0.7924116868531852 0.33987180157175045 0.4378701157359507 0.28007035859351287 0.4473417327898936 0.3362242208430871 0.8018833039071283
0 0.43074880040306135 0.7920443269274757 0.38103342526025896 0.4994166511832033 0.33238082857049805 0.507682383704746 0.3820962037133005 0.8003100594490187
0 0.5425451902023247 0.8060755368471367 0.4298305417797052 0.09442325757349615 0.3121567361165521 0.11306095750106701 0.4248713845391716 0.8247132367747076
0 0.6704338213730183 0.7943566636085042 0.5606072468249589 0.06892464322226251 0.43298078363046744 0.08824661534429817 0.5428073581785269 0.8136786357305399
0 0.7430639019778563 0.7611485409151802 0.6576123589379356 0.22162876312207488 0.5823782865471471 0.23354467026688264 0.6678298295870678 0.7730644480599881
0 0.814443385000842 0.7411289580728038 0.7161057328690111 0.17971422162030196 0.6292519616037353 0.19492756639103528 0.7275896137355662 0.7563423028435372
0 0.8946051948815532 0.7475638652861132 0.7873514507391443 0.1426522204780731 0.7101188000008476 0.15634594092935317 0.8173725441432564 0.7612575857373932
0 0.9757539338028574 0.7343940607320368 0.8554079114281763 0.09871769293585135 0.7608804061545019 0.11661360639276919 0.881226428529183 0.7522899741889546
0 1.0317288574443517 0.7148262078608375 0.9248630704641408 0.11231406388474466 0.8573923395018861 0.12428114676348831 0.9642581264820969 0.7267932907395811