0 0.12772745784156286 0.0001425786814334612 0.0862407022125131 -0.0016488457922549347 0.06602710552469786 0.46646831934000516 0.10751386115374764 0.4682597438136936
0 0.16100628917987864 0.0002323068402395573 0.1371975513129589 -0.0014989625978601192 0.10333377255266059 0.46420199298089193 0.12714251041958033 0.4659332624189916
0 0.22738155979411195 0.000123914422212415 0.1594031860546204 -0.004850089418684846 0.1243117049828335 0.4747357516207771 0.1922900787223251 0.4797097554616744
0 0.24292632791812788 0.003966485065933873 0.22586849073783424 0.0026084800129367648 0.1892606801523124 0.46243745569804595 0.20631851733260603 0.463795460751043
0 0.25931567337232736 0.05008300969258994 0.23715381379611822 0.04829442646290688 0.20381294937416197 0.4614122189179751 0.22597480895037111 0.46320080214765813
0 0.31153080401039984 0.05019556592564933 0.2586529023012182 0.04523562673316017 0.21920546112578626 0.4657847173977996 0.272083362834968 0.47074465659028875
0 0.34014326007752665 0.05899957447370826 0.31100687666752835 0.055937216762634044 0.2671811349783779 0.472911239250266 0.2963175183883762 0.47597359696134023
0 0.3327196855413989 0.09225997186386577 0.3191227065392771 0.09083086977749502 0.27883563877056455 0.4741361771676484 0.2924326177726864 0.47556527925401915
0 0.3366414938785821 0.11100174657030773 0.3269293653781692 0.10998096080475565 0.2926309658132956 0.4363084578897147 0.30234309431370854 0.4373292436552667
0 0.3559548736865572 0.058042929289287074 0.3404154689460101 0.056409672025300936 0.2963175231250522 0.475973597102325 0.3118569278655993 0.47760685436631123
0 0.3775937642091269 0.057698758292437535 0.35622705885913575 0.05545302830072009 0.3118569280433455 0.47760685577689144 0.3332236333933366 0.4798525857686088
0 0.3946936613191106 0.08597167668079755 0.3730655350213154 0.0831314004428704 0.32117131993088954 0.4782953014442025 0.3427994462286847 0.4811355776821298
0 0.414065836667728 0.10616577963654909 0.3906483426999 0.1031651182313702 0.33963897850451397 0.5012478463547653 0.36305647247234196 0.5042485077599441
0 0.4746816503146077 0.13231504576453532 0.40646598600741335 0.12341651779903318 0.35674746024901394 0.5045562159751903 0.42496312455620827 0.5134547439406925
0 0.5030566037772333 0.1002319276966032 0.47886177743119485 0.09690561582428026 0.42207311372584666 0.5099732743944155 0.44626794007188514 0.5132995862667384
0 0.5266867470624689 0.10530415334612195 0.5033089092959487 0.10195718284788194 0.4445640439483055 0.5122768831366706 0.46794188171482565 0.5156238536349107
0 0.5507398705490629 0.11006495855485406 0.5259947822837787 0.10635524788765975 0.4648214275124172 0.5144032600108666 0.4895665157777015 0.518112970678061
0 0.5723287402011918 0.11244512282455417 0.5505112494064518 0.10911290007632161 0.48822230833655456 0.51694529937418 0.5100397991312946 0.5202775221224125
0 0.5909082942283362 0.13009657972123492 0.5698896447049094 0.1266539411939016 0.505321987118391 0.5208646474834456 0.5263406366418178 0.5243072860107789
0 0.6147921594969417 0.13016125950800547 0.5903634280651282 0.12599512857427703 0.5226809654758069 0.5228613643069575 0.5471096969076203 0.5270274952406859
0 0.634347912221817 0.12185892548056558 0.6150760077452999 0.11843106769252243 0.543196588716683 0.522547394273808 0.5624684931932 0.5259752520618513
0 0.655175782565028 0.12687926357736537 0.6338409102092011 0.12286321161933851 0.5583207366297223 0.5240565428927922 0.5796556089855491 0.5280725948508191
0 0.675445938839265 0.12633153065780858 0.6555715567221618 0.12244484745201711 0.5761819472955962 0.5284000926647137 0.5960563294126994 0.5322867758705051
0 0.6917978589179808 0.17766993106687848 0.6651064496616595 0.17230941198540917 0.5932100827835519 0.5302999952145621 0.6199014920398733 0.5356605142960313
0 0.7081498876355722 0.16661543369807041 0.6912294414487332 0.16321724755948042 0.6169958222350249 0.5328456045514313 0.6339162684218638 0.5362437906900213
0 0.7299106432845273 0.17168102058972567 0.7069679911030246 0.16684367719268484 0.6290591193084805 0.5363514835909131 0.6520017714899832 0.5411888269879539
0 0.7523228193248972 0.17436192859065314 0.7275102508453666 0.16911190068796622 0.6525549361800025 0.5233640899167629 0.6773675046595332 0.5286141178194498
0 0.798072038916916 0.19204817869413598 0.7492469194148079 0.18156716020117508 0.6729198723502549 0.5371315737810846 0.7217449918523631 0.5476125922740455
0 0.835852966804876 0.1983765035998992 0.7963774895170731 0.1895657494415845 0.7177797106166632 0.5417132251405719 0.7572551879044662 0.5505239792988866
0 0.8563741263322081 0.21186356915440335 0.8333949279147556 0.20629236392675634 0.7515291657035683 0.5439589040339827 0.7745083641210209 0.5495301092616297
0 0.8910382324190346 0.31096898318833077 0.8745868221526545 0.30753592709357924 0.8230131969049159 0.5546798258408824 0.8394646071712961 0.558112881935634
0 0.9100401623362184 0.17671342635155649 0.8745063251441477 0.169085574621346 0.7929387755277466 0.549062549887665 0.8284726127198173 0.5566904016178754
0 0.916362533215384 0.2693080500625998 0.889705661402324 0.2633583525339777 0.8243890366400395 0.5560012785270908 0.8510459084530995 0.5619509760557129
0 0.9276526481932473 0.3004551571747773 0.9068521116950204 0.29591442340546936 0.8492592257978288 0.5597402687435332 0.8700597622960557 0.5642810025128412
0 0.9923701167166306 0.24417460244987788 0.9696312377445612 0.2392261620252004 0.898726524977293 0.5650447116684136 0.9214654039493624 0.569993152093091
0 0.9470259114385134 0.34871891548547873 0.922241029016073 0.3437412897632594 0.8776896871628377 0.5655739126270902 0.9024745695852783 0.5705515383493095
0 0.9238991532175828 0.36434937987901483 0.9123915429948326 0.36178093152604995 0.8677525564955909 0.5617803034343468 0.8792601667183411 0.5643487517873117
0 0.8187203349392702 0.993834323128412 0.7514922501066946 0.6380139074028174 0.7007570469091997 0.6475997276475713 0.7679851317417753 1.0034201433731658
0 0.7513776281108699 0.9973075225036293 0.706712064389119 0.7056994001425964 0.6818763745492931 0.7095034782942364 0.7265419382710439 1.0011116006552694
0 0.7066636748046662 0.9997071464783783 0.657184383869404 0.6707378962952435 0.6374115856420461 0.6737118643349647 0.6868908765773083 1.0026811145180994
0 0.7752345807521032 0.9914805989108979 0.7213720677168695 0.6398283990071361 0.6806639461412993 0.6460636556886075 0.7345264591765329 0.9977158555923692
0 0.7263424671255558 0.9985564632861473 0.6807932174945952 0.6981164064738724 0.6592645572817653 0.7013803331574805 0.7048138069127259 1.0018203899697553
0 0.6882981172658436 0.991321908596975 0.6313349007574047 0.6217672206875964 0.6190758291188936 0.6236568358779419 0.6760390456273323 0.9932115237873207
0 0.6713070463141345 0.9461291245209482 0.6202040901434028 0.6138595966038614 0.601993952101403 0.6166603105063879 0.6530969082721348 0.9489298384234747
0 0.6563906128177874 0.9566171660910288 0.6009123120143347 0.592430373152552 0.5868807617544363 0.5945678657282065 0.6423590625578891 0.9587546586666831
0 0.6680576458353297 0.9938119794667107 0.594507467844502 0.5639159338686576 0.5530410019710063 0.571010360479173 0.626591179961834 1.0009064060772261
0 0.6069429001560416 0.9061858926192035 0.5495740121796981 0.5575251609273885 0.5261385710451616 0.5613812452951337 0.583507459021505 0.9100419769869486
0 0.6329387527349768 0.9892298293639316 0.5615486097498245 0.5719590490291336 0.5476492359817697 0.5743370690762344 0.6190393789669221 0.9916078494110323
0 0.6383368591795191 0.977223156217617 0.5752005970916222 0.589770140552766 0.5631965980577331 0.5917262167696615 0.62633286014563 0.9791792324345125
0 0.6037393652255166 0.9683397190744267 0.5454703342483727 0.6107558089024655 0.5196025621061805 0.6149710153851572 0.5778715930833245 0.9725549255571184
0 0.5820388724499557 0.9809108636560555 0.5188609953537345 0.58689984069739 0.46948549582293647 0.594816977678729 0.5326633729191576 0.9888280006373946
0 0.5353635291717671 0.9707940783062277 0.4728315080740183 0.6052984652823288 0.4485076038744366 0.6094600005686316 0.5110396249721856 0.9749556135925307
0 0.5073653137356563 0.9465149568138822 0.45098156914487786 0.5757684316888145 0.41407108852737223 0.5813818386146333 0.4704548331181506 0.952128363739701
0 0.4803231850857642 0.9691845489093429 0.4206058911761093 0.6220912990082155 0.3914245811747767 0.6271119350088139 0.45114187508443154 0.9742051849099415
0 0.41342027908645457 0.6507216257157931 0.36553135939505343 0.6506250839664525 0.3648729329505042 0.9772333269400815 0.4127618526419054 0.9773298686894221
0 0.4519601706245321 0.9769738365576606 0.40789873867393567 0.6986261851471965 0.3852715528367766 0.7022079872710711 0.42933298478737303 0.9805556386815351
0 0.38784016263036636 0.6317241128870211 0.3493693412952964 0.628738429056358 0.324552733419237 0.9485027918925771 0.363023554754307 0.9514884757232401
0 0.36780367888224824 0.598616522685287 0.3391544308526283 0.5961135897559228 0.3081053370841206 0.9515099242053878 0.33675458511374046 0.9540128571347521
0 0.3531659756833763 0.607512895291181 0.32252451695243767 0.6048534145331731 0.2916679121517599 0.9603707010297506 0.3223093708826985 0.9630301817877587
0 0.32462806901290936 0.5994118891782908 0.2882220006706616 0.595181982966937 0.24642610749004135 0.9549119787466633 0.2828321758322891 0.9591418849580172
0 0.316363989077815 0.5857858987718828 0.27329759266417614 0.5800898377978491 0.22411078087351907 0.9519781909169701 0.26717717728715795 0.9576742518910037
0 0.30604580488940486 0.5772536116097567 0.2495010305627635 0.5690781365461549 0.19542125544890374 0.9431149546710117 0.2519660297755451 0.9512904297346134
0 0.24096527110880692 0.6388823534635677 0.18987504874277494 0.6364746671605165 0.17514120899544153 0.9491213554117308 0.2262314313614735 0.9515290417147819
0 0.2614647402990327 0.5272991563937486 0.16045860971735382 0.516682983986046 0.11445519620199145 0.9543762141152279 0.21546132678367033 0.9649923865229306
0 0.21355367879415388 0.520176701377548 0.13778590637494453 0.5065990171747832 0.05988498417674264 0.9413108027941582 0.135652756595952 0.954888486996923