0 0.16406250000000003 0.06502916250000002 0.052734375 0.0650291625 0.052734375000000056 0.9078071 0.16406250000000008 0.9078071
0 0.14843750000000008 0.21329565156250002 0.07812500000000003 0.21329565156250002 0.07812500000000007 0.9130094328125 0.14843750000000014 0.9130094328125
0 0.17578125000000006 0.231503815625 0.14062500000000006 0.231503815625 0.14062500000000006 0.8974024343749999 0.17578125000000006 0.8974024343749999
0 0.19168673892799346 0.9180867029610005 0.18052667648929258 0.45733555243062546 0.1549620376484729 0.4579547651343983 0.16612210008717382 0.9187059156647732
0 0.2421875 0.08583849375000002 0.203125 0.08583849375000002 0.20312500000000006 0.8922001015625 0.24218750000000006 0.8922001015625
0 0.25746403233599724 0.8842732796796243 0.2438627722925522 0.1687655189657463 0.22359715226708698 0.16915075303732785 0.23719841231053201 0.8846585137512057
0 0.2826613962617045 0.8921157068953438 0.2713575871182031 0.04907032323383249 0.24049678490600948 0.049484114264520394 0.25180059404951083 0.8925294979260316
0 0.33203125 0.05462449531250004 0.26953125 0.054624495312500035 0.26953125000000006 0.8869977671875 0.33203125000000006 0.8869977671875
0 0.33007812500000006 0.21849798437499998 0.3046875 0.21849798437499998 0.30468750000000006 0.9078071 0.3300781250000001 0.9078071
0 0.359375 0.2549143140625 0.328125 0.2549143140625 0.32812500000000006 0.9026047671875 0.35937500000000006 0.9026047671875
0 0.36914062500000006 0.3043364781250001 0.35546875000000006 0.30433647812500003 0.3554687500000001 0.8974024343749999 0.3691406250000001 0.8974024343749999
0 0.38085937500000006 0.3459551406250001 0.3671875 0.3459551406250001 0.36718750000000006 0.881795434375 0.3808593750000001 0.881795434375
0 0.3964843750000001 0.3823714718750001 0.3789062500000001 0.3823714718750001 0.3789062500000001 0.8948012671875001 0.3964843750000001 0.8948012671875001
0 0.4375000000000001 0.3433539750000001 0.39453125 0.3433539750000001 0.39453125000000006 0.9130094328125 0.43750000000000017 0.9130094328125
0 0.470703125 0.3459551406250001 0.435546875 0.3459551406250001 0.4355468750000001 0.910408265625 0.4707031250000001 0.910408265625
0 0.509765625 0.29653297812500007 0.46484375 0.29653297812500007 0.4648437500000001 0.8948012671875001 0.5097656250000001 0.8948012671875001
0 0.57421875 0.23410498281250008 0.4609375 0.23410498281250008 0.4609375000000001 0.8739919359374999 0.5742187500000001 0.8739919359374999
0 0.6296088184449585 0.17179828179935322 0.5614623981938612 0.1707018082596182 0.5490701346367313 0.9408876537207324 0.6172165548878286 0.9419841272604674
0 0.646484375 0.1014454921875001 0.611328125 0.1014454921875001 0.6113281250000001 0.8583849359375 0.6464843750000001 0.8583849359375
0 0.6683977595753564 0.375161896650779 0.6387230296869624 0.3742334917554994 0.6227010760313152 0.8863453401883465 0.6523758059197092 0.887273745083626
0 0.6673688448675694 0.15872758540212933 0.6450784947288817 0.15818768072898437 0.6405322671726632 0.3458819332124299 0.662822617311351 0.34642183788557485
0 0.68359375 0.34855630781250013 0.640625 0.34855630781250013 0.6406250000000001 0.8791942687500001 0.6835937500000001 0.8791942687500001
0 0.704106993648736 0.3774531815456482 0.6806374699921915 0.37660048258336754 0.6619216177375632 0.891732031550591 0.6853911413941077 0.8925847305128716
0 0.7255600378154436 0.1432934380551608 0.6670935742361859 0.14157185279744205 0.6452563688362464 0.8831814643249883 0.7037228324155043 0.884903049582707
0 0.7542000291937709 0.23681138271953328 0.7229832993762546 0.23579227178653736 0.7015733554531827 0.891607466399288 0.732790085270699 0.8926265773322839
0 0.7070312500000002 0.8297721046875 0.7031250000000002 0.8297721046875 0.7031250000000002 0.8713907687500001 0.7070312500000002 0.8713907687500001
0 0.7261008012778911 0.24718348725307746 0.7185246495512893 0.24696040225144955 0.7014439487183969 0.8270351726858859 0.7090201004449987 0.8272582576875138
0 0.77993670949123 0.09664628968349134 0.7521119443545569 0.09566078762051108 0.7278782375294656 0.7798777224486625 0.7557030026661387 0.7808632245116428
0 0.7935185202232015 0.057437565695029634 0.7527678181121635 0.055848044758671576 0.723850844029559 0.7971953084774974 0.7646015461405968 0.7987848294138555
0 0.8457275581000161 0.2678547282877481 0.783292359780311 0.26479731034631093 0.7560753767017047 0.8205923533289082 0.8185105750214097 0.8236497712703453
0 0.9314366926133933 0.09964091618228796 0.7930972770606894 0.09201173528812076 0.7512845114209488 0.8501997559269145 0.8896239269736528 0.8578289368210816