0 0.8603118652255384 0.0602077704637373 0.8601782359836359 0.035159729235463025 0.10948388261803776 0.03916462193052463 0.10961751185994024 0.06421266315879892
0 0.8569500671181182 0.059658170269755076 0.11210805973442887 0.055332811207306785 0.11192625053514556 0.086640993256442 0.8567682579188348 0.0909663523188903
0 0.8555056934113086 0.1093349786328945 0.8555051550162667 0.08461148614541696 0.10993313796471875 0.08462772221229493 0.10993367635976081 0.10935121469977249
0 0.854311789115662 0.10623172178405556 0.10640573907400434 0.10241997252142647 0.10626544131848488 0.1299478955118043 0.8541714913601425 0.1337596447744334
0 0.8531144122776564 0.13045730761996333 0.11068369613336118 0.12230841698549415 0.11041495026138479 0.14679336826809836 0.8528456664056799 0.15494225890256752
0 0.8494665682569067 0.1528406802180123 0.10684561887717162 0.1432891439582558 0.10645063545719365 0.17399865019435234 0.8490715848369289 0.18355018645410887
0 0.7347198983105464 0.20719551115207877 0.13207631134677117 0.17561230698537209 0.12676094207485003 0.27703562005898086 0.7294045290386253 0.30861882422568754
0 0.6587577904638421 0.26363866448238504 0.08332366884210911 0.2465948960760692 0.08202734048677224 0.29036171751505313 0.6574614621085052 0.30740548592136896
0 0.734533557925898 0.30932048407102836 0.08155844721800849 0.2865226086973317 0.0804016653770541 0.3196550711869533 0.7333767760849437 0.34245294656064995
0 0.7744429415262832 0.34248380727745475 0.08529548462052114 0.3170021861587929 0.08394035609237727 0.35365147839188593 0.7730878129981393 0.37913309951054774
0 0.7283222589525573 0.37897109701663495 0.08411704141488413 0.3452097663808297 0.0800282989490028 0.4232276993261371 0.7242335164866759 0.45698902996194224
0 0.6307198514649195 0.45208818619578783 0.12158992484400984 0.42540581856031023 0.11934111427011704 0.46831568241167343 0.6284710408910267 0.49499805004715103
0 0.7352841318066943 0.5026016478986254 0.07300229666118159 0.46021673785434797 0.07048268688171422 0.4995866878401573 0.732764522027227 0.5419715978844347
0 0.7110278502987702 0.5463306960697623 0.09329615904779334 0.501022971834678 0.0863923354165033 0.595150644761425 0.7041240266674802 0.6404583689965092
0 0.666047853227894 0.6337249414458175 0.11559466608366128 0.5910437248929157 0.11364248861864815 0.6162206620628234 0.6640956757628809 0.6589018786157252
0 0.6626246792627901 0.6568272918136714 0.11203470570761354 0.610670636420384 0.10897014512185173 0.6472269318775766 0.6595601186770284 0.693383587270864
0 0.6319748717420375 0.687846130881999 0.11539597498119589 0.645191001500214 0.1132946121781413 0.6706397504368371 0.629873508938983 0.713294879818622
0 0.6624084025483229 0.6923571672078774 0.10652164549803045 0.6632243777274773 0.10396617896553839 0.7119855855909836 0.6598529360158308 0.7411183750713837
0 0.663100238540428 0.7410881849434541 0.10261157529025744 0.6924977006081726 0.10068043609066561 0.7147732889941751 0.6611690993408361 0.7633637733294565
0 0.692864088675299 0.7076439186068766 0.08762289810966686 0.6759246078429241 0.08312528191007143 0.7617443346209726 0.6883664724757037 0.7934636453849251
0 0.7003283988122491 0.7883560013234139 0.07954530896488131 0.7398405082567708 0.07537035659959222 0.7932613778690741 0.69615344644696 0.8417768709357171
0 0.7317319388683404 0.8232868292441895 0.07186596930546343 0.7823318753150981 0.06712900417986013 0.8586538287179429 0.7269949737427371 0.8996087826470343
0 0.5727034746284428 0.8837374802805364 0.09032514864012522 0.8296943927738252 0.08334443717883629 0.8920028963078961 0.5657227631671539 0.9460459838146074