0 0.21234493864309104 0.015036739134947907 0.0009765625000000013 0.010416667187499996 -0.02056032635914558 0.9957297266186333 0.19080804978394544 1.0003497985660814
0 0.24609374999999994 0.99609375 0.20813568306814106 0.09841876307873214 0.1294906002190504 0.10174425990346343 0.1674486671509093 0.9994192468247313
0 0.4017814429371521 0.995565321015893 0.3895761269911827 0.01608832456108116 0.21085744725824274 0.018315347716787993 0.2230627632042121 0.9977923441715999
0 0.4456312672441388 0.9968753543591216 0.4393480244161081 0.10884370133078225 0.3491955506316572 0.10948157260755904 0.35547879345968797 0.9975132256358984
0 0.5139300513081273 0.10984328376838355 0.4395165505575783 0.10932811337888908 0.433369195885664 0.9972793443129342 0.507782696636213 0.9977945147024287
0 0.623046875 0.15625000000000006 0.515625 0.15625000000000006 0.515625 0.55078125 0.623046875 0.55078125
0 0.6896677210030522 0.11305355309137115 0.6161963725935922 0.11109257403990085 0.5925616129674267 0.9966082340699668 0.6660329613768868 0.9985692131214371
0 0.8449878470922447 0.9951972533532242 0.7488351181438416 0.024512562027941054 0.63873472703302 0.03541873285581128 0.7348874559814232 1.0061034241810944
0 0.8649233166861281 0.9553993145254818 0.804224908944603 0.167876382692378 0.7619089725287372 0.17113788767046928 0.8226073802702623 0.9586608195035732
0 0.9049611379065196 0.9928154461550209 0.8485876245983436 0.16600391011863805 0.8038736142587848 0.16905259261407446 0.8602471275669608 0.9958641286504575
0 0.8847656250000002 0.001302082812500127 0.8293776940086206 -0.003313578103448178 0.8059401940086206 0.27793642189655177 0.8613281250000002 0.2825520828125001
0 0.9208984375000002 1.2212453270876723e-16 0.8289810765967619 -0.009038146660497593 0.7791763890967618 0.49747227052700255 0.87109375 0.5065104171875002