0 0.9450837264453444 0.1563961029497171 0.9284928364631824 -0.03531734861635025 -0.016590889982161898 0.04647023593393265 0 0.2381836875
0 0.8630185981638092 0.16137075392352193 0.8501334645752004 0.08371715610872905 -0.01288513358860872 0.22691863343520718 1.1102230246251566e-17 0.30457223125000005
0 0.9648503273523443 0.33272716901371646 0.9429519289742148 0.15437903297221983 -0.01880405899444628 0.27246782399938885 0.0030943393836833644 0.4508159600408854
0 0.8808490630236715 0.3921301529850437 0.8692291234097533 0.3027273989953299 -0.010651099601219672 0.4170880266337666 0.0009688400126985575 0.5064907806234804
0 0.8888025851675783 0.46637991364921805 0.8804064910380811 0.3923754667314556 -0.0018806455834085357 0.4924743953343606 0.006515448546088642 0.566478842252123
0 0.856183381129971 0.580237114319117 0.8430919469658769 0.47361594444132643 0.4515014742285195 0.5216972110322259 0.4645929083926136 0.6283183809100165
0 0.9071768873878225 0.6410970570306509 0.9001693446545123 0.5679343703561559 0.018373831759307624 0.6523929929071022 0.025381374492617802 0.7255556795815972
0 1.0022685998235266 0.689032995928921 0.9780258595189352 0.5810824049364005 0.02629457465455438 0.7948151336467125 0.05053731495914571 0.902765724639233
0 0.866723707901239 0.7614815761324829 0.8583294981588901 0.7198785326709853 0.08407391776986665 0.876099404876751 0.09246812751221553 0.9177024483382485
0 0.8739886794690538 0.8052854212642219 0.865513454300839 0.7612762430312153 0.05173504788668948 0.9179925351390781 0.06021027305490421 0.9620017133720846
0 1.0021249192087773 0.822673835594985 0.9999999999999998 0.768260784375 0.7577369948537225 0.7777215534675149 0.7598619140624999 0.8321346046875
0 1.0022075269330946 0.8579225265686559 1 0.7665656484375001 0.5365555355669055 0.7777642156188445 0.5387630625 0.8691210937500001