0 0.03157019604090351 0.7685103252534121 0.021545432678488043 0.18304802058146522 -0.005942689292289987 0.18351869463824957 0.00408207407012548 0.7689809993101965
0 0.09226148070373826 0.9442185174844075 0.08650419678431875 0.20029915397482143 0.02002808568277919 0.20081362081658352 0.025785369602198693 0.9447329843261697
0 0.20829784942448168 0.19138086148951888 0.08146970749139 0.18979946955537552 0.0722357556264695 0.9303653801573437 0.19906389755956116 0.931946772091487
0 0.24386580258006935 0.22344170247828116 0.2050618651786012 0.2228525915219924 0.19440967979459314 0.9244975540158065 0.23321361719606132 0.9250866649720951
0 0.2736754060953611 0.23745552911169548 0.24189539899456328 0.23696535485406525 0.23136484138120467 0.9197045858895965 0.2631448484820025 0.9201947601472268
0 0.3001741841440192 0.21051216109828247 0.2706903846334846 0.21012364970488434 0.2614200108714465 0.9136444370800447 0.2909038103819811 0.9140329484734429
0 0.35388441518297087 0.24839314032810322 0.2929814226084977 0.24820733681244658 0.29098586983456337 0.9023130212144098 0.35188886240903655 0.9024988247300664
0 0.3922985049298679 0.8956813829462709 0.3810673861871594 0.22814746079628886 0.3431591237474693 0.22878525938998232 0.3543902424901778 0.8963191815399643
0 0.4529888071686815 0.8888710830867153 0.4244083024602402 0.23464488799593952 0.3729285812227615 0.23689382945725304 0.4015090859312028 0.8911200245480286
0 0.4818301081752362 0.8883757978419011 0.4464808922696356 0.20984192029519216 0.41805695390261804 0.2113227069846586 0.4534061698082185 0.8898565845313675
0 0.5308235496641696 0.8782983485715293 0.48652865785545707 0.24062198804198537 0.4384306473028312 0.24396301854823407 0.4827255391115437 0.8816393790777781
0 0.5695203165888257 0.8723556509706677 0.5107278172611388 0.24069640506204953 0.48247674647367617 0.24332590992727016 0.541269245801363 0.8749851558358884
0 0.6113511198982365 0.8671091139385855 0.5411714289884016 0.2458683628862734 0.5002889889877589 0.2504867286293851 0.5704686798975939 0.8717274796816972
0 0.6521333793423503 0.8577602935438332 0.5809159770082261 0.23222098127761487 0.5396606599881727 0.2369178827401221 0.6108780623222969 0.8624571950063403
0 0.721045147632494 0.8578936235125779 0.6389278604574973 0.18910199061264396 0.5749551588751307 0.19695685070474916 0.6570724460501274 0.865748483604683
0 0.8156098112289065 0.8506171223492345 0.7209586214038417 0.17337582993976167 0.6290030682348842 0.18622753082689747 0.723654258059949 0.8634688232363702
0 0.8534122804598298 0.8414806565219795 0.7594077133219328 0.19164254134739225 0.7195781579568016 0.19740422263995253 0.8135827250946986 0.8472423378145397
0 0.8902040353386992 0.8369166312361674 0.7952184991675461 0.18277672716118373 0.7564741725928861 0.1884026652982072 0.8514597087640393 0.8425425693731909
0 0.9383926311447963 0.826490402967876 0.8456090313655773 0.1850926232363267 0.7933356859731611 0.1926544036341959 0.8861192857523801 0.8340521833657452
0 0.9931770630063029 0.8153193664370084 0.8904805626021293 0.16135457339269024 0.8355704626893179 0.16997747657932571 0.9382669630934913 0.8239422696236438
0 1.0199424918248035 0.8027473396171301 0.9326463453860308 0.22815811384736356 0.9007608242525957 0.23300241477975908 0.9880569706913687 0.8075916405495256
0 1.025201367156985 0.674667350234071 0.9628909147966732 0.16718944470447525 0.8950410804581672 0.17552035689619422 0.957351532818479 0.68299826242579