0 0.9294620732053562 0.045742388821413404 0.9273658944432978 -0.015280174484959169 0.057672540948004766 0.014594557717742634 0.05976871971006331 0.0756171210241152
0 0.9169138084891657 0.08753460448713501 0.9152478039680736 0.0431997770053177 0.061470654644984656 0.07528282934968036 0.0631366591660768 0.11961765683149768
0 0.9193399048579145 0.13299780995094962 0.9174441626759338 0.08567641215990865 0.064521071969136 0.11984535805999119 0.06641681415111686 0.16716675585103216
0 0.9061362620819517 0.1686384605487772 0.9043993085765436 0.12830117094399007 0.06767994037097877 0.16433092539420113 0.0694168938763869 0.2046682149989883
0 0.9145093297153591 0.21166492569591622 0.91276158437307 0.16826206320798237 0.07032065493798159 0.2021854527305781 0.07206840028027064 0.24558831521851196
0 0.9390097288734545 0.2448818018413948 0.9369925487260005 0.20382473119687566 0.07332621121258151 0.2462576316134802 0.07534339136003551 0.28731470225799927
0 0.9201608209050918 0.29048974782284953 0.9176369430596095 0.24318885098555096 0.0762488812475725 0.2880835745669065 0.07877275909305484 0.335384471404205
0 0.9064497404801818 0.32931415481659027 0.9040831012257593 0.2888113026015695 0.07416661263164438 0.3373045032624091 0.0765332518860669 0.3778073554774299
0 0.9253615546405835 0.36563423756621416 0.923296108064281 0.3290654970274241 0.07693966091624871 0.3768687300712057 0.07900510749255112 0.41343747060999575
0 0.9121911903922957 0.4105526120300046 0.9090086304886931 0.36251471834065474 0.08518923246307167 0.4170936014390952 0.08837179236667422 0.46513149512844504
0 0.9315419954737963 0.45024470340669 0.9286808904177815 0.4093289914091359 0.08325168956435466 0.46844715514068813 0.08611279462036962 0.5093628671382422
0 0.9280958406186327 0.4798540949071013 0.926188436963012 0.4525769518435565 0.08624903752095 0.5113112363418791 0.08815644117657076 0.5385883794054239
0 0.9304333054567563 0.5111882256801856 0.927806887621449 0.47605122380017517 0.08803771869658165 0.5388222231682278 0.09066413653188887 0.5739592250482383
0 0.9216104680707252 0.5414671267443827 0.9187791034993467 0.5071735003430133 0.09582002395547065 0.5751189883542137 0.09865138852684921 0.6094126147555832
0 0.9514468217248305 0.5719274535026315 0.9486273990221095 0.5383115398495056 0.09272760302317104 0.610097282191492 0.09554702572589213 0.6437131958446178
0 0.9318751483148484 0.6055554096781757 0.9288868406643027 0.5718737124199937 0.09509117865792578 0.6458497337786009 0.09807948630847141 0.6795314310367828
0 0.940515170178369 0.64687700629589 0.936604938368672 0.6043631836067614 0.09728963492806404 0.6815596620762969 0.10119986673776102 0.7240734847654254
0 0.9426089551618153 0.6788143701601357 0.939341948816395 0.6441893994278507 0.09508933453545272 0.7238480558732017 0.09835634088087289 0.7584730266054867
0 0.9453436312313611 0.7136503170189863 0.9414535347865106 0.6746356589428629 0.10248996299827165 0.7582875315699329 0.10638005944312223 0.7973021896460564
0 0.9530256262361242 0.746891519565355 0.9496359155674936 0.7128953456039253 0.10537104772623476 0.7970758075852742 0.10876075839486528 0.8310719815467038
0 0.9719042661542263 0.7828361612896868 0.9672513643407828 0.7391446443337719 0.10733305505950914 0.8307211273546102 0.11198595687295251 0.8744126443105251
0 0.935499267264818 0.8120661148770036 0.9323711335429247 0.7815245392772701 0.11029762406750532 0.8657230724691111 0.11342575778939872 0.8962646480688446
0 0.9431061542233987 0.8420841271564153 0.9398772693394472 0.8107902968636385 0.1122572368456104 0.8961838005534609 0.11548612172956205 0.9274776308462378
0 0.9457705581643718 0.876067322947059 0.9416230849477957 0.8387685642397432 0.11435583392379593 0.9307573833180502 0.11850330714037219 0.968056142025366
0 0.9487921870774363 0.9169165358788094 0.9444540867902452 0.8753245536350844 0.11657928471883475 0.9616730208848295 0.12091738500602585 1.0032650031285546
0 0.9516448229515383 0.9546827362150945 0.9470117233084995 0.9124343275197626 0.15341199694101665 0.9994630872409592 0.15804509658405555 1.041711495936291