0 0.10735988052329107 0.9687623519826071 0.01737651986406654 0.1079146396419709 -0.04396861278973546 0.11432697148318134 0.04601474786948907 0.9751746838238174
0 0.15101829428122432 0.9623332946095833 0.059456916896010736 0.11287390356928503 0.015346302612333832 0.11762849059689462 0.10690767999754743 0.9670878816371928
0 0.19822275542590911 0.9557442724057383 0.10464013613056793 0.10728236429530716 0.05756625054222577 0.11247446245747109 0.15114886983756695 0.9609363705679023
0 0.2354235886787631 0.9501355307603003 0.14111500688817374 0.11796767841712656 0.10099714042157715 0.12251418797078897 0.19530572221216652 0.9546820403139626
0 0.27605904407722825 0.9446360422609521 0.18345258727764782 0.10661363245064773 0.14027736720463335 0.1113847508666923 0.23288382400421376 0.9494071606769967
0 0.31745534114948465 0.938458342762042 0.21487948595649117 0.07985582266937272 0.17406314040055784 0.0847320854956229 0.2766389955935513 0.9433346055882922
0 0.36516879412498415 0.9316841501171866 0.26169116759621913 0.0954773670403846 0.2146815504831864 0.10129464059201025 0.3181591770119514 0.9375014236688124
0 0.4076445597582497 0.9309589310521927 0.3013774322393302 0.10644679260847294 0.2611383296771238 0.11163300351289465 0.3674054571960433 0.9361451419566145
0 0.44301545243894636 0.9260076668793964 0.336289822733849 0.08504748661616886 0.2999542407880059 0.08965880823981273 0.4066798704931033 0.9306189885030403
0 0.49393016548922725 0.9130578062185297 0.3820174976327357 0.09505242137018806 0.3343186269052741 0.1015781826618962 0.4462312947617656 0.9195835675102378
0 0.5382113714825545 0.9122258766519844 0.4202630559512304 0.07297997419352228 0.37964659406986156 0.07868824544955835 0.4975949096011857 0.9179341479080204
0 0.567223133190261 0.9081485386215118 0.45004071246496896 0.07435228626266938 0.422963069554647 0.07815780078110232 0.540145490279939 0.9119540531399446
0 0.6023328888814473 0.9031796070162791 0.48113546535422796 0.06983475696244407 0.44626726452800813 0.07490581020396167 0.5674646880552274 0.9082506602577967
0 0.6371427559532263 0.8927387087425712 0.5119560544953192 0.07652395344771643 0.477943472216085 0.08174062339393032 0.6031301736739921 0.897955378688785
0 0.6715763317590333 0.8934428207606459 0.5402609048119731 0.04463547455337249 0.5069235504731545 0.04979295691712478 0.6382389774202146 0.8986003031243982
0 0.70713065432149 0.8884179763596063 0.5751722007044217 0.061813704064270183 0.5417810026219257 0.06714424857156143 0.6737394562389941 0.8937485208668974
0 0.7513465440222483 0.8821981011324345 0.6157904365003795 0.05031228089786497 0.5736529400125929 0.057178601810739936 0.7092090475344618 0.8890644220453096
0 0.7858606453137742 0.8826351083367492 0.6475039464004764 0.04599575933243867 0.6131912149292792 0.05167012339707795 0.751547913842577 0.8883094724013885
0 0.8240355160625693 0.8719223507977913 0.6820642739426439 0.040837709877368164 0.6434160132528998 0.04743985520136416 0.7853872553728252 0.8785244961217874
0 0.8575569747050175 0.8671917890896654 0.7146886377037166 0.03085563954945867 0.6810117293664137 0.036608546310861786 0.8238800663677145 0.8729446958510685
0 0.9005670845356711 0.8609511543483525 0.7492288101083939 0.009515614946576578 0.7059682930438254 0.017204948666406428 0.8573065674711025 0.8686404880681824
0 0.9222654230091909 0.8579905424910039 0.7809270456974788 0.04379295555950722 0.7506780740840856 0.04904394209128717 0.8920164513957977 0.863241529022784
0 0.953258647727875 0.8537578888137537 0.8103413061525286 0.03411064735263869 0.7793489402781757 0.03951461422501808 0.9222662818535221 0.8591618556861331
0 0.9935278442693696 0.8479174390944662 0.844055859162021 0.02908218531072606 0.8071372708892574 0.035821385474607025 0.9566092559966058 0.8546566392583472
0 1.0283588606616638 0.8423485037119434 0.8845947886250387 0.023218420772492164 0.84340673299814 0.030447263565013195 0.987170805034765 0.8495773465044645
0 1.0406666238767448 0.668086266298609 0.9214187492531062 0.017775518954683944 0.8796431092872188 0.025435943293849593 0.9988909839108574 0.6757466906377747