0 0.9563536396996852 0.08056046177248256 0.16809412035133947 -0.002288980927780354 0.155844686856483 0.11425655328755654 0.9441042062048288 0.19710599598781947
0 1.0082190033171914 0.05066183017996504 0.16832676256302542 -0.03761440114932403 0.15260666169492615 0.11195236834425266 0.992498902449092 0.20022859967354173
0 0.9395342675988789 0.1620016771796955 0.15289162280336302 0.09797917993974466 0.14507104017858494 0.19407046136446174 0.931713684974101 0.25809295860441256
0 0.9143073023945689 0.24535716684596043 0.15211732351747634 0.17680954805933208 0.14359031826097696 0.2716224397597205 0.9057802971380697 0.34017005854634885
0 0.9148195384341349 0.34328318791195056 0.24359418237201824 0.27273455759563364 0.2366528388859154 0.33877702691245104 0.9078781949480321 0.40932565722876796
0 0.8879239419402813 0.40341410240410963 0.24777714024851577 0.33292655873308014 0.23986588830329042 0.40477418409153404 0.8800126899950559 0.47526172776256354
0 0.8844752563589499 0.4758192481444585 0.23837080729881963 0.393215049909417 0.23012029960145308 0.45774796523540895 0.8762247486615834 0.5403521634704503
0 0.8809624508525374 0.5385376154394064 0.23307318627418475 0.44671172641573076 0.2262193009607593 0.4950701878739661 0.8741085655391119 0.5868960768976417
0 0.8526113511286709 0.5834811970275102 0.22905656709632546 0.48482034668494356 0.21716306459819004 0.5599894776610355 0.8407178486305356 0.6586503280036021
0 0.8095701096130055 0.6526220299530308 0.23577026414405874 0.5483156150534452 0.22831592693842606 0.5893226570535287 0.8021157724073728 0.6936290719531143
0 0.3968353183382131 0.5696761738962816 0.23505279665231313 0.5526721447682613 0.23199043923248838 0.5818085277956443 0.39377296091838837 0.5988125569236645
0 0.8332918601000647 0.6568101832550819 0.22819058097579759 0.5870400973980179 0.21962177059180457 0.6613555874857017 0.8247230497160718 0.7311256733427658
0 0.7435242243383717 0.719418327405372 0.2158092408310759 0.6164695104748074 0.20635632899739176 0.6649250766594392 0.7340713125046875 0.7678738935900039
0 0.8162766475862474 0.7177403890521357 0.22925210348171735 0.6681942402184549 0.22060169422699874 0.7706845985733481 0.8076262383315287 0.8202307474070288
0 0.7717031232982074 0.8172081974053252 0.22705004794287956 0.7068029909835037 0.21842769864861727 0.7493389293881221 0.7630807740039453 0.8597441358099435
0 0.7638628289913881 0.8590498221742273 0.2245292379265001 0.7430827353976172 0.21383765305946217 0.7928065925780807 0.7531712441243501 0.908773679354691
0 0.7563973667270839 0.9132629881536232 0.20395267237879766 0.7842212679774443 0.1919529560631021 0.8355936427663101 0.7443976504113883 0.9646353629424891
0 0.8887631784857917 0.7173655802930152 0.8189169400384518 0.6993182335652856 0.7418884862818462 0.9974311822153588 0.8117347247291861 1.0154785289430885
0 0.6210008512578733 0.9321217807684377 0.20117675475247448 0.8328153664508265 0.19339309752850475 0.8657212656720947 0.6132171940339036 0.9650276799897061
0 0.6265821940096545 0.9456274958228394 0.09675954572054983 0.8418885879152368 0.077002952700859 0.9427908496219606 0.6068256009899637 1.0465297575295633