0 0.8584183013663989 0.024115609353520702 0.858415551436136 -0.00004228937722844152 0.14290971285910783 0.0000391577378805307 0.14291246278937064 0.024197056468629675
0 0.8473687122149608 0.08336744706229166 0.8473226728931795 0.016982503449250022 0.14162482156582484 0.017471919402466906 0.1416708608876061 0.08385686301550854
0 0.8907285636870451 0.12332288817319007 0.8906208272655161 0.0796958032541639 0.1361332926944489 0.08155899872582853 0.13624102911597807 0.1251860836448547
0 0.8600096989901715 0.17228055083923932 0.8591327227583694 0.1138728285324883 0.13745457606507022 0.12470863168771237 0.13833155229687225 0.1831163539944634
0 0.8890155644968732 0.2202726943396614 0.8883539623986744 0.1709077878635979 0.13686453900812354 0.180979456479651 0.1375261411063223 0.23034436295571448
0 0.8689601118167619 0.258970301067218 0.8676395004090756 0.21008160624626737 0.13925533414526134 0.229757166059615 0.1405759455529477 0.27864586088056564
0 0.8887331019290317 0.28213514276290985 0.8880845514495974 0.2572498651567086 0.13790638449839496 0.2768007183774966 0.13855493497782934 0.30168599598369783
0 0.9119652721416796 0.30413057935675125 0.9111605432916186 0.2777006153193825 0.13544301364283612 0.301319348766158 0.13624774249289717 0.3277493128035268
0 0.9175201750053861 0.3395088954614608 0.9163950755569648 0.30217812355519286 0.13307652700524022 0.32578629509599544 0.13420162645366157 0.3631170670022633
0 0.9082513353485583 0.3702123885013917 0.9069263862683542 0.3350302584239645 0.13503058366896858 0.36409963629894226 0.13635553274917253 0.3992817663763694
0 0.8955230979133418 0.40962636653193174 0.8937518300768866 0.3682599170466983 0.14064204299383776 0.4005072856214665 0.142413310830293 0.44187373510669986
0 0.8821652745865259 0.4397487040453195 0.8808008061439929 0.4081898360330448 0.13900199818372994 0.44026199602866756 0.14036646662626298 0.4718208640409423
0 0.9063019868321127 0.47306456708246064 0.9046191486283911 0.43696082536615133 0.14068873525849745 0.47256852760115303 0.14237157346221913 0.5086722693174623
0 0.8745158323647306 0.5038421230598988 0.8727781151788561 0.47068450181148525 0.14257120659318007 0.508953021883755 0.14430892377905458 0.5421106431321686
0 0.8909517463826205 0.5322879500348283 0.8892660318688466 0.5019727199411311 0.14433358675452604 0.5433955767239794 0.14601930126829996 0.5737108068176766
0 0.8967288757349337 0.573086968552274 0.8946845019079026 0.5340780024132072 0.14594442292445298 0.5733178175691871 0.14798879675148394 0.6123267837082538
0 0.8706586464883415 0.629027998024623 0.8664918528751532 0.5660120087850451 0.1473350118070717 0.6135646722979606 0.15150180542025998 0.6765806615375383
0 0.909763086483407 0.6705533901743632 0.9065996458064134 0.6268231221698919 0.14724947818421708 0.6817543932998157 0.15041291886121053 0.7254846613042869
0 0.8995888174943483 0.7397520981173258 0.8938249937697684 0.6670455011454659 0.15214046875682813 0.7258426260209159 0.1579042924814082 0.7985492229927759
0 0.8940524553532523 0.7847154792181982 0.8901601393802864 0.7386198950251943 0.16017734050855187 0.8002597192682748 0.1640696564815179 0.8463553034612786
0 0.8793379199025129 0.8438991762762992 0.8736427809429503 0.7817068168501152 0.1620003199042356 0.8468740293909225 0.16769545886379794 0.9090663888171063
0 0.8794002489891133 0.9139164106809584 0.8733214646958546 0.8441018692888284 0.16479103277950363 0.9057939405242121 0.17086981707276241 0.9756084819163423
0 0.8846306518046264 0.9805285342473489 0.881257435848174 0.9161637407362871 0.17329033101249885 0.9532667252159104 0.17666354696895126 1.0176315187269722