0 0.9279904016810215 0.05774865659567012 0.9273494773888646 0.011897226021725809 0.03786850431593281 0.024330643167443065 0.03850942860808965 0.07018207374138738
0 0.9170417065184848 0.11594141690898288 0.9165072926495693 0.057352541523513524 0.04527757856674063 0.0652993955833308 0.04581199243565613 0.12388827096880017
0 0.9165275218750001 0.11718750000000011 0.05276884218750002 0.11718750000000004 0.05276884218750002 0.19921875000000006 0.9165275218750001 0.1992187500000001
0 0.9020105703124999 0.19921875000000006 0.06728579531250002 0.19921875 0.06728579531250002 0.23632812500000006 0.9020105703124999 0.23632812500000008
0 0.8983813312500001 0.23632812500000006 0.07454427031250002 0.236328125 0.07454427031250004 0.27734375000000006 0.8983813312500001 0.2773437500000001
0 0.876605903125 0.27929687500000006 0.08543198593750004 0.279296875 0.08543198593750004 0.33007812500000006 0.876605903125 0.3300781250000001
0 0.8950232172337771 0.3707923253789037 0.8947199550599514 0.3285288764405497 0.10337656233854409 0.3342071758587842 0.10367982451236972 0.3764706247971382
0 0.8838643796874999 0.3710937500000001 0.11446589062500005 0.37109375000000006 0.11446589062500005 0.4082031250000001 0.8838643796874999 0.40820312500000017
0 0.8875881111343773 0.4491027098407271 0.8874691104819015 0.4062047635361994 0.11075852334722736 0.40835939038005264 0.11087752399970319 0.45125733668458035
0 0.8548304734375 0.4511718750000001 0.11446589062500005 0.451171875 0.11446589062500005 0.4902343750000001 0.8548304734375 0.49023437500000017
0 0.8366842828125 0.4902343750000001 0.11809512812500005 0.490234375 0.11809512812500005 0.5195312500000001 0.8366842828125 0.5195312500000002
0 0.8549486246596196 0.5195758121368796 0.12176505898025598 0.5160211010007358 0.12160860458215983 0.5482908942607244 0.8547921702615235 0.5518456053968682
0 0.8659806290503929 0.5527901977672038 0.12900302157998794 0.5483833671777643 0.1287183260242099 0.5959945120349239 0.8656959334946148 0.6004013426243635
0 0.8624624358508074 0.6006555518442996 0.13267216506905377 0.5939988266632922 0.1321597919981306 0.6501713247013889 0.8619500627798841 0.6568280498823964
0 0.8150806143772028 0.6564599506915749 0.13290156387352586 0.6453349765604833 0.13144064156709573 0.7349181594170515 0.8136196920707727 0.7460431335481431
0 0.8449083933371894 0.7482048423046422 0.1292036781638477 0.7369426654212866 0.1281762321282615 0.8022362565157385 0.8438809473016031 0.8134984333990941
0 0.8265069823629284 0.9135175986785775 0.8242052057779334 0.8108673896348602 0.1708766762069634 0.8255172995150746 0.17317845279195834 0.9281675085587919
0 0.8080006702616238 0.9424728721978142 0.8071278772043678 0.908183432604819 0.18275658229804853 0.9240759912996378 0.18362937535530444 0.9583654308926329
0 0.7320519968561564 0.8203693637805319 0.1799331734696435 0.8074506495978202 0.17922620306770862 0.8376650858772245 0.7313450264542215 0.8505838000599363
0 0.7425157227180124 0.810433812649803 0.16894144413223247 0.7980867335700395 0.16866240090978865 0.8110494767397809 0.7422366794955685 0.8233965558195443