0 0.1436417022227397 0.999745967583153 0.0015190545286639268 0.17701589847593635 -0.04356763512506882 0.184804406456814 0.09855501256900696 1.0075344755640308
0 0.1980967117125374 0.9986533437213925 0.055430372950391646 0.14817428546676376 -0.002353574357886834 0.15786743913313972 0.1403127644042589 1.0083464973877685
0 0.27288423263236716 0.9887775541933946 0.13776260628145048 0.13565317702167107 0.056741296876698835 0.148485691703932 0.1918629232276155 1.0016100688756555
0 0.3072657790979085 0.9686341438400257 0.176686055082146 0.14418621514236502 0.14003355699717196 0.1499914005492645 0.2706132810129344 0.9744393292469251
0 0.3466409573805821 0.9550487752558443 0.2177644472263658 0.14135451486056944 0.1772537922582985 0.14777077228115132 0.30613030241251477 0.9614650326764261
0 0.3970228701651052 0.936045632247611 0.2732560026577921 0.1546123773632886 0.2230999539420775 0.16255631498980685 0.3468668214493905 0.9439895698741292
0 0.43998961079999593 0.9107650689856795 0.310587840483971 0.13005270828167734 0.26889216516657577 0.13696369685079363 0.39829393548260067 0.9176760575547958
0 0.4696441214601543 0.8951477400278094 0.34928367802920607 0.13522182267950061 0.3126311801871896 0.14102700814877706 0.43299162361813776 0.9009529254970859
0 0.5127296052513067 0.8919567648082543 0.389097201447786 0.1251458315610519 0.3467460162322941 0.13197408426989982 0.47037842003581487 0.898785017517102
0 0.550665428135355 0.8823152249982413 0.43484689135395244 0.15106575820130094 0.3962653150743306 0.1571764795273607 0.5120838518557331 0.888425946324301
0 0.576609235804108 0.8746321275007622 0.46739700664242967 0.1643175810739967 0.43879757575988065 0.1687147986378926 0.5480098049215589 0.879029345064658
0 0.6066999720770168 0.8662165563107405 0.4957877428400407 0.1414559062022803 0.46381063615090257 0.14634945579953032 0.5747228653878786 0.8711101059079904
0 0.6525491048894441 0.8517721263265587 0.5420345031579511 0.1230907209670121 0.49488982479805593 0.13024086273594107 0.6054044265295488 0.8589222680954878
0 0.7043466382769626 0.8401589663292824 0.5984269318860465 0.11798649872447708 0.5429651245417089 0.12612097990915233 0.6488848309326251 0.8482934475139577
0 0.7884439618508599 0.827608105334329 0.694237409413598 0.15189171403920274 0.6052696069978607 0.1642953645225687 0.6994761594351226 0.8400117558176949
0 0.8548787982126456 0.8203631367522366 0.7560227295341513 0.11129709773497962 0.691197613913187 0.12033483996107627 0.7900536825916813 0.8294008789783331
0 0.9740222096493406 0.7558176771505065 0.8573495648592433 0.11282445585522996 0.7563232278097827 0.13115592428544456 0.8729958725998801 0.7741491455807212
0 1.0022134620891383 0.7407714263687983 0.8888433767066728 0.12657332178866706 0.8551126315331141 0.1327994195767003 0.9684827169155797 0.7469975241568315
0 0.8832344601503168 0.7640952540270195 0.8103558502340563 0.21662802556123673 0.7801227257364945 0.22065264652892863 0.8530013356527549 0.7681198749947113
0 0.8574382090294079 0.7788564468660744 0.7820622221768981 0.21009909686807812 0.7689230836746175 0.21184039398011492 0.8442990705271274 0.7805977439781111