0 0.9603605626485805 0.04279727154036214 0.07215217519790425 -0.006516110672164219 0.06961168030638144 0.03924203386558704 0.9578200677570576 0.0885554160781134
0 0.9463965243516441 0.08681952896869949 0.07638316288557882 0.03822285544266759 0.07311568381621374 0.09671966689902273 0.9431290452822789 0.14531634042505465
0 0.9422165314955873 0.1471755023887215 0.08056192348416782 0.0869227501567478 0.0748397134430903 0.16875417639468845 0.9364943214545096 0.2290069286266622
0 0.9220127318617267 0.22799427706470077 0.08932130461072743 0.1697668214102069 0.08673268551089812 0.20678579997654425 0.9194241127618975 0.2650132556310381
0 0.9158037143047911 0.264760093097595 0.09397347866817421 0.20729212428003393 0.09111237321465873 0.24820783815376507 0.9129426088512756 0.3056758069713262
0 0.891083981858044 0.3061051959321176 0.1018373241258608 0.2509156932210359 0.0982950030850702 0.30157324410882447 0.8875416608172534 0.35676274681990616
0 0.9056470261380907 0.35777384189728806 0.11603471820387523 0.30614602853550926 0.11330730419878603 0.34785997160258 0.9029196121330015 0.3994877849643587
0 0.891954210418788 0.3974143492657793 0.12404012627953567 0.34808624806291116 0.12166788117962887 0.3850161192484422 0.8895819653188811 0.43434422045131027
0 0.893067396875111 0.43346022928396905 0.11809222932302595 0.3814975131153135 0.11522247123432686 0.4242972630053137 0.8901976387864119 0.47625997917396923
0 0.8573722027329499 0.4760425408651999 0.11881111003272204 0.42439731715228524 0.11608624763695743 0.463364664058567 0.8546473403371853 0.5150098877714817
0 0.8365453520879103 0.5137440740804543 0.11970664571100183 0.4636178216449106 0.11766299878312307 0.4928433302136096 0.8345017051600314 0.5429695826491533
0 0.8527184484697402 0.544288091606522 0.12156884525397567 0.4895977376566661 0.11916174496259475 0.5217780088715379 0.8503113481783593 0.5764683628213939
0 0.8614066610535518 0.5781911211833882 0.12653169764063543 0.5223860681740334 0.12292651013788966 0.5698613753605148 0.8578014735508062 0.6256664283698695
0 0.8545581192329343 0.6256944617464065 0.12700993127590662 0.5681463537826945 0.12258041075941295 0.6241462769656703 0.8501285987164406 0.6816943849293823
0 0.8033989986534482 0.6780577343802576 0.12365774217410778 0.6193734558486667 0.11595137178527781 0.7086365092945494 0.7956926282646184 0.7673207878261403
0 0.8267543189334765 0.7716598207494776 0.1135786345060743 0.7105000412057512 0.107999040603565 0.7755629098088674 0.8211747250309671 0.8367226893525939
0 0.7999874182329202 0.8308558410686118 0.14678930522814987 0.8163156480539003 0.14447788491111638 0.9201530171947077 0.7976759979158866 0.9346932102094192
0 0.777826626997306 0.9330081610577917 0.15413735140087625 0.9008532837108764 0.1523870518009069 0.9348028173322922 0.7760763273973366 0.9669576946792076
0 0.7091388922824138 0.8357760891552892 0.15926616713592714 0.784374981921298 0.15645326630133685 0.8144665019432665 0.7063259914478235 0.8658676091772577
0 0.720270199229689 0.8265946530461441 0.1489544065760513 0.7742671318570168 0.14777180779282933 0.7871788338806179 0.719087600446467 0.8395063550697452