0 0.838263221875 8.060825748766133e-17 0.24802556562500003 4.4466624664521414e-17 0.24802556562500003 0.032357046875000066 0.838263221875 0.0323570468750001
0 0.8157551648466909 0.030947898328327682 0.07209909919091136 0.01047657697735547 0.07026782189285133 0.07700088418996184 0.8139238875486308 0.09747220554093404
0 0.8244963763105018 0.09153697840616673 0.08221964141874366 0.07545182896071863 0.07950758936905689 0.200604109772613 0.8217843242608149 0.2166892592180611
0 0.7872391630739388 0.21474894900325583 0.08626231591062236 0.1819665024288951 0.0844464179484384 0.22079528311232194 0.7854232651117548 0.2535777296866827
0 0.7718920265683844 0.2509329754811437 0.08989952858457852 0.21710757424367816 0.08831205007604737 0.24911453924398122 0.7703045480598533 0.28293994048144677
0 0.7976413194353282 0.2830112478764635 0.09496262261872712 0.24689097249535447 0.09344658775116221 0.27638369905485854 0.7961252845677633 0.31250397443596756
0 0.7587603696142009 0.3056221154781993 0.10543335746285423 0.27676000193937605 0.10275003490810071 0.337500082702253 0.7560770470594474 0.36636219624107624
0 0.7765097041351192 0.35504941029810244 0.10907648614903134 0.34060116982080546 0.10825694544312132 0.3784596683331765 0.7756901634292093 0.39290790881047355
0 0.7678315772318993 0.4337151163441136 0.7673806227397832 0.3821882662449642 0.11255551797922562 0.38791918754083243 0.11300647247134181 0.43944603763998175
0 0.7918491140901041 0.45663986441472293 0.7913612104772635 0.42818156109500094 0.11200700655997506 0.43982875477221367 0.11249491017281561 0.46828705809193566
0 0.7596901478717287 0.49558902279533895 0.7580297485696078 0.44740371081463354 0.11919597601651395 0.4694170403234922 0.12085637531863487 0.5176023523041976
0 0.7587712381015312 0.5197708470297562 0.7571292831999432 0.49144521739083336 0.12380299836242095 0.5281573120891481 0.125444953264009 0.5564829417280708
0 0.7525399653503173 0.5500154156908988 0.7493511898884969 0.5089967033308834 0.12603964459422298 0.5574526505400228 0.12922842005604346 0.5984713629000382
0 0.764791967451725 0.5902120393983175 0.7615377171621198 0.5488179349247748 0.1338940159371432 0.5981609445745112 0.13714826622674833 0.6395550490480539
0 0.805860106211276 0.6496934127902032 0.8002426461914274 0.5854855521288688 0.12899257124345906 0.6442123251517136 0.13461003126330773 0.708420185813048
0 0.8187138543918483 0.7322230395967598 0.809079185048153 0.6398749854838713 0.12894717011582751 0.7108331354620387 0.13858183945952293 0.8031811895749273
0 0.799116417616739 0.7700112086745721 0.7947482776282113 0.7300048370183638 0.14202531368187513 0.8012731166000708 0.14639345367040285 0.8412794882562791
0 0.8067270521127161 0.8061095924886285 0.8024566987707538 0.7671925256488987 0.14540033145347014 0.839291043905332 0.1496706847954326 0.8782081107450617
0 0.8026539621479607 0.8563886046358483 0.796921101355965 0.80388319865844 0.15267594278828023 0.8742258184560072 0.15840880358027593 0.9267312244334155
0 0.8248115585253979 0.9020612474313016 0.8181102432660552 0.8468836636054817 0.16095977028123137 0.9266945612011233 0.167661085540574 0.9818721450269431
0 0.7565771473632044 0.941869934143557 0.752848586114632 0.9098347731068482 0.17524981408840667 0.9770612932461459 0.178978375336979 1.0090964542828547
0 0.816453155321345 0.9742238548993779 0.8104952432149363 0.9061246082903688 0.24900011936701233 0.9552490665280683 0.2549580314734211 1.0233483131370773