0 0.17430374969283097 0.07237290720238895 0.057415180240619944 0.06565633218399672 0.011929309395262943 0.8572470400734635 0.12881787884747398 0.8639636150918559
0 0.174864024208734 0.023864872847366117 0.02467950548622695 0.015994034822769985 -0.01951918823663436 0.859355253054934 0.1306653304858727 0.8672260910795302
0 0.23614654035585309 0.08215797426392404 0.14026025916968982 0.0779890817588004 0.10597888873414715 0.866475021607225 0.2018651699203104 0.8706439141123485
0 0.31917791868621254 0.10331862325519077 0.22429538352249018 0.09953835374198225 0.1938320004612652 0.864151301155711 0.28871453562498756 0.8679315706689195
0 0.38819933921741556 0.0974434052677425 0.3220475593695791 0.09323241762593701 0.2791404710910698 0.7672738775278807 0.3452922509389063 0.7714848651696861
0 0.4557323640189351 0.12196694020634039 0.3835948197825882 0.11688931022203483 0.3383360833399205 0.7598771041939161 0.4104736275762673 0.7649547341782216
0 0.5208895138248233 0.12238054026857896 0.4558406336303472 0.11696113656016345 0.4017474104252707 0.7662398736537059 0.46679629061974676 0.7716592773621215
0 0.5679981429426033 0.12235700378238779 0.5187289299055559 0.11735399460134047 0.4526350614928424 0.7682408439808351 0.5019042745298898 0.7732438531618825
0 0.6417843493120846 0.1527890536541127 0.5655352264988167 0.1429946549916088 0.48509440586765046 0.7692242197516208 0.5613435286809183 0.7790186184141248
0 0.6781719848839675 0.18841832451696158 0.6366228152965336 0.18289986780135165 0.5598376187632114 0.761025477365876 0.6013867883506452 0.7665439340814859
0 0.6042366319384729 0.6009100103640482 0.5749799069634143 0.5993767302006359 0.5664662242333607 0.7618274551899624 0.5957229492084192 0.7633607353533748
0 0.7177425088720881 0.16885665492194168 0.639452002214218 0.15786259951429832 0.5550860324570996 0.7586467753312892 0.6333765391149697 0.7696408307389326
0 0.755464877276235 0.2524225416638572 0.7066730529269175 0.24534925802661273 0.6295409769566801 0.777409740179731 0.6783328013059976 0.7844830238169754
0 0.8043701987104852 0.1781621075402016 0.7009964368552433 0.17274451406965338 0.6702022449693784 0.7603322457515402 0.7735760068246202 0.7657498392220885
0 0.8455255380782727 0.2185527793567284 0.8026586749326743 0.21206593572455024 0.7195117815137987 0.7615236848659114 0.7623786446593972 0.7680105284980896
0 0.895010157056897 0.225854371929608 0.8448495814062245 0.21751511263197082 0.7543650487717757 0.7617788274815597 0.8045256244224482 0.7701180867791969
0 0.9513629836495954 0.23181024653476748 0.8996393956748492 0.22229900315664772 0.7970481162478332 0.7802059829204259 0.8487717042225794 0.7897172262985456
0 1.0045505749489358 0.16295278552385825 0.6967213959009046 0.10039357188167264 0.6823542513625453 0.17108861504195322 0.9901834304105768 0.23364782868413886
0 0.9478347609799547 0.3603114612966401 0.9144989469484477 0.3551551619678051 0.8485363331044719 0.78160779551414 0.8818721471359788 0.7867640948429749
0 1.0082742398137254 0.35521106174037337 0.8990491347362075 0.34948681636725054 0.870609813712697 0.8921413716228995 0.9798349187902149 0.8978656169960224