0 0.09349821129977667 0.2739124819396688 0.025452311904751335 0.2651465861779868 -0.05821109649137328 0.9145898405289037 0.009834802903652063 0.9233557362905855
0 0.1461634093619398 0.24780709125490064 0.09696094772828112 0.24137397400895377 0.007619313306134324 0.9246863048565824 0.05682177493979301 0.9311194221025293
0 0.2057176672647063 0.25927044599861404 0.15118986775139134 0.2520453135450896 0.060736408311849364 0.9346941277130787 0.11526420782516433 0.9419192601666031
0 0.5586808306709855 0.22714173682131183 0.07880515222507786 0.1282779236959711 0.058587050586900814 0.22641469319532276 0.5384627290328086 0.32527850632066346
0 0.26537624561382633 0.26918758868611853 0.2063754741801711 0.2609313865068413 0.11085420696234205 0.9435489304809839 0.16985497839599725 0.9518051326602611
0 0.3372916492068417 0.27849009825696774 0.26561483222872095 0.2676241409674237 0.16193574114351886 0.9515387780443578 0.23361255812163959 0.9624047353339018
0 0.4198234468011268 0.2945550060208554 0.33880213640622003 0.28172249120350323 0.23099231869865733 0.9624068955021394 0.3120136290935641 0.9752394103194917
0 0.5054056135194118 0.30644848097586 0.42266010409329535 0.29135077346970445 0.29834583088574407 0.9726759257355239 0.38109134031186054 0.9877736332416795
0 0.5992777692350345 0.32502766315563436 0.5054776025010487 0.3071067212168065 0.3759689867584388 0.9849689558923481 0.4697691534924247 1.002889897831176
0 0.6616336979677576 0.32762128705577637 0.5988599280953617 0.31476286531171915 0.45906855377983036 0.9972129930254681 0.5218423236522262 1.0100714147695253
0 0.742122376059017 0.3307800268621725 0.6486951183547326 0.31213201282226316 0.5120176088164581 0.9968915201179899 0.6054448665207425 1.0155395341578992
0 0.816112425214229 0.35473508515860797 0.7406365732325593 0.3373966399802518 0.5887592818740078 0.9985325056266415 0.6642351338556777 1.0158709508049977
0 0.8930303461261406 0.26585089177772164 0.7097678605845027 0.23682496776366077 0.590810939576446 0.987889464651205 0.774073425118084 1.0169153886652658
0 0.9690338959615155 0.2969889247263691 0.8950240681250005 0.28122347277078436 0.7423049196049298 0.9981529918960315 0.8163147474414447 1.0139184438516162
0 1.0356261186160007 0.31238311224051196 0.9644242319099892 0.29718475405234646 0.8145634986919484 0.9992584133361173 0.8857653853979601 1.014456771524283
0 1.007029458920327 0.48971784192527146 0.9715091885538184 0.48414292173315304 0.8905452203125002 1 0.9260654906790087 1.0055749201921185