0 0.5959776913297101 0.04639413213236202 0.5842466856988935 -0.024237513888056172 -0.011548537885771353 0.07471639015468542 0.00018246774504527275 0.14534803617510364
0 0.6376331968710904 0.08793357056152828 0.6295576836851057 0.03905951009240185 -0.008075513185984757 0.1444163239058736 1.6653345369377347e-17 0.19329038437500004
0 0.644170989679791 0.1481938951467104 0.6351380325753657 0.09393627774555938 -0.006506497833525182 0.20075902074624338 0.0025264592709000723 0.25501663814739445
0 0.7780922701049382 0.4763407223840884 0.7326780093702652 -0.0078057093690167 0.6329181491069948 0.0015520386338872983 0.678332409841668 0.4856984703869925
0 0.6520639607305121 0.20817636958477634 0.6428038994525849 0.14940162908446702 -0.009108490139054981 0.2521115453524396 0.00015157113887229735 0.3108862858527489
0 0.6642596542128805 0.27963800219069646 0.6536945477566161 0.20791622349561312 -0.01049231586068588 0.30575547188907587 0.00007279059557860901 0.37747725058415915
0 0.6730266691618813 0.36326047711208753 0.661610125505614 0.2820275493811648 -0.010057431077501289 0.3764242699773922 0.0013591125787658863 0.457657197708315
0 0.6866746869279333 0.4485804262105505 0.6769202506594747 0.36503635900837067 -0.008571035203391975 0.4450729347277608 0.001183401065066636 0.5286170019299407
0 0.6963528898259076 0.543782842335601 0.6860662570805838 0.44884172061899613 -0.000041278424033508454 0.5231797536433185 0.010245354321290256 0.6181208753599233
0 0.7121037019972662 0.6041724158982268 0.7060469978256312 0.5403821222238443 0.0118959164379361 0.6062897628414994 0.01795262060957121 0.6700800565158819
0 0.7326155967853969 0.6820676475516032 0.7231332950827467 0.5872705661857132 0.01931319223690133 0.6576718323788733 0.028795493939551657 0.7524689137447634
0 0.7313398567592666 0.7598284649516638 0.725853690767331 0.6825812775038724 0.030042338987799046 0.7319984368990359 0.03552850497973461 0.8092456243468271
0 0.8388288582755823 0.807398215403668 0.8130057256520218 0.6236570708196812 0.029163185513577848 0.7338189505435316 0.054986318137138536 0.9175600951275182
0 0.8312726965912043 0.8891846523507118 0.8247108941361662 0.8137993293126506 0.05052690270085214 0.8811870144869471 0.05708870515589035 0.9565723375250084
0 0.8360208414617825 0.9573679432003608 0.8297376903791933 0.8848336829456773 0.060271571579595264 0.9514873147656717 0.06655472266218437 1.0240215750203552
0 0.7678619453125 0.9662820843750002 0.7645393933172524 0.9428785607741537 0.3621851328125 1.0000000000000002 0.36550768480774753 1.0234035236008467