0 0.18371798330267924 0.9637943348946593 0.18155354288281872 0.2227306785608923 0.08185498069416919 0.2230218702769598 0.08401942111402973 0.9640855266107268
0 0.29482725454248176 0.2402470409400505 0.18363457619239315 0.23948384829931965 0.1786714454073806 0.9625828085551058 0.28986412375746917 0.9633460011958366
0 0.8587204812221266 0.08127263696662287 0.15254607475147655 0.007285633161779108 0.1266562832425559 0.25439265483122525 0.8328306897132058 0.32837965863606905
0 0.40409385434073186 0.255385211753843 0.2969744842323363 0.2536206484801701 0.28557556728111905 0.9456019573684136 0.39269493738951466 0.9473665206420867
0 0.4866728152652132 0.27203366228480885 0.40359062821491715 0.270252953469733 0.3891710800526868 0.9430230253942344 0.4722532671029828 0.9448037342093103
0 0.5296823175878036 0.28766749841122297 0.48635275213488044 0.28668782477372146 0.4718194805642211 0.9294736645274533 0.5151490460171442 0.9304533381649547
0 0.6391691402488023 0.29721857172443683 0.5269863313278401 0.29340044645840807 0.5048709052395777 0.9431880899229439 0.6170537141605399 0.9470062151889727
0 0.7443238738608388 0.31882619990027095 0.6983197666764458 0.3176603236022154 0.682278124459365 0.9506446541003152 0.7282822316437579 0.9518105303983708
0 0.6969432139326925 0.3132362466564182 0.6295819974164855 0.3120301244412692 0.6180598263932044 0.9555366010549499 0.6854210429094116 0.9567427232700988
0 0.7801266129175894 0.32260152216262367 0.7419564466167814 0.32157074820114895 0.7246491982456534 0.9624683389689531 0.7628193645464616 0.9634991129304279
0 0.9381272433055848 0.1785259928935463 0.8017312507635215 0.15685236062460897 0.6759117173687906 0.9486568872313097 0.812307709910854 0.9703305195002472
0 0.9186993800576543 0.26969644338589216 0.8429922783710054 0.26350510171507235 0.7866209341593109 0.9528082148935673 0.8623280358459597 0.9589995565643872
0 0.9561633302971926 0.2613126483143022 0.8889522173764259 0.2586584980996943 0.8613424059914779 0.9578224491456815 0.9285535189122445 0.9604765993602895
0 1 0.3414705875000001 0.9296875 0.3414705875000001 0.9296875 0.961571690625 1 0.961571690625