0 0.21228056197013107 0.19096286936443024 0.11309772104633134 0.18083112848913196 0.037788059834334406 0.9180614070709323 0.13697090075813417 0.9281931479462306
0 0.3213321701029602 0.21929004497706392 0.2106139124684085 0.2076530869381771 0.13501331560041221 0.9269447036464026 0.24573157323496392 0.9385816616852894
0 0.9005243007628533 0.12106297029968749 0.20595213886775446 -0.02633405086422318 0.15437445707920358 0.21671307222229608 0.8489466189743025 0.36411009338620676
0 0.43018844556334257 0.24670031575417922 0.3238403343579627 0.233748396008762 0.2401721199350387 0.9207474468601283 0.34652023114041847 0.9336993666055455
0 0.5105747941870271 0.27188941486010176 0.428133875117555 0.26143400772059355 0.34346969744286454 0.9290113221790378 0.42591061651233664 0.939466729318546
0 0.5517145051406975 0.29193332467615424 0.5087247074361549 0.2864298449053068 0.42708163446672415 0.9241752963422254 0.4700714321712667 0.9296787761130728
0 0.6596031889024623 0.3128765656766572 0.548434030633376 0.29735305967835973 0.45851845116622647 0.9412694072957375 0.5696876094353127 0.9567929132940349
0 0.7619232615182735 0.3453574876968123 0.7162930363038332 0.3393892594755257 0.6341743923491696 0.9672292278921406 0.6798046175636099 0.9731974561134272
0 0.7153864667137486 0.3348455299332332 0.6485203364595298 0.3266048504358131 0.5697965406611434 0.9653817359595644 0.6366626709153622 0.9736224154569845
0 0.7971352405796153 0.35285453450357596 0.7592819191555512 0.3478395383722247 0.67507744199314 0.9834171252516761 0.712930763417204 0.9884321213830273
0 0.9693303200564432 0.22608382807674357 0.8359470307907964 0.1902716628766589 0.6280506398705126 0.9645868792975489 0.7614339291361593 1.0003990444976336
0 0.9404789779634373 0.31472407368716393 0.8658337791161751 0.3006531018659862 0.7377194481201815 0.9802877307966472 0.8123646469674437 0.994358702617825
0 0.9786140427663585 0.31030225459090216 0.91204855288345 0.30063716952041586 0.8115074563381226 0.9930850161866861 0.8780729462210312 1.0027501012571722
0 1.0138318108481998 0.39460326398978623 0.9439044969236253 0.38725360289776933 0.8795085735463142 0.9999395340027004 0.9494358874708887 1.0072891950947174