0 0.23108384736284487 0.9666223749439933 0.20124714557440565 0.3973043897630781 0.11152652505574538 0.40200644989180967 0.14136322684418462 0.9713244350727248
0 0.22934957853391807 0.9670508899945393 0.20764401551218237 0.4417380313255344 0.16855938851733507 0.44335298100821907 0.1902649515390708 0.968665839677224
0 0.14122634992053967 0.9687128852736336 0.11138965853330755 0.3993948972575349 0.052876209030059726 0.4024614571969363 0.08271290041729185 0.971779445213035
0 0.2681423278684264 0.9646802300212369 0.23994811743411396 0.4267008422691533 0.2009391582209544 0.4287452083358067 0.22913336865526687 0.9667245960878905
0 0.2991570714995023 0.9658381499578883 0.2741558870439992 0.4327946172425895 0.24094668822515591 0.4343522185534243 0.26594787268065906 0.9673957512687231
0 0.337542510134779 0.9638269214956143 0.31509129529598906 0.4072257545132799 0.2743322860437868 0.4088698209069935 0.29678350088257677 0.9654709878893278
0 0.41114740781747805 0.9604332110589683 0.384714659655749 0.35123025282315623 0.3109918289924476 0.3544290176852575 0.3374245771541767 0.9636319759210696
0 0.4987631039127945 0.3381486972028541 0.3868237219569869 0.33785646306522177 0.3852008434188382 0.9594950642962701 0.49714022537464586 0.9597872984339023
0 0.5217854973325109 0.957430037770618 0.503040012667696 0.40576103666399616 0.4470473245266948 0.4076636450664683 0.4657928091915096 0.9593326461730902
0 0.5669892868537811 0.9533262578236228 0.5436793054412963 0.41870806547631345 0.5005464014000152 0.4205887107776906 0.5238563828125 0.9552069031249999
0 0.6018674905440103 0.9513563257708697 0.5750963449565318 0.36469116870549245 0.5399950997250215 0.36629293512212296 0.5667662453125 0.9529580921875
0 0.6351122335851478 0.9520383344082859 0.6088818592272112 0.36812450146416514 0.575049733624873 0.3696442964575456 0.6012801079828096 0.9535581294016662
0 0.7753515053732393 0.9456262370514178 0.754911345523776 0.3256487255325327 0.609319447875018 0.3304487732849691 0.6297596077244813 0.9504262848038542
0 0.7932727326074637 0.9464020663085588 0.7686317629955645 0.4330855988870509 0.7129634068000547 0.43575787293321255 0.7376043764119539 0.9490743403547206
0 0.8145489889925699 0.9452421448608221 0.7899577670077761 0.4345589971632885 0.7684984507319405 0.43559234007378045 0.7930896727167343 0.9462754877713142
0 1.023513313839366 0.9355678009354238 0.9916236392096328 0.327076557909571 0.8941012236612869 0.332187491117874 0.9259908982910199 0.9406787341437267
0 0.9240404515977326 0.9407809537427925 0.8922876411360312 0.33490126022358113 0.7869634308488938 0.34042106840010294 0.8187162413105952 0.9463007619193144