0 0.5824703938473906 0.024855321578820987 0.5758928803885706 -0.017779357615702485 -0.006014152287628763 0.07199500943761869 0.0005633611711912984 0.11462968863214218
0 0.6165573329396372 0.10083312335660562 0.603976061257246 0.01516482313407388 -0.009493759388791484 0.10525918081884993 0.0030875122935996426 0.19092748104138166
0 0.6216782763023524 0.14174714838499702 0.612460406045149 0.088170157036108 0.004233354738425221 0.1928150410565142 0.013451224995628652 0.24639203240540325
0 0.6293496688910221 0.1753232253942346 0.6209812331057778 0.13073703993389438 0.012327505946246393 0.24497600383258405 0.020695941731490596 0.28956218929292427
0 0.6231329798219193 0.25376902906837606 0.608206579314235 0.1745887170508012 0.02055239018952691 0.2853682980272799 0.0354787906972111 0.3645486100448548
0 0.6524502650148 0.30349917689564654 0.6415138905518563 0.24728272118016723 0.03484278791741963 0.3653047890927533 0.0457791623803634 0.4215212448082326
0 0.6627211228342949 0.3651598224556989 0.649284677853335 0.2965744021410555 0.04230694605920719 0.41548630587372565 0.05574339104016703 0.484071726188369
0 0.6691881932707171 0.41411278780770006 0.6568546093592718 0.35570990875240066 0.05302616833742633 0.48322705972039603 0.06535975224887172 0.5416299387756954
0 0.668124866264572 0.5361232579805136 0.6536196181020107 0.45933246310541664 0.06896481665798573 0.5697696971277033 0.08347006482054689 0.6465604920028003
0 0.6603346855338353 0.4764356918306957 0.6471297823940344 0.40931279945166976 0.05969126905976339 0.5248779724386363 0.07289617219956424 0.5920008648176622
0 0.6963560572178106 0.6616954638956573 0.6709455907333268 0.505738835197139 0.07310176094117515 0.6031472668019012 0.09851222742565893 0.7591038955004195
0 0.7196377479781908 0.7652313872229982 0.6956572898683906 0.6404066749810214 0.08902984214565543 0.7569477335349544 0.1130103002554556 0.881772445776931
0 0.727567953047418 0.8313228870771148 0.7078030067105825 0.7274268549570241 0.10354241577405184 0.8423800240974989 0.12330736211088729 0.9462760562175896
0 0.6580948128816807 0.9516727275669249 0.6427478466809892 0.8518232848321554 0.12457632700832974 0.9314668019191881 0.13992329320902133 1.0313162446539574
0 0.6476640690611619 0.9828448723221896 0.6438094344175582 0.9585076661253898 0.38183714973390953 0.9999999983199709 0.38569178437751334 1.0243372045167707