0 0.043607575048414296 0.34391107472698473 0.000011804136432422979 0.34373624205636955 -0.0023927782400349033 0.9433359739293004 0.04120299267194697 0.9435108065999154
0 0.12398111422200724 0.3224342239103464 0.03739938891881104 0.32145912447608377 0.03039870898501207 0.9430684964701959 0.11698043428820828 0.9440435959044585
0 0.17340137012635354 0.9408855248190857 0.16519251112174732 0.32377669221130095 0.11083314849017376 0.32449978726333123 0.11904200749478 0.941608619871116
0 0.21717335324504558 0.940483302830116 0.1995552808998211 0.32145220301951316 0.15420891375352058 0.3227427933908549 0.17182698609874503 0.9417738932014579
0 0.2935491146399528 0.9376129160846738 0.27606278257316846 0.33986398070447 0.19552230830675252 0.34222008273072124 0.2130086403735369 0.939969018110925
0 0.35143165445094426 0.9363518427612265 0.329766904943829 0.31868714999793096 0.27253174185948326 0.3206946882071717 0.29419649136659853 0.9383593809704671
0 0.41477078563611236 0.9362953421819997 0.39227511980868063 0.31818859346103046 0.32243217676815983 0.32073049016462585 0.34492784259559156 0.938837238885595
0 0.47312469144584846 0.9358014626045843 0.4416370665606001 0.3194590746028063 0.38202382673747015 0.3225045885416264 0.4135114516227184 0.9388469765434044
0 0.5795964520955976 0.934328873000916 0.561979043599314 0.3395959515397113 0.48386455104700754 0.3419098892336139 0.5014819595432911 0.9366428106948186
0 0.5240544218509469 0.9362375776685242 0.5018076789706402 0.3379530299897871 0.43344547773650477 0.3404950249643995 0.45569222061681147 0.9387795726431365
0 0.7024762705137518 0.9351565190975659 0.6888930697544321 0.328655629967728 0.5323250756331993 0.33216212853145466 0.545908276392519 0.9386630176612926
0 0.8069916979923611 0.9423255184249644 0.7975774051816868 0.3254002240968443 0.6697151326580807 0.327351405032433 0.679129425468755 0.9442766993605531
0 0.8818539457062352 0.941867882396558 0.8628432227396617 0.32706410461808727 0.757134405875824 0.3303327914823485 0.7761451288423974 0.9451365692608192
0 0.9708433646262904 0.41450877872131525 0.8698224397422567 0.414046904134581 0.867425528455376 0.9382978632048724 0.9684464533394097 0.9387597377916068
0 1 0.42968750000000017 0.9753594281250001 0.42968750000000017 0.9753594281250001 0.9345703125 1 0.9345703125