0 0.08160336766757133 0.981809908358688 0.03175425501563005 0.38445021186936795 -0.01116537407639836 0.38803181511137097 0.03868373857554292 0.9853915116006909
0 0.15713888903377382 0.9757362313146171 0.10993610238388189 0.3558821205938464 0.02359886067155029 0.36245682636735244 0.0708016473214422 0.9823109370881232
0 0.21306988179087863 0.9676727689215581 0.15110768194640078 0.3536276700962656 0.09701819423155669 0.35908574419161177 0.15898039407603454 0.973130843016904
0 0.25664024355810044 0.9634570974864982 0.18513709813513426 0.34831711454460146 0.14007576942341723 0.3535549901975816 0.21157891484638336 0.9686949731394783
0 0.3324752006422648 0.9539410468961101 0.2629581583014229 0.3599907613224517 0.1829295124625916 0.369357462368626 0.25244655480343353 0.9633077479422845
0 0.3900275698451094 0.9476399760758065 0.3146122377439646 0.33421389213403285 0.25776984052158514 0.34120216403209874 0.33318517262272995 0.9546282479738725
0 0.45312075409980956 0.9420633219981941 0.3768391368920784 0.32826928249942056 0.30748350877183805 0.33688872018537497 0.38376512597956924 0.9506827596841484
0 0.5112095601324069 0.9364854436763885 0.4261239757588786 0.3252327516947523 0.3670030167494583 0.333462312745407 0.4520886011229865 0.9447150047270432
0 0.6171478179172096 0.9257388333494185 0.5477630604350678 0.3348045074165034 0.47014749034116027 0.34391776632103915 0.539532247823302 0.9348520922539544
0 0.5619834966828585 0.9324810804145922 0.48767747672375866 0.338412118032256 0.4197969634559275 0.34690259825106134 0.49410298341502734 0.9409715606333975
0 0.764420585547903 0.9110509714988464 0.6680640082400043 0.3062918780606223 0.5173916478191078 0.33029858271804097 0.6137482251270066 0.935057676156265
0 0.8463296432307406 0.9136644170199334 0.7809575625792475 0.29997485338420604 0.6539543549694729 0.31350362171078083 0.7193264356209659 0.9271931853465082
0 0.9323798734552623 0.9045319573052009 0.8441206940375711 0.2939266977490969 0.7412330440958019 0.3087984654156196 0.8294922235134932 0.9194037249717237
0 1.0049043046930175 0.8962623259668175 0.9616006125037858 0.3737973954996764 0.8609238482008627 0.3821418323369653 0.9042275403900943 0.9046067628041066
0 1.0233123553033976 0.7589285467892661 0.9919931448442956 0.38638484752623087 0.9674327221497266 0.38844960677154183 0.9987519326088286 0.7609933060345772