0 0.0833208999693828 0.911335951313001 0.06781763917394434 0.2504904485722482 -0.0005352639869380657 0.2520939896108625 0.0149679968085004 0.9129394923516154
0 0.1341850149050733 0.9175702251154453 0.12248128036688044 0.24706373003516663 0.06584928180966342 0.24805224525812747 0.0775530163478563 0.9185587403384062
0 0.18716028282010191 0.9276852647546387 0.17127195776309392 0.24598941659792564 0.1199262128314162 0.24718613488214963 0.13581453788842418 0.9288819830388627
0 0.2668754150078213 0.2304893228948523 0.17176097395312734 0.22916604123456225 0.1619680457358686 0.9330591893260447 0.25708248679056256 0.9343824709863346
0 0.33960060337301556 0.15437057449140384 0.2503725238781304 0.14986770952343606 0.21088194268795854 0.9324069912479223 0.3001100221828437 0.9369098562158902
0 0.39133422109801025 0.15518575590497646 0.29460358835156303 0.147747014126675 0.23451440387105799 0.9291244310672685 0.3312450366175052 0.93656317284557
0 0.47336592587950543 0.177153704961633 0.3224627253668966 0.17121560672154573 0.2926366869896088 0.9291762311113677 0.4435398875022177 0.935114329351455
0 0.5787456764013792 0.16292237022137476 0.43966451945886736 0.15626659357809142 0.4026681917992517 0.9293532413573805 0.5417493487417635 0.9360090180006638
0 0.6764378072869872 0.1535779551008327 0.538778371283403 0.14634476364030116 0.4979075635076409 0.924182925138226 0.6355669995112252 0.9314161165987574
0 0.7134592458245406 0.16910114385226288 0.6297379054748938 0.16808956650576917 0.6206232307976258 0.9224488683197885 0.7043445711472727 0.9234604456662823
0 0.7384157699929311 0.9197908210863794 0.7300737269812568 0.24789168247104904 0.6975008063694544 0.24829609540915681 0.7058428493811287 0.9201952340244872
0 0.7709808522369832 0.9206919810005584 0.7614235753587757 0.255736089624389 0.7292353676309198 0.2561987242403959 0.7387926445091274 0.9211546156165653
0 0.8378953907136661 0.925388466390363 0.8298724950839805 0.2602126578435525 0.7637314181371349 0.2610104062739093 0.7717543137668206 0.9261862148207198
0 0.9219077880084251 0.9275217108800046 0.9189374456831751 0.20204782887194525 0.8332981238996429 0.2023984660327142 0.8362684662248927 0.9278723480407735
0 0.9690559175580713 0.15035678441967704 0.9166077808711511 0.1499011688708264 0.9098690930133374 0.9256245232398903 0.9623172297002576 0.926080138788741
0 1.0074446008247062 0.9221374438550433 0.9944569117108808 0.17807327679103618 0.9456362231111601 0.17892544513070777 0.9586239122249856 0.9229896121947148