0 0.07620555972481433 0.9040012492776178 0.07223800433229985 0.242985827702792 0.0038641089154050545 0.2433962223904412 0.007831664307919543 0.9044116439652671
0 0.12695312500000008 0.24051364375 0.07031250000000003 0.24051364375 0.07031250000000007 0.911122275 0.12695312500000014 0.911122275
0 0.17974379235489352 0.9221603200224925 0.17575511981337963 0.24029100855317748 0.1243963104638857 0.24059143778378145 0.1283849830053996 0.9224607492530964
0 0.27161453047448275 0.22646178601167363 0.1765376699409479 0.22347873006575666 0.15446160442292192 0.9270937612418952 0.2495384649564568 0.9300768171878124
0 0.3456570986028934 0.15162386083908957 0.25652119388964867 0.14556443680572542 0.2033794328781247 0.9272953273549638 0.2925153375913695 0.933354751388328
0 0.3973686094998507 0.15334179394347902 0.30078253353096074 0.14421600287749234 0.22706558512161382 0.9244257104827278 0.32365166109050375 0.9335515015487147
0 0.47900442716871927 0.17673804745731017 0.3282278441483478 0.16816722975299586 0.2851781121037327 0.925491877360695 0.4359546951241041 0.9340626950650094
0 0.5846164994339798 0.16434801005858074 0.44567268413790895 0.15526594624480686 0.395189768987727 0.92758917387906 0.5341335842837979 0.9366712376928339
0 0.6824568337163277 0.15670998110673576 0.5449446003248553 0.14707540282112258 0.4905048694257238 0.924081801985371 0.6280171028171962 0.9337163802709842
0 0.7192017165474789 0.17287691864541527 0.6355107823901963 0.1704043564558803 0.6132321101637153 0.9244896928367536 0.6969230443209978 0.9269622550262886
0 0.7344385819545173 0.2519454193157922 0.7018635648995672 0.2517812948474451 0.6984780812286404 0.9237236897283057 0.7310530982835906 0.9238878141966527
0 0.765646751695188 0.26033576338173187 0.7334553721084696 0.2602365658610545 0.7314061130790479 0.9252579780615238 0.7635974926657665 0.925357175582201
0 0.8340071205337697 0.2660062475274341 0.7678621934574784 0.26564955351480235 0.7642749488120852 0.9308640709204798 0.8304198758883764 0.9312207649331116
0 0.924073622615208 0.2094046748728795 0.8384412251246014 0.20826064620635262 0.8287498484896823 0.9336758744383538 0.9143822459802889 0.9348199031048805
0 0.9750865938318343 0.1585961918371781 0.9226543974283713 0.15722529942971722 0.9023784956587045 0.9327129001040475 0.9548106920621675 0.9340837925115084
0 1 0.18675177031250015 0.951171875 0.18675177031250015 0.951171875 0.9309292796875 1 0.9309292796875