0 0.7265248054347829 0.05535344151399148 0.7213485403365116 -0.01279036170734743 0.062244207191455826 0.03727580123774955 0.06742047228972721 0.10541960445908846
0 0.7328318266070422 0.10976099590618775 0.7288807763271066 0.053258343843055125 0.05990571319286192 0.10003763674267141 0.06385676347279737 0.15654028880580403
0 0.7364581732592982 0.1584285802232696 0.732575866494282 0.1072158360558648 0.052645790668963674 0.15875959095573858 0.05652809743397994 0.20997233512314337
0 0.7569405229347279 0.2530898044978661 0.7532840858306692 0.1580364590705125 0.04984307728154749 0.18509587284087037 0.05349951438560624 0.280149218268224
0 0.8367610963820054 0.3217315797667134 0.8365879536528604 0.23239012095480013 0.05305433799783575 0.23390860017369214 0.05322748072698079 0.32325005898560544
0 0.8388798289598853 0.2740084912073374 0.055930713662007546 0.273306170942817 0.055841722408784024 0.3725139348369707 0.8387908377066617 0.37321625510149103
0 0.8210099248666234 0.4565059580861986 0.8190422218298734 0.3054987881988749 0.06055938198368138 0.3153822194849638 0.06252708502043139 0.4663893893722874
0 0.840736907135736 0.5609964792192471 0.8401046170450437 0.42175759023158693 0.06614121925470307 0.42527219301633634 0.06677350934539546 0.5645110820039966
0 0.8551855414990295 0.658062500860803 0.8551667973195209 0.5201858655856907 0.07627328744037452 0.5202917553163033 0.07629203161988288 0.6581683905914156
0 0.8416169646339815 0.695848799382157 0.8382455192818222 0.6121892550938594 0.08444301494257582 0.6425671871196745 0.0878144602947351 0.7262267314079722
0 0.7638039412930674 0.71656408840711 0.7616953476273645 0.6840569742834299 0.09115361115481849 0.7275520705486956 0.09326220482052139 0.7600591846723757
0 0.7576110078920089 0.7482815177311648 0.7554644066049642 0.7161616345581969 0.09192000292151063 0.7605069163665992 0.09406660420855535 0.792626799539567
0 0.7567229145202676 0.816870917033547 0.7524647028301563 0.7508622340353681 0.08862038015684905 0.7936867463089965 0.09287859184696043 0.8596954293071754
0 0.8194693302106565 0.9027696947782605 0.8146371578526906 0.817266090639438 0.09031296916594339 0.8582007314423625 0.09514514152390925 0.943704335581185
0 0.873712530776792 0.9501141809447106 0.8714225985544981 0.8977140777652469 0.09640967159813958 0.9315828483677281 0.09869960382043338 0.9839829515471917
0 0.8473634092286021 0.9769309330051321 0.8439573313337979 0.9282217504746516 0.10159260100131591 0.9801329500987774 0.1049986788961201 1.028842132629258