0 0.1130292539377646 0.9394000212779 0.05146989405041914 0.2812926656542744 -0.016571234091730575 0.2876572325576096 0.04498812579561487 0.9457645881812351
0 0.1642043483899081 0.9420710079972352 0.1057569553984217 0.2740142457498636 0.04933186404525341 0.2789508015565961 0.10777925703673981 0.9470075638039678
0 0.21775615986544095 0.9484660402529437 0.15435383892295912 0.2695390828696896 0.1032166506012625 0.27431458396124236 0.16661897154374433 0.9532415413444963
0 0.28797521076205096 0.9502694066324271 0.2486431806497182 0.24740778624546178 0.15366812507789818 0.25272257600964704 0.19300015519023095 0.9555841963966122
0 0.33107423472654923 0.9497891852137028 0.31588143854144846 0.16640140702069212 0.22655660975623246 0.16813374693686126 0.24174940594133326 0.951521525129872
0 0.367545898836922 0.1636058485663655 0.2705319974770121 0.16293281519287436 0.2650953217533586 0.9465984447952657 0.3621092231132685 0.9472714781687568
0 0.4740294632615836 0.9379928722904143 0.45091018598673294 0.17979804096047264 0.29996035821108186 0.18440088284059297 0.32307963548593244 0.9425957141705347
0 0.5720621019933451 0.932034633306676 0.5550405101333227 0.15825045266445875 0.4158338636175339 0.16131270022711575 0.4328554554775563 0.9350968808693331
0 0.6653308327798441 0.9209085323621169 0.6518428337679036 0.14211414249218793 0.514014166392291 0.1445012076194673 0.5275021654042314 0.9232955974893964
0 0.7333859058278315 0.9081745596145124 0.6898569319223407 0.15501703189937083 0.6062689691382718 0.1598480242441981 0.6497979430437626 0.9130055519593396
0 0.7671181285765979 0.9021371894843397 0.711927090732789 0.23245667287257366 0.6794617267234748 0.2351322727880627 0.7346527645672837 0.9048127893998288
0 0.7996667450555907 0.9007645275642642 0.7437477713651879 0.23809511836130817 0.7116702441408213 0.24080196188841468 0.767589217831224 0.9034713710913707
0 0.8667458941711441 0.9007818505896988 0.8123422239252005 0.23778602580848407 0.7464179090219971 0.24319559937611124 0.8008215792679406 0.9061914241573259
0 0.9507024488615328 0.8970494889671967 0.8971328425058986 0.1735500267114039 0.8117265927510324 0.17987370684989942 0.8652961991066664 0.9033731691056921
0 0.9909128961687514 0.8927926089627753 0.9435234437358762 0.11848881191714007 0.8911712860685574 0.12169290325054156 0.9385607385014326 0.8959967002961768
0 1.0356553098998658 0.8857115929206671 0.9707959667205499 0.14436590245282216 0.9221536470254508 0.14862155396156895 0.9870129902047667 0.8899672444294138