0 0.9630572360987282 0.11160160665791538 0.10838997991830471 0.0217724824425961 0.09857402433958125 0.11516508639526593 0.9532412805200048 0.20499421061058523
0 0.9701240672281696 0.2038336995380748 0.15765420262688193 0.148983976058834 0.15375765348769788 0.20670220234530415 0.9662275180889855 0.26155192582454495
0 0.9638727060441058 0.25332376939350737 0.16747822014385355 0.16961932846550967 0.16043633651115266 0.23661836977394285 0.9568308224114048 0.3203228107019405
0 0.844188452114367 0.2831623687139034 0.14624642060283702 0.22047808102480143 0.1375136891762759 0.3177104264369085 0.8354557206878059 0.38039471412601045
0 0.9029096677381983 0.3831221950391077 0.14231230073008513 0.314590498783422 0.1358125213159945 0.38672814280212997 0.8964098883241075 0.45525983905781564
0 0.7031393143156393 0.4352081700038656 0.18593280155282924 0.3850809437389143 0.18163093651023862 0.4294670544982524 0.6988374492730486 0.4795942807632036
0 0.6655492142764101 0.47661411409722587 0.1413908790487268 0.41932381644127037 0.13516090256563124 0.4763228936933598 0.6593192377933146 0.5336131913493153
0 0.7644106783765305 0.5628445212040385 0.024346535074893694 0.4850606374058587 0.005354788144412792 0.6657550208127817 0.7454189314460496 0.7435389046109615
0 0.7515811153564135 0.6705236431743657 0.09389737940508677 0.6561538088706778 0.09012994960936467 0.8285828884703594 0.7478136855606914 0.8429527227740475
0 0.183301357567322 0.6687410592469456 0.10101179348102245 0.6568581283882262 0.09173619724561381 0.7210918414281545 0.1740257613319134 0.732974772286874
0 0.8173437566319794 0.7132091423993712 0.1286542722665816 0.5796155964979943 0.08340550196858265 0.812878005055533 0.7720949863339804 0.9464715509569098
0 0.5429637120396371 0.8946869891456819 0.18944225959357194 0.857530351391194 0.18496105733874202 0.9001661017058392 0.5384825097848072 0.9373227394603271