0 0.739686603566956 0.07386274394368605 0.26669065629288047 0.0706403884865084 0.2662773861789652 0.1313025629763024 0.7392733334530407 0.13452491843348005
0 0.6972629167359139 0.11402566476416418 0.2657094351754952 0.1069937839175974 0.2653977365380974 0.1261230375414452 0.6969512180985162 0.13315491838801197
0 0.7447845449701094 0.1353276088757443 0.2702488684256617 0.10214482720087004 0.26520787102157645 0.17423441682733934 0.7397435475660241 0.20741719850221357
0 0.6335993828141715 0.17419021610055427 0.26864142058965174 0.16449066690639771 0.2680392592752159 0.18714775764823902 0.6329972214997356 0.19684730684239557
0 0.7195059373091569 0.1981704689656502 0.2692166080822975 0.1666831655031839 0.2637668824343282 0.2446178577965295 0.7140562116611877 0.2761051612589958
0 0.8476280553260812 0.20812904206568472 0.7628759835669158 0.15232685213262087 0.6149654218124709 0.3769726332173436 0.6997174935716364 0.43277482315040744
0 0.7882051051334013 0.6743262131745633 0.722904082792616 0.6722354668043289 0.7138935302299261 0.9536652483292081 0.7791945525707114 0.9557559946994425
0 0.7315640359522921 0.6728240808623388 0.6830713383506422 0.6694331413080514 0.6732618347435286 0.8097155864612262 0.7217545323451786 0.8131065260155136
0 0.6262322348614692 0.2355868146223686 0.26818931635893045 0.22471330389920435 0.26770083335556616 0.24079807032067269 0.6257437518581049 0.2516715810438369
0 0.6218863280649921 0.24920618388293098 0.26950538220431225 0.23826493866697324 0.26792224049544 0.2892526426981622 0.6203031863561198 0.3001938879141199
0 0.6212079561025844 0.29914860989283715 0.26341766118262716 0.28422168131687975 0.26169645455785606 0.3254780605352388 0.6194867494778131 0.34040498911119615
0 0.6223694793556979 0.3387666067088756 0.2612210752259174 0.32369958118810926 0.2602078828499523 0.34798525118660756 0.6213562869797327 0.3630522767073739
0 0.6174611113551929 0.3613752874270073 0.2627821716413226 0.3463346255724156 0.26128111492127803 0.3817315523209045 0.6159600546351484 0.39677221417549624
0 0.6288379510624251 0.39594754554871814 0.2610134469675479 0.3796604735471335 0.260393150145713 0.39366915299920724 0.6282176542405902 0.4099562250007919
0 0.672920458853107 0.4100876473359036 0.23915844649641263 0.3899553445352433 0.23788727511096766 0.4173434612181876 0.6716492874676621 0.43747576401884797
0 0.6748763200098608 0.4367326908169211 0.24115000254177454 0.41382396425075607 0.23975790994725465 0.4401801736564531 0.6734842274153409 0.46308890022261817
0 0.6696786556699402 0.46151018753212536 0.2497852984482245 0.43793173477080866 0.24760080234192472 0.4768340076721443 0.6674941595636403 0.500412460433461
0 0.6773045392455095 0.5008818796817555 0.2368680654632121 0.475376088154069 0.23508554909755702 0.5061567530746671 0.6755220228798545 0.5316625446023535
0 0.6855735064760478 0.5310622429534336 0.22119442499953954 0.5021349772562066 0.21916136204046072 0.5347724176352132 0.683540443516969 0.5636996833324404
0 0.6488632983408094 0.561314789273614 0.24360290218841557 0.5329762200656758 0.2426492002873423 0.5466147918440984 0.647909596439736 0.5749533610520366
0 0.6549733664499848 0.573489412133381 0.23585791275247825 0.5441820145882549 0.23258807920168828 0.5909428288176498 0.6517035328991949 0.6202502263627759
0 0.6276686017587679 0.6187837782136506 0.2536411462457374 0.5891032663482684 0.2503452427510707 0.630637536488823 0.6243726982641011 0.6603180483542052
0 0.6805612761829779 0.6555523613082174 0.2337357138083692 0.6243072636537991 0.22978466219371058 0.6808099150206548 0.6766102245683193 0.7120550126750731
0 0.6840827277440766 0.7047459625722496 0.2268658695229997 0.6727742458666653 0.2231873055342212 0.7253801626900411 0.6804041637552982 0.7573518793956253
0 0.6640259130013303 0.7564654852948329 0.22427760714422665 0.7138565071334282 0.21860181482660862 0.7724338343487073 0.6583501206837122 0.815042812510112
0 0.6807116069670889 0.8105774267652703 0.2341268831044835 0.7698985664519999 0.2305908024695486 0.8087187197637468 0.677175526332154 0.8493975800770173
0 0.6191348692840061 0.8418152693643813 0.2571239314100938 0.8018436067653036 0.2535134685757068 0.834542447690312 0.6155244064496189 0.87451411028939
0 0.6532181516205552 0.8474718814598461 0.23756646328741074 0.8184066939015848 0.23116303918388414 0.9099799560526997 0.6468147275170286 0.9390451436109609
0 0.7796025813942389 0.6765470037181458 0.7790787403200404 0.39983240969472966 0.6840305839041798 0.4000123428440209 0.6845544249783784 0.6767269368674371