0 0.6028443763034098 0.16162389911770175 0.5982482748827378 0.10909019362355817 0.16933111256142547 0.14661556444125862 0.17392721398209748 0.19914926993540222
0 0.6208850782012835 0.10461111421543896 0.6134598442674393 0.0542579450105493 0.16448305303483696 0.1204654500874108 0.17190828696868113 0.17081861929230047
0 0.6642815505326382 0.09793429731080142 0.5889466713916118 0.09525359696287833 0.5784252770972744 0.3909330331867342 0.6537601562383009 0.39361373353465734
0 0.7366562253388493 0.08415155397027385 0.6640791845081184 0.07780188507872139 0.6403242580858215 0.34932191144981733 0.7129012989165524 0.3556715803413698
0 0.7625861010741306 0.5546607525427781 0.7119630943344746 0.34837050936139147 0.6557438325985654 0.36216654751552263 0.7063668393382215 0.5684567906969094
0 0.8273710632302567 0.5507828563660756 0.7694876869372924 0.2853373049122262 0.6997019921707743 0.3005548574683429 0.7575853684637387 0.5660004089221923
0 0.7833027029855681 0.8319784567809311 0.741301093446703 0.5972167719773466 0.6941595753492823 0.6056509406018128 0.7361611848881476 0.8404126254053972
0 0.5616980921684523 0.15900016871688027 0.5584231225990517 0.13623879991019994 0.17602031910640553 0.1912599875781562 0.1792952886758062 0.21402135638483655
0 0.5530656707901741 0.1783449654098243 0.5499351995690612 0.1572699895134108 0.1883346476754157 0.21098203771718796 0.19146511889652862 0.23205701361360145
0 0.5743699956040531 0.18849376574939322 0.5723627134482209 0.17459768662132077 0.18301652478710007 0.23083856217606075 0.18502380694293225 0.2447346413041332
0 0.5973356705714181 0.2149520992748978 0.5944718668335711 0.1855885968705034 0.1829587587469183 0.22572320890967212 0.18582256248476528 0.25508671131406657
0 0.582684751995181 0.24766279092804178 0.5777893320915658 0.200185134809817 0.18733370462526247 0.24044500453500744 0.1922291245288777 0.28792266065323224
0 0.5772624570410604 0.26242705466314786 0.5733805023624016 0.23400019459396187 0.1910189492345003 0.28621525515610335 0.19490090391315903 0.3146421152252894
0 0.580471644236369 0.2951182199029871 0.5758377462008168 0.2609762016233346 0.19631816880797132 0.31248619173960146 0.20095206684352354 0.34662821001925403
0 0.579426289510003 0.323229121826411 0.5755776607486116 0.29429474646145015 0.1993963954437637 0.344331494063131 0.20324502420515506 0.3732658694280918
0 0.5818030403449284 0.3504593809438751 0.5781361703763509 0.3218382530205635 0.2018683916875804 0.3700447744935831 0.2055352616561578 0.3986659024168947
0 0.5836128846665258 0.37214579596821 0.5807379715828732 0.348776946791752 0.20775208957597763 0.39466290309633345 0.2106270026596302 0.4180317522727914
0 0.5914654871671621 0.3875092893598859 0.5891534002319478 0.36888944006470187 0.20973664283249865 0.41600284650948627 0.212048729767713 0.4346226958046703
0 0.5981430437429632 0.41993815015285946 0.5941535409349649 0.385955435221066 0.21072968848642043 0.4309686291070524 0.2147191912944188 0.46495134403884586
0 0.6490556734850913 0.4496476479177799 0.645555218119709 0.414271887572143 0.21023164315651766 0.45734744916485 0.2137320985219 0.49272320951048687
0 0.6678556514767662 0.4636197020949151 0.666264792149648 0.4493075039895527 0.21054357294022466 0.49996278047523524 0.21213443226734285 0.5142749785805977
0 0.6248020311081233 0.48705189805784543 0.6221477901988843 0.46475937672750584 0.21477080076870414 0.5132633864267863 0.21742504167794313 0.5355559077571259
0 0.6604272155898157 0.4972405330756519 0.6585906004926589 0.48129828094980864 0.22354337727242385 0.5314175672234909 0.2253799923695805 0.5473598193493343
0 0.6942472877586009 0.5243808809796158 0.6904615358864064 0.49063533150665056 0.2035062367156899 0.5452645185936009 0.2072919885878844 0.5790100680665662
0 0.6599863138665363 0.5686457462260958 0.6557272100349024 0.5275766928377841 0.22344612148412857 0.5724067994190438 0.22770522531576246 0.6134758528073554
0 0.6347359504387475 0.6014533411268876 0.6315838272866772 0.5700530115174148 0.23743921609043078 0.6096192316707426 0.24059133924250115 0.6410195612802154
0 0.6896295634687182 0.6303394923979762 0.6843763485489704 0.5759385046416097 0.2173606680644097 0.6210357324982949 0.22261388298415738 0.6754367202546614
0 0.6624478970780265 0.6422351371399089 0.6609739944674817 0.6279014863495848 0.23612084111487622 0.6715883447072097 0.23759474372542094 0.685921995497534
0 0.6425292454146287 0.6540947541301769 0.6413915166336306 0.6423980861883879 0.2473983813907817 0.6807215926529928 0.24853611017177987 0.6924182605947817
0 0.7116954413156349 0.6809818023489873 0.7002621791960506 0.61352694007085 0.22223375888303187 0.6945503688566634 0.23366702100261608 0.7620052311348008
0 0.6323614969300726 0.6982025318376122 0.6313401405179995 0.6865283739025906 0.24739010134188355 0.7201196476039541 0.24841145775395668 0.7317938055389757
0 0.6617358331775796 0.7152384645355745 0.6591824416299616 0.6860530738896133 0.24756032808056885 0.7220653527142973 0.2501137196281869 0.7512507433602584
0 0.6433649424573004 0.744293908904967 0.6409817775952593 0.7170542098677749 0.2501137185767628 0.7512507339437278 0.25249688343880383 0.7784904329809199
0 0.6684291468813773 0.7519039993463128 0.6643437101440941 0.7052073768141827 0.2561806052582871 0.740917123110218 0.2602660419955704 0.7876137456423481
0 0.6978034763553704 0.7689399358918899 0.6926966882592402 0.7105691540780958 0.24994349097641094 0.749305088173007 0.2550502790725412 0.8076758699868011
0 0.6996759601740326 0.7903425593050939 0.6959309868155551 0.747537317917024 0.24971877732562847 0.7865758277485069 0.253463750684106 0.8293810691365767
0 0.7270945351878001 0.8254437613374968 0.7233396509719007 0.7729053455249105 0.2380615756472789 0.8075878337038164 0.2418164598631783 0.8601262495164027
0 0.737988967966968 0.8709946840627086 0.7350739838360514 0.8246497448419454 0.24199413531297922 0.8556632698974624 0.24490911944389587 0.9020082091182257
0 0.7271661254313374 0.9067556771963232 0.7251169920880287 0.8712629200590045 0.23939183532362812 0.8993057010286245 0.24144096866693676 0.9347984581659432