0 0.8636704839928175 0.24556744860869126 0.8625115355358025 0.17917131249064785 0.08138052374427915 0.19280600019646404 0.08253947220129419 0.25920213631450745
0 0.8282480366047157 0.1864953621635535 0.8274576664401259 0.1637661105489155 0.108776484510032 0.18875699778445634 0.10956685467462177 0.21148624939909433
0 0.8093251655459545 0.26563822231862005 0.8074379559372578 0.21178556011650956 0.08158030455077733 0.23722247406333605 0.08346751415947407 0.29107513626544657
0 0.7815343742897498 0.29373353873444547 0.7805660600629117 0.26526124969461234 0.13127241247790153 0.28734308075050247 0.1322407267047395 0.3158153697903356
0 0.7820984274975176 0.3249210884988582 0.7811137043033376 0.29252137371886267 0.12137246644176698 0.31257286193382633 0.12235718963594691 0.34497257671382187
0 0.7440028431169238 0.34101111707294296 0.7434135784558664 0.32282232951694695 0.1532196151634914 0.34194292481044475 0.15380887982454877 0.36013171236644076
0 0.7442405070427353 0.36681086107366734 0.7436610315026927 0.33361279296900326 0.15000146340724305 0.34397517904939134 0.1505809389472856 0.3771732471540554
0 0.7445132009414399 0.38243348138357164 0.7439678122028219 0.3511882410981465 0.1572516285704368 0.3614294297206352 0.1577970173090548 0.3926746700060603
0 0.7242590415089649 0.3971574601590634 0.7234644896917086 0.37293683416064505 0.1435940600794842 0.39195934429938717 0.14438861189674052 0.41617997029780546
0 0.6761048696246175 0.42099947184522035 0.675156399944604 0.3955855949618411 0.1543230607952884 0.41502358282926394 0.1552715304753019 0.44043745971264325
0 0.8502552963028182 0.45223505701956607 0.8489690004240638 0.41336134160930377 0.13042535280963807 0.43713729723580264 0.1317116486883924 0.47601101264606493
0 0.7502469551070164 0.4868109305452689 0.7492054551587505 0.45377397047633056 0.16572532911385904 0.4721683542156905 0.16676682906212498 0.5052053142846289
0 0.7644720020546898 0.5148208593870939 0.7636503024854301 0.48576266145045927 0.15959143253441713 0.502844068712143 0.16041313210367686 0.5319022666487776
0 0.776111388734383 0.5713063951002699 0.7745666475821282 0.5151432475495227 0.1668351268649281 0.5318586192926389 0.16837986801718285 0.5880217668433863
0 0.7866405701834589 0.60212479764406 0.7860418372202109 0.5749467166893922 0.14721637643479193 0.5890200378253574 0.1478151093980399 0.6161981187800252
0 0.8983295505815827 0.6395538208056812 0.8969660812954702 0.5614407191933557 0.11583506863196444 0.5750754119940911 0.11719853791807702 0.6531885136064167
0 0.9161826572901909 0.6646145559850014 0.9156491854443514 0.6379272649569033 0.12410360191129102 0.6537500505318382 0.12463707375713048 0.6804373415599363
0 0.9104488191810166 0.7470333791689661 0.9096536512671081 0.6654632651392729 0.11108914219458679 0.6732478916823886 0.11188431010849524 0.7548180057120819
0 0.7365916051716688 0.7244207129985807 0.7356712634477631 0.6716943697980161 0.09687967903668944 0.6828445181361428 0.09780002076059502 0.7355708613367073
0 0.9930711469675245 0.6408793894291764 0.927731047629111 0.23634407481336756 0.7763500012655293 0.2607949750190596 0.8416901006039428 0.6653302896348686
0 0.6989528120265986 0.9604808348356689 0.698844779899445 0.9216264721367805 0.2053283825069589 0.9229986636358051 0.20543641463411239 0.9618530263346935
0 0.6960787770595652 0.9930654518842278 0.6958566973675654 0.9596021016068976 0.20946784088771997 0.9628300236931187 0.20968992057971966 0.9962933739704489
0 0.8461984574419098 0.8351434707979856 0.7694267845457541 0.8176031545614425 0.7288620516535369 0.9951496915066047 0.8056337245496927 1.0126900077431478
0 0.9247305080729811 0.837389661960582 0.8486478557653184 0.8190073055804016 0.8067694474459266 0.9923376617907718 0.8828520997535894 1.010720018170952
0 0.7007384708780998 0.8649398191097202 0.7005156336791326 0.8423222694504433 0.19359559189836034 0.8473166496513261 0.19381842909732755 0.869934199310603
0 0.7155182181751932 0.9120651967070375 0.7153120848406359 0.8889845704073729 0.19789052603541832 0.8936056682018443 0.1980966593699757 0.9166862945015088
0 0.7435060583490636 0.9215956941861358 0.7423811958129676 0.8571523855334838 0.20079702706698846 0.8666057757194012 0.20192188960308438 0.9310490843720534
0 0.752539834699167 0.8446647324051568 0.7524434731948295 0.8322397736384873 0.1933830314915302 0.8365755550434597 0.19347939299586764 0.8490005138101292