0 0.33446937927587905 0.22470491573786253 0.17336529896254396 0.18521114813367423 0.011778503852421606 0.8443605176720427 0.1728825841657567 0.8838542852762311
0 0.22091512128173033 0.13995567952068835 0.06648602901236222 0.11588761000398415 -0.04806489491981529 0.8508861186789763 0.1063641973495528 0.8749541881956807
0 0.052734375000000056 0.39070129374999996 6.626824584279015e-17 0.39070129374999996 8.468938280421358e-17 0.691541290625 0.052734375000000076 0.691541290625
0 0.35802592477604767 0.3043009986772688 0.29806342428685617 0.28873685096776325 0.15890083634447508 0.824875218664948 0.21886333683366654 0.8404393663744536
0 0.4201194867172197 0.2760549739023613 0.37007378997501345 0.2617589956133761 0.2082219798185944 0.8283509730582657 0.2582676765608007 0.8426469513472507
0 0.45252780265085707 0.2969831814836351 0.41708517471727485 0.2859344077272003 0.2545571594110581 0.8072972396819157 0.2899997873446403 0.8183460134383506
0 0.5123861104396144 0.2940751156900392 0.4575363149139391 0.27686795390133645 0.2863085613872455 0.8226759950290731 0.34115835691292073 0.8398831568177758
0 0.6137439279906671 0.2600737315877348 0.5332962312782497 0.2320543917070211 0.32893573213428956 0.8188038128255318 0.409383428846707 0.8468231527062455
0 0.6641504092043795 0.27473816245728255 0.6156937316320709 0.25564667508930555 0.3956332515102878 0.8141887900192766 0.4440899290825964 0.8332802773872535
0 0.6384202340001951 0.3713572543530722 0.6133486649009711 0.36217585657954376 0.4433987513496708 0.8262567194404884 0.4684703204488949 0.8354381172140167
0 0.6955135922810805 0.30030363345600997 0.6672588077850192 0.28971016029399016 0.4710901347548123 0.812928890976079 0.4993449192508736 0.8235223641380989
0 0.7630167662838366 0.19319093234920504 0.7373305976633764 0.1835605000603389 0.4924678312333814 0.8366554098978408 0.5181539998538417 0.8462858421867072
0 0.7541347630784839 0.3028351903852651 0.724167564831156 0.2915996853366531 0.5313962650224389 0.8057568801195062 0.5613634632697668 0.8169923851681183
0 0.7490029570527283 0.3497483312441788 0.7243953245443844 0.341348485362311 0.5561574728312053 0.8342069600502556 0.5807651053395493 0.8426068059321234
0 0.800138876708005 0.26387129663760406 0.7709331693954611 0.2540285986178665 0.575815602696773 0.8329904374460385 0.6050213100093169 0.8428331354657761
0 0.8330480823754021 0.2684131324274214 0.7912316826783693 0.25534805934862215 0.6121076491825631 0.828656921444457 0.653924048879596 0.8417219945232564
0 0.8954766778774917 0.2500567885821351 0.8209541726089945 0.23013882097352517 0.6620060036011743 0.8248388423342877 0.7365285088696716 0.8447568099428976
0 0.9282549038338118 0.32588858566615003 0.8331156958397227 0.30972550990851333 0.743716868058494 0.8359455065380204 0.838856076052583 0.8521085822956571
0 0.9638439413147426 0.2213405162601342 0.8914647751051861 0.21083591471713542 0.8006362907619415 0.8366654559835872 0.873015456971498 0.847170057526586
0 0.9748076506676174 0.36108575448363944 0.9148498566627715 0.3558404719643443 0.8730668243760284 0.8334541054589601 0.9330246183808744 0.8386993879782553