0 0.7091393554880372 0.13192360005313866 0.7072425453955313 0.07473698742424176 0.06644812953425554 0.09599135552459834 0.06834493962676143 0.15317796815349524
0 0.792586192046856 0.16841118216249895 0.7915437480869888 0.12905256378573954 0.12496033716008803 0.14670754963450078 0.1260027811199553 0.18606616801126016
0 0.8453684605694315 0.18858755313892178 0.8448912693225499 0.1663066261248359 0.07098361162314117 0.1828814284171923 0.07146080287002289 0.20516235543127817
0 0.842048257620547 0.20876378176936186 0.8416310333072052 0.18633887369299354 0.0748915629640225 0.2006043657938515 0.07530878727736418 0.2230292738702198
0 0.8411837108574589 0.23026724400468446 0.8409066467011082 0.20777567297444466 0.07438438778455207 0.21721813667363693 0.0746614519409029 0.23970970770387673
0 0.8403990780136279 0.2509283051388632 0.8402574875105417 0.22849664871831799 0.07227803684298975 0.2333441996410588 0.07241962734607613 0.255775856061604
0 0.839696528448109 0.2734523690464809 0.8395827711009163 0.24838990176787118 0.07421118945490815 0.2518638869815779 0.07432494680210107 0.27692635426018763
0 0.8361113602881168 0.27289770507615174 0.0751237930669803 0.2714998686312494 0.07509600410689882 0.28662828598303547 0.8360835713280353 0.2880261224279378
0 0.8381840830367031 0.2857134172174401 0.07211723613553209 0.28312322979990456 0.07205107701284894 0.3026902735452754 0.8381179239140201 0.3052804609628109
0 0.8350961929064236 0.3030478491016818 0.07152076770134225 0.29890426154982846 0.07140988792810112 0.31933705534016865 0.8349853131331825 0.323480642892022
0 0.837034624746979 0.3203842033588531 0.07103021250267447 0.315479590119103 0.07086975321574725 0.3405401842502901 0.8368741654600518 0.3454447974900402
0 0.8310933021146788 0.34231858378025226 0.07557866610671768 0.33402295521947656 0.07534489978072113 0.35531294902793753 0.8308595357886823 0.36360857758871323
0 0.8304796373162109 0.3609919302869885 0.07765089933558857 0.34972401881051474 0.07739503233740397 0.3668189373973685 0.8302237703180262 0.3780868488738423
0 0.8324257417074321 0.37524951150240393 0.07830164365356306 0.3625819313099782 0.07796368084713831 0.38270147211408556 0.8320877789010075 0.3953690523065113
0 0.8319629409051806 0.39313666529184943 0.0740686136311505 0.3777348679997151 0.07365484400644678 0.3980957158548815 0.831549171280477 0.4134975131470158
0 0.8339329521465789 0.411529482915671 0.0631460755038164 0.39243027677983283 0.062632213747065 0.4131682014713399 0.8334190903898275 0.432267407607178
0 0.8333104201407915 0.42974949324400064 0.06515790444397825 0.40955180596471796 0.06461445594336353 0.43022007986789196 0.8327669716401769 0.45041776714717463
0 0.8274015342620056 0.4508493325277687 0.0725058407500941 0.42448779262156944 0.0684842188525496 0.5396519697596289 0.8233799123644611 0.5660135096658282
0 0.8285877633217877 0.5702201033106088 0.06606357351954939 0.53612250653995 0.061073480284415796 0.6477159078799579 0.8235976700866541 0.6818135046506167
0 0.8201908253885175 0.6833898967003601 0.0758500968599866 0.63440670751246 0.06809536015962428 0.752246449284939 0.8124360886881552 0.8012296384728392
0 0.8556780991805113 0.7606186253949809 0.0669422548457631 0.7330753240395635 0.06339776979851472 0.8345759528276042 0.8521336141332629 0.8621192541830217
0 0.8489548998695131 0.8612517291051587 0.06329192190032785 0.7886412377588244 0.05908579562584391 0.8341525355513622 0.8447487735950293 0.9067630268976963
0 0.846603248168974 0.9065309379854904 0.059833783920971516 0.8275755162498539 0.05505312331679035 0.8752135086716649 0.8418225875647929 0.9541689304073013