0 0.7927343266318634 0.15503680977770126 0.11085003465142743 0.12670124686720827 0.1043593516455961 0.28289700694020803 0.786243643626032 0.31123256985070097
0 0.8572683457307034 0.04525491568073328 0.11069732377021882 0.033349196979778256 0.10825955631913112 0.18621410022283663 0.8548305782796157 0.19811981892379166
0 0.58574084191149 0.047627085706210805 0.5829809382287607 -0.005035017990313135 0.28255323125 0.010709729687500003 0.28531313493272925 0.06337183338402394
0 0.6999377173220224 0.28660926070898335 0.1516692493314664 0.20148332617833123 0.1422151402830178 0.2623741688197373 0.6904836082735738 0.34750010335038944
0 0.7311057057909636 0.3578837652963982 0.15696140268041597 0.22535260202664076 0.1452617716721591 0.2760371076641087 0.7194060747827067 0.4085682709338661
0 0.7094394913712956 0.4058509664629453 0.1783410692111515 0.2782214599738045 0.16969191556395294 0.314212759959272 0.7007903377240969 0.4418422664484128
0 0.7206134608529046 0.4458530258343444 0.16651654326526844 0.30366634731400677 0.152213888984013 0.3594033314888758 0.706310806571649 0.5015900100092134
0 0.7687642410222955 0.5184767719035618 0.16972016971411846 0.3531171220282983 0.1472045535495788 0.4346838548158461 0.7462486248577557 0.6000435046911096
0 0.7498981017886509 0.6025766274857307 0.17730930657452076 0.42146454773733266 0.16186651510727515 0.4702871849311471 0.7344553103214053 0.6513992646795451
0 0.6436117863043667 0.6056536222529996 0.17021634164855112 0.46358831416728474 0.16249359848989015 0.4893223338292222 0.6358890431457057 0.6313876419149369
0 0.7187295135720642 0.6556385344167195 0.18484609271731858 0.49071057522314837 0.1759670128733457 0.5194527820892322 0.7098504337280913 0.6843807412828034
0 0.8284267542984429 0.7204441784317415 0.16341176109950054 0.5100973366669105 0.15513883687951963 0.5362523223929944 0.820153830078462 0.7465991641578253
0 0.7198467326036215 0.7129535211068807 0.19630530225513726 0.5473553179193715 0.1866535577271952 0.5778694662510129 0.7101949880756795 0.743467669438522
0 0.6702641143443498 0.7153554744250858 0.16897921907861718 0.574211130544522 0.16187132688334696 0.5994553514371511 0.6631562221490797 0.740599695317715
0 0.7598698431999485 0.756684741865245 0.1698893088609189 0.598181856749195 0.16184383941954625 0.6281287587034026 0.7518243737585759 0.7866316438194527
0 0.7593246547682149 0.779061930769782 0.17773920487586478 0.6291301096908261 0.16683145253833692 0.6714412748916727 0.7484169024306869 0.8213730959706288
0 0.7855698811511763 0.8116077682491667 0.18472642088085345 0.6785708415961966 0.1682719285578566 0.7528853522593169 0.7691153888281794 0.8859222789122869
0 0.7077869029399629 0.8344467560033003 0.17948191071775024 0.7594403880863687 0.16572734217173044 0.8563202588297776 0.6940323343939431 0.9313266267467093
0 0.8049880794456596 0.8666729012134953 0.1748005040653095 0.8587403313736433 0.17377531499869264 0.9401844819126041 0.8039628903790428 0.9481170517524561
0 0.6659937071094213 0.9156621811125719 0.1871410317132303 0.8896084111585907 0.18385525775974673 0.9499989669649793 0.6627079331559377 0.9760527369189604