0 0.09661289063046682 0.2625905590051027 0.029107289269141266 0.260936996349778 0.014714759820764853 0.8485024885884037 0.08222036118209042 0.8501560512437283
0 0.10889974986827902 0.8578398540997669 0.09431274535676479 0.31275500806108214 0.06349939333520083 0.3135796035496926 0.07808639784671506 0.8586644495883775
0 0.13053371857627838 0.8640684556811257 0.11821878503635135 0.2945479071856673 0.0923751154002997 0.2951067335086799 0.10469004894022674 0.8646272820041382
0 0.1307006008483989 0.5433301894953413 0.1291257734375 0.5407459234375 0.127672124151601 0.5416317636296588 0.12924695156249993 0.5442160296875
0 0.17919828542436003 0.8273674644248514 0.16356621930087722 0.37972365696830035 0.145998803435015 0.380337124644742 0.16163086955849781 0.827980932101293
0 0.19966924488458143 0.8651984881140893 0.19100346941104512 0.27474949424077794 0.16247427474021278 0.2751682054216311 0.17114005021374906 0.8656171992949424
0 0.2515279930052776 0.8839054135621561 0.2334723507268351 0.36685946411518 0.18467397071367544 0.36856354108208694 0.20272961299211797 0.885609490529063
0 0.2976473655805562 0.8614488572322608 0.2766834322316275 0.2611203383079286 0.22983698635089356 0.26275625220860016 0.25080091969982227 0.8630847711329326
0 0.3128993112562545 0.8504932309630983 0.29193537711622447 0.25016471341945257 0.27436795927609675 0.2507781811789349 0.29533189341612676 0.8511066987225805
0 0.33803214339161824 0.8426668955892836 0.31852232274023046 0.2839796623173937 0.29314714843556516 0.28486578440896615 0.31265696908695295 0.8435530176808562
0 0.3638919838506933 0.8556612047860774 0.34401865964891865 0.28656364993091377 0.31473963074201244 0.2875860961333547 0.3346129549437872 0.8566836509885183
0 0.397074882350575 0.8545024322316918 0.3768380215366304 0.2749945559323238 0.34170318714438547 0.2762214913759925 0.36194004795833 0.8557293676753606
0 0.40866531461748484 0.8506233472759096 0.3878225628652479 0.25376493694197805 0.3722070813876804 0.2543102414870652 0.39304983313991726 0.8511686518209967
0 0.4163466951902185 0.8469040660363876 0.3976474116551137 0.25342539886857035 0.3818527845303593 0.2539230548539936 0.4005520680654642 0.8474017220218106
0 0.35037627264176524 0.23361453873038376 0.34686453289283203 0.20433329922146676 0.07769090640056679 0.23661566634016476 0.08120264614949999 0.26589690584908177
0 0.38146896205442055 0.2956788884239179 0.3791665705434892 0.2297468410528214 0.08442435064999802 0.2400394379317911 0.08672674216092936 0.3059714853028876
0 0.3556841056459616 0.22708003800091453 0.35304128454344985 0.1707928851093559 0.037089340527253434 0.1856276106573741 0.03973216162976518 0.2419147635489328
0 0.4438001478693927 0.8493964115572261 0.4235632880874892 0.26988853587279993 0.3962361942925611 0.2708428189612252 0.4164730540744645 0.8503506946456513
0 0.4669810125215335 0.8416382403287948 0.4461382605391678 0.24477983077026252 0.4207631036915734 0.24566595064763716 0.4416058556739391 0.8425243602061695
0 0.4768618663836207 0.8447675329964899 0.45771561738814465 0.2964906204068475 0.446004004614712 0.2968995988794949 0.4651502536101881 0.8451765114691373
0 0.4995580182469242 0.8231289335140431 0.4842894886877528 0.3858954469681906 0.45891433015787764 0.3867815670161834 0.474182859717049 0.8240150535620359
0 0.5248119963243407 0.8187727059254991 0.5103917193102709 0.4058299677872409 0.4830646255182146 0.40678425085381703 0.49748490253228433 0.8197269889920753
0 0.5870452451216777 0.8269790958433221 0.5666972632357745 0.34106142399050315 0.5224421695188683 0.34291462237671727 0.5427901514047715 0.8288322942295363
0 0.6188941847298224 0.878008070265448 0.5925414054305176 0.19093692539120613 0.5610051379263713 0.19214650652943413 0.5873579172256762 0.8792176514036759
0 0.6338649588434301 0.8636052348183746 0.6104774187105427 0.19387457744150136 0.590958072256665 0.19455620892055864 0.6143456123895523 0.8642868662974319
0 0.6685150548681145 0.8484978720962847 0.6479146583154705 0.2585796745192786 0.6108278883889691 0.2598747730100196 0.6314282849416132 0.8497929705870255
0 0.6705715902171491 0.4037107022411142 0.6639067503715833 0.21285481547034496 0.6385315918215393 0.21374093625316895 0.645196431667105 0.40459682302393823
0 0.7056018248588624 0.8472027735198473 0.6834261029769093 0.21217318506253538 0.6639067494851222 0.21285481590654212 0.6860824713670752 0.847884404363854
0 0.7151191433546148 0.8399217438400625 0.6956093551023738 0.28123450984300963 0.6858496777523528 0.28157532528843665 0.7053594660045939 0.8402625592854894
0 0.7386320256490125 0.8355563568084007 0.7089180799885045 0.2249573831345985 0.6874135408942776 0.22600387147416373 0.7171274865547856 0.8366028451479659
0 0.7862303246436739 0.8477968156632713 0.7563813553447194 0.21263293002461423 0.7067048582673643 0.2149674334018814 0.7365538275663188 0.8501313190405384
0 0.8379291672468842 0.8529009879668239 0.804216813262628 0.14870327116407528 0.7470627363631236 0.15143943236724938 0.7807750903473797 0.8556371491699981
0 0.5733287977237491 0.9768980356214018 0.5711475776489754 0.9144361084801638 0.24127052643265495 0.9259556769477391 0.24345174650742862 0.9884176040889769
0 0.8951664496940499 0.9432395368251623 0.8920453170085457 0.8889301230163426 0.5894961870366904 0.9063174581448361 0.5926173197221944 0.9606268719536558