0 0.7672284112636546 0.0622353784630176 0.292112862883647 0.035556010383281406 0.28919397015043646 0.0875366763966978 0.764309518530444 0.11421604447643399
0 0.8224860271591604 0.11922418684570327 0.29599388857829423 0.08240826843088336 0.2934052692498606 0.11942724785284384 0.8198974078307268 0.1562431662676637
0 0.775413447783626 0.1453009664887681 0.2870227137350286 0.11114936417039742 0.2830716639562752 0.1676520161900345 0.7714623980048726 0.20180361850840517
0 0.7111880212823879 0.1667087824086049 0.2947296496217211 0.14471211797632605 0.2931534011375368 0.17455490978128263 0.7096117727982036 0.19655157421356148
0 0.7506543912222747 0.19745110111260566 0.2895182696187387 0.17011974118987946 0.2873271483989714 0.20708845200790718 0.7484632700025075 0.23441981193063338
0 0.7447636715871828 0.2351787597173995 0.29101057939741737 0.2034492509237027 0.28855820311933067 0.23851986379167442 0.7423112953090962 0.2702493725853712
0 0.7700214090847508 0.27218705033726787 0.2920219685152248 0.23876207298145297 0.28956959240128305 0.27383268493883967 0.767569032970809 0.30725766229465457
0 0.7850837976962243 0.31107038801227044 0.2868055095632554 0.2656828233057561 0.28322969776879214 0.3049391568665455 0.781507985901761 0.35032672157305983
0 0.7314221600153499 0.3311935150154008 0.2953816214871033 0.2913288872116647 0.292179320162977 0.3263557586721549 0.7282198586912236 0.36622038647589095
0 0.7324724368646633 0.3605020338381296 0.3371055416512183 0.33750733783771597 0.3359007186676389 0.35822285946457455 0.7312676138810839 0.3812175554649882
0 0.7347288704088009 0.37834091979604056 0.3359330631565399 0.35524655017096884 0.3348784476941806 0.37345775192620956 0.7336742549464417 0.39655212155128133
0 0.7578746447008279 0.3948194773129822 0.33097240831805075 0.3731365629446421 0.32979548847840545 0.3963082502488854 0.7566977248611826 0.4179911646172255
0 0.7251734176655703 0.41479661303821136 0.3365166101433875 0.3942683799194422 0.3352431261029183 0.4183789908393208 0.7238999336251012 0.4389072239580899
0 0.6924315244965149 0.4355370449070198 0.33859899381069936 0.415552209469267 0.3373561076151183 0.4375575729513271 0.6911886383009338 0.45754240838907984
0 0.7602419754459175 0.4605780343020407 0.33365459129260777 0.4355669232584468 0.3316747506136844 0.46933491760264684 0.7582621347669942 0.4943460286462408
0 0.7094656292160618 0.49071019441061897 0.33144895707826705 0.467202160294936 0.32891158105377993 0.5080039745180557 0.7069282531915746 0.5315120086337386
0 0.7759036168987596 0.5354385825756777 0.3251253903671446 0.507959061555199 0.32284484215765114 0.5453695199336109 0.7736230686892662 0.5728490409540895
0 0.7698601530092612 0.572792400052909 0.32612331147780566 0.544678504601334 0.3239506760383079 0.5789703866844346 0.7676875175697636 0.6070842821360096
0 0.7324600508955801 0.6102341176380947 0.3271996546017467 0.5818955500144231 0.32488352157677625 0.6150177952892585 0.7301439178706096 0.6433563629129301
0 0.6748599365431011 0.6375326354268391 0.3354110581123743 0.6137960542712014 0.33391238363266523 0.6352280948811935 0.673361262063392 0.6589646760368313
0 0.6736206361287052 0.6570389062083339 0.3342374263563242 0.6307477579551409 0.3326122972662936 0.6517259792772957 0.6719955070386746 0.6780171275304887
0 0.7050015527767353 0.7042508534175159 0.32398750563217843 0.6776077708666788 0.32071767269141455 0.7243685869197709 0.7017317198359714 0.751011669470608
0 0.7003271835239623 0.6663980093885645 0.32526626673100223 0.650543518098864 0.32368745662876147 0.6878925540009543 0.6987483734217216 0.7037470452906548
0 0.7042115263258888 0.7668943612729431 0.3302782809222549 0.7374926492603 0.3291171330686638 0.7522602173903492 0.7030503784722977 0.7816619294029922
0 0.6721142033001501 0.7763511330973978 0.3326653243394716 0.7526145542805155 0.33130289314900035 0.7720982272998809 0.6707517721096788 0.795834806116763
0 0.7050592396395601 0.7532022480603948 0.3309727205858385 0.7270435692469983 0.3300190187339773 0.7406821405419342 0.7041055377876988 0.7668408193553307
0 0.7411170000599807 0.7850920672096495 0.3289290758438993 0.756269073700137 0.32129945953529304 0.8653776473037664 0.7334873837513745 0.8942006408132792
0 0.6852880419107568 0.7870618085276633 0.3319841065147394 0.7623564155513141 0.3295317329783112 0.7974270263410551 0.6828356683743285 0.8221324193174043
0 0.7736777327042942 0.019836705487049508 0.2876630547427764 -0.0031772156538272785 0.2856607310068037 0.03910843917901864 0.7716754089683215 0.06212236031989542