0 0.0889898311733494 0.8386743354685683 0.03394533991372324 0.1639769434658719 -0.012234645537457275 0.16774448997734118 0.04280984572216888 0.8424418819800374
0 0.15149224031690772 0.8236118933070818 0.10707736920077279 0.16561380335567277 0.03319524463151472 0.17060084676908474 0.07761011574764963 0.8285989367204938
0 0.16381243235323312 0.7948323103587518 0.12263983816496157 0.1726686653045669 0.10593907909538572 0.17377386259674854 0.14711167328365726 0.7959375076509334
0 0.18377330484076435 0.8053747574164012 0.1597956199442676 0.13399958031449047 0.11846069423566881 0.13547582766122615 0.14243837913216556 0.8068510047631369
0 0.220703125 0.152777778125 0.14453125 0.15277777812499999 0.14453125000000006 0.809027778125 0.22070312500000006 0.809027778125
0 0.24133484798379157 0.8192394162326462 0.23628331142055248 0.19060375525407824 0.16960234933613577 0.19113958441387652 0.17465388589937486 0.8197752453924446
0 0.2848788545441241 0.7983981892601111 0.25774035755940783 0.2114025479615144 0.23272426553766934 0.2125591138542345 0.2598627625223856 0.7995547551528311
0 0.302734375 0.16666666718750006 0.25390625 0.16666666718750006 0.25390625000000006 0.815972221875 0.30273437500000006 0.815972221875
0 0.3190567274817199 0.7740475639875843 0.3081508083466843 0.2079091847754888 0.2729407366193586 0.20858746098691866 0.2838466557543942 0.7747258401990141
0 0.3322206678272387 0.7775083397820961 0.31184439308603784 0.2462158416188581 0.29810395049923727 0.24674281881914287 0.31848022524043806 0.7780353169823808
0 0.3617666941448837 0.7949825474119372 0.3511681701044881 0.16943410608372056 0.3062591865646643 0.1701949887112369 0.3168577106050599 0.7957434300394535
0 0.4044191097199755 0.798183513850461 0.3892211239850842 0.20377340375711478 0.3441511558218661 0.20492576089503264 0.35934914155675746 0.7993358709883789
0 0.4261915286381034 0.7810861801107737 0.41915802069012653 0.21840554427262343 0.388216674728558 0.21879231109714303 0.3952501826765349 0.7814729469352932
0 0.4377035264133564 0.7534056854647575 0.43111619490036457 0.24984078787548403 0.4166292117350034 0.25003029782979225 0.42321654324799524 0.7535951954190656
0 0.43739342977080337 0.7499654781854723 0.431278169379392 0.24987307393054672 0.4166743748250923 0.25005165294043047 0.4227896352165036 0.750144057195356
0 0.43802552889243385 0.7534505570951346 0.43076217082001395 0.2498577346144824 0.4163921633452296 0.2500649943392707 0.4236555214176495 0.753657816819923
0 0.4457447371912747 0.7533858483202516 0.4393072073440959 0.21167963226875544 0.425678520252323 0.2118415928985792 0.43211605009950177 0.7535478089500753
0 0.4665606366591624 0.7429461192795921 0.461423503275198 0.24978131441900833 0.435637817412119 0.25004991531341536 0.4407749507960834 0.7432147201739991
0 0.47621861408402955 0.7569175083168329 0.47053730962487805 0.21151228023828256 0.43914603988418144 0.2118392726314148 0.44482734434333293 0.7572445007099652
0 0.5221871183861782 0.7776791616600339 0.5136002456404475 0.12126044433422942 0.4621918916274894 0.12193293733652392 0.47077876437322014 0.7783516546623284
0 0.4980468750000001 0.3333333328125001 0.48046875 0.3333333328125001 0.4804687500000001 0.7569444437499999 0.49804687500000017 0.7569444437499999
0 0.5234375000000001 0.7048611109375 0.517578125 0.7048611109375 0.5175781250000001 0.7638888890625 0.5234375000000002 0.7638888890625
0 0.5234375 0.16666666718750006 0.513671875 0.16666666718750006 0.513671875 0.6701388890625 0.5234375 0.6701388890625
0 0.5454377094276157 0.7742621742658841 0.5402473035012645 0.12834499047446052 0.5153884176310031 0.12854474937820434 0.5205788235573543 0.774461933169628
0 0.568359375 0.09722222187500007 0.513671875 0.09722222187500007 0.5136718750000001 0.78125 0.5683593750000001 0.78125
0 0.5803631947113513 0.1528225001825811 0.5680143598910107 0.1527156352659077 0.5627255630906602 0.7638654879858897 0.5750743979110009 0.7639723529025632
0 0.615964855514245 0.2922053838167903 0.5776238162816629 0.2914943892698004 0.5679071450129821 0.8154748837754499 0.6062481842455641 0.8161858783224398
0 0.669921875 0.25347222187500007 0.603515625 0.25347222187500007 0.6035156250000001 0.7256944437499999 0.6699218750000001 0.7256944437499999
0 0.626953125 0.2708333328125001 0.603515625 0.2708333328125001 0.6035156250000001 0.7326388890625 0.6269531250000001 0.7326388890625
0 0.6926269080704937 0.33029698046113753 0.6676757992498432 0.3296867631275081 0.6578241390433993 0.732510203774509 0.6827752478640498 0.7331204211081385
0 0.693359375 0.2569444437500001 0.66796875 0.2569444437500001 0.66796875 0.3402777781250001 0.693359375 0.3402777781250001
0 0.759765625 0.1701388890625001 0.638671875 0.1701388890625001 0.6386718750000001 0.7534722218750001 0.7597656250000001 0.7534722218750002
0 0.7907988290762301 0.19810414106243865 0.7586242066326119 0.19681141073333558 0.7365480692447196 0.7462619569750167 0.7687226916883378 0.7475546873041198
0 0.82421875 0.1597222218750001 0.763671875 0.1597222218750001 0.7636718750000001 0.7465277781250002 0.82421875 0.7465277781250002
0 0.8833221131115527 0.22166671007870895 0.8218592117155031 0.2184753671228338 0.7948939067803386 0.7378071660738932 0.8563568081763882 0.7409985090297683
0 0.8984375 0.1840277781250001 0.82421875 0.1840277781250001 0.82421875 0.7222222218750002 0.8984375 0.7222222218750002
0 0.9438613243777045 0.1425642999642231 0.8274929827429931 0.13567406917327182 0.7922616739261609 0.7306917260592102 0.9086300155608724 0.7375819568501615
0 0.41796875000000017 0.8576388890625 0.15429687500000008 0.8576388890625 0.1542968750000001 0.9479166671874999 0.41796875000000017 0.9479166671874999
0 0.3828125000000001 0.8611111109375 0.16015625000000008 0.8611111109375 0.16015625000000008 0.8993055562500001 0.3828125000000001 0.8993055562500001
0 0.8253667968199654 0.8364358484359384 0.8231803892591344 0.8007700715333046 0.627750890781123 0.8127504227323887 0.629937298341954 0.8484161996350226