0 0.10532192474813051 0.24892487103109415 0.037827410407609355 0.24442893708851945 -0.0012347911094319985 0.8308442078952851 0.06625972323108917 0.8353401418378598
0 0.10109463576602111 0.2987107912224941 0.0702712766109496 0.2984595138375315 0.06582620697442138 0.8437213880663054 0.09664956612949288 0.8439726654512679
0 0.12562153029577788 0.2813490903694117 0.09977410068378392 0.2810056451922102 0.09220555160402928 0.8506090421533818 0.11805298121602321 0.8509524873305834
0 0.12941336695390032 0.528612347901276 0.12792968750000008 0.5277777781250002 0.12644600804609987 0.5304154302237241 0.1279296875000001 0.53125
0 0.16796875000000006 0.36805555624999997 0.15039062500000006 0.36805555624999997 0.15039062500000006 0.815972221875 0.16796875000000008 0.815972221875
0 0.1990528305371114 0.26410288729228404 0.17052640243699618 0.2635256888803239 0.1585805263685137 0.8539174288770178 0.18710695446862893 0.854494627288978
0 0.23828125000000006 0.3576388890625 0.18945312500000006 0.3576388890625 0.18945312500000008 0.875 0.23828125000000008 0.875
0 0.28515625000000006 0.25347222187499996 0.23828125000000006 0.25347222187499996 0.23828125000000008 0.8541666671874999 0.2851562500000001 0.8541666671874999
0 0.30078125000000006 0.24305555625 0.283203125 0.24305555625 0.28320312500000006 0.84375 0.3007812500000001 0.84375
0 0.326171875 0.27777777812500004 0.30078125 0.27777777812500004 0.30078125000000006 0.8368055562500001 0.32617187500000006 0.8368055562500001
0 0.35156250000000006 0.28125 0.322265625 0.28125 0.32226562500000006 0.8506944437499999 0.3515625000000001 0.8506944437499999
0 0.38476562500000006 0.27083333281250005 0.34960937500000006 0.2708333328125 0.3496093750000001 0.8506944437499999 0.3847656250000001 0.8506944437499999
0 0.39648437500000006 0.2500000000000001 0.38085937500000006 0.2500000000000001 0.3808593750000001 0.847222221875 0.3964843750000001 0.847222221875
0 0.40631509205941796 0.25000355109508576 0.3905127188967865 0.24994967936844392 0.3884885039004798 0.8437194121582113 0.4042908770631112 0.8437732838848533
0 0.359764137558577 0.2285550206828592 0.3572764374459391 0.1991690601637289 0.08714014554469733 0.22203773867273324 0.08962784565733516 0.2514236991918636
0 0.388671875 0.22569444375000006 0.09375000000000003 0.22569444375 0.09375000000000003 0.2916666671875 0.388671875 0.2916666671875
0 0.3652967876379859 0.22220974169441035 0.36461996971964666 0.165864644358157 0.04834277160386431 0.16966376948113682 0.04901958952220359 0.22600886681739016
0 0.4316406250000001 0.2673611109375001 0.404296875 0.2673611109375001 0.4042968750000001 0.847222221875 0.43164062500000017 0.847222221875
0 0.4550781250000001 0.24305555625000008 0.4296875000000001 0.24305555625000008 0.42968750000000017 0.840277778125 0.45507812500000017 0.840277778125
0 0.46484375 0.2951388890625001 0.453125 0.2951388890625001 0.4531250000000001 0.84375 0.4648437500000001 0.84375
0 0.4882812500000001 0.38541666718750006 0.462890625 0.38541666718750006 0.4628906250000001 0.8229166671874999 0.48828125000000017 0.8229166671874999
0 0.5136718750000001 0.40625 0.486328125 0.40625 0.4863281250000001 0.8194444437499999 0.5136718750000002 0.8194444437499999
0 0.5755808138020206 0.8298177437409583 0.5722035096488163 0.3434859456795222 0.5279106996980036 0.3437935346375139 0.531288003851208 0.8301253326989502
0 0.605629466201341 0.8819271450615978 0.6032711770627545 0.1943548459388904 0.5717119065581542 0.19446309038816167 0.5740701956967407 0.882035389510869
0 0.6210937500000001 0.1979166671875001 0.6015625 0.1979166671875001 0.6015625000000001 0.8680555562500001 0.6210937500000002 0.8680555562500001
0 0.6562500000000001 0.2638888890625001 0.619140625 0.2638888890625001 0.6191406250000001 0.8541666671874999 0.6562500000000002 0.8541666671874999
0 0.673828125 0.21875000000000008 0.6484375 0.21875000000000008 0.6484375 0.40972222187499996 0.673828125 0.40972222187499996
0 0.6933593750000001 0.21875000000000008 0.673828125 0.21875000000000008 0.6738281250000001 0.8541666671874999 0.6933593750000002 0.8541666671874999
0 0.7031250000000001 0.2881944437500001 0.693359375 0.2881944437500001 0.6933593750000001 0.847222221875 0.7031250000000002 0.847222221875
0 0.7267759081421017 0.8436800823386665 0.7183896640238927 0.23241606735686998 0.6968617039340942 0.23271142046821827 0.7052479480523033 0.8439754354500147
0 0.7739180265801718 0.8575742416717782 0.7662541407656174 0.22175556691359594 0.7165264325881345 0.22235496339630645 0.724190318402689 0.8581736381544888
0 0.8254072429961207 0.8644795686248715 0.8162915712137838 0.15953428533958394 0.7590768206548351 0.16027413125325973 0.7681924924371719 0.8652194145385472
0 0.5566406250000002 0.9166666671874999 0.22656250000000008 0.9166666671874999 0.22656250000000008 0.9791666671874999 0.5566406250000002 0.9791666671874999
0 0.8794568880861799 0.9567606385779801 0.8782330281597585 0.902375382132465 0.5752613944215054 0.9091933115789533 0.5764852543479269 0.9635785680244684