0 0.12391470804522223 0.22258793831556126 0.07190130761214229 0.21764411550451568 0.026877394734375747 0.6913356087237286 0.07889079516745567 0.6962794315347741
0 0.16761683175058925 0.1683005243443851 0.13071074572461777 0.16442153768613502 0.07554293550993511 0.6893080941575724 0.11244902153590661 0.6931870808158225
0 0.21145917127393607 0.2182960646963837 0.15512882727657662 0.212375509237353 0.10395345314884055 0.6992768563756304 0.16028379714620003 0.7051974118346611
0 0.20447751030077818 0.28017771100199135 0.1750127036913808 0.2773424222315132 0.13508293401639 0.6922994289680571 0.16454774062578736 0.6951347177385354
0 0.24328902131470348 0.24242894305278676 0.20648853255155367 0.23894117348344154 0.16290332518148465 0.6988215933825455 0.19970381394463446 0.7023093629518906
0 0.2788458695647064 0.24981813195545258 0.24388220856757803 0.24614330332031426 0.19633627832434625 0.6985126385654947 0.23129993932147466 0.7021874672006331
0 0.31671310028762323 0.22586735262061333 0.2817494387487499 0.2221925236101001 0.23166288205694166 0.6987342649564254 0.26662654359581495 0.7024090939669386
0 0.3616221277827313 0.21436714505101512 0.3221857778737911 0.2080741226620842 0.24332725581307885 0.7022551500104429 0.282763605722019 0.7085481723993738
0 0.36941398128877295 0.26631992089170153 0.33056546948857546 0.26223677776491694 0.28483426682793045 0.6973401065082176 0.32368277862812794 0.7014232496350024
0 0.3876637913555475 0.26448912076360676 0.36732614311665446 0.2627014149504757 0.33264141083806786 0.657288644661733 0.3529790590769609 0.659076350474864
0 0.40477025346336915 0.26285781460183777 0.386606951400321 0.2611682798097806 0.3496088766436432 0.6589151689037634 0.3677721787066914 0.6606047036958206
0 0.42700016757989623 0.24059860092728397 0.4038934703056432 0.23861206660479853 0.36727962463528824 0.6644919713086861 0.39038632190954126 0.6664785056311715
0 0.4468135127510197 0.27416230543900016 0.422875475362588 0.27199486219194907 0.3877831202356951 0.659567690324182 0.4117211576241268 0.661735133571233
0 0.46445715055906484 0.3075248609774636 0.4426373209110605 0.3054610537483743 0.409270309142063 0.6582374673593134 0.43109013879006736 0.6603012745884029
0 0.5033191351023955 0.24168776788298554 0.4695877882419732 0.23853348833035967 0.4298014990415225 0.6640015227638489 0.46353284590194466 0.6671558023164748
0 0.5387916388822589 0.29434614528065445 0.49808845291321857 0.29034021365697515 0.4609957792048121 0.6672288223186278 0.5016989651738524 0.6712347539423071
0 0.5818510134376471 0.22899483868386583 0.5444764554525465 0.22545980270063462 0.5019474679510917 0.6751022156663605 0.5393220259361923 0.6786372516495918
0 0.6160645411126887 0.23614813581033434 0.5816604685005314 0.23279993363904133 0.5385899616313979 0.675366054189599 0.5729940342435551 0.6787142563608921
0 0.6513009374527441 0.27499934406981036 0.61827970124632 0.271528672691751 0.5758150178717667 0.675553193424736 0.6088362540781908 0.6790238648027953
0 0.6649180601279665 0.3322921328658325 0.6435513772373909 0.3300464032217416 0.6079826518588104 0.668460102299829 0.629349334749386 0.6707058319439199
0 0.6823998966469631 0.3341295474821265 0.6610332177150973 0.33188381825411295 0.625464492269203 0.6702975179726476 0.6468311712010688 0.6725432472006612
0 0.757899095579026 0.30715135054498666 0.7112808829179535 0.3022515790280253 0.6713568176447442 0.682103692286407 0.7179750303058168 0.6870034638033684
0 0.7105599452511366 0.308966833669328 0.6735448136307378 0.30536852189960684 0.6372477288792279 0.678749555977714 0.6742628604996267 0.6823478677474352
0 0.7883132318404594 0.3068717780158708 0.7736897512809756 0.30521755577890924 0.731529112255373 0.6779215802990712 0.7461525928148568 0.6795758025360328
0 0.8016137409880193 0.3396767309942302 0.7821894855200384 0.337635159462354 0.7466207719588929 0.6760488609133231 0.7660450274268737 0.6780904324451992
0 0.7738014463860616 0.30533140805211423 0.7602044672253406 0.3039023079465557 0.7210062932422489 0.6768480188267116 0.7346032724029699 0.6782771189322702
0 0.9021090911322887 0.2804122530479602 0.7933332578911393 0.26897945221862446 0.7501426772133628 0.6799103755790012 0.8589185104545122 0.691343176408337
0 0.828317058218875 0.3285179694251769 0.7933533979562412 0.3248431407790358 0.7563329017164896 0.6770696465346114 0.7912965619791235 0.6807444751807527
0 0.07201679761587718 0.21343670342923607 0.03016250535948265 0.20975765682232012 -0.012434873178110113 0.694362316985411 0.029419419078284426 0.6980413635923268