0 0.7091734148605153 0.19894401384256297 0.7058026831848518 0.10592207519858983 0.056792628093574105 0.12943952476382736 0.06016335976923757 0.2224614634078005
0 0.6874080397375051 0.20432565378842948 0.6845177025920979 0.16861151076845643 0.06285686381554575 0.2189223753790388 0.0657472009609529 0.25463651839901186
0 0.7614420672365091 0.27728518374218614 0.7605580610361302 0.20089708969959807 0.02879892117521988 0.20936542007134898 0.02968292737559882 0.285753514113937
0 0.7535567816835343 0.33596019667725996 0.013821750432943838 0.33260403986377257 0.013685168810520093 0.36270817871862615 0.7534202000611107 0.3660643355321135
0 0.8259621794915143 0.3672510765913576 0.019730333855814068 0.3598907667090649 0.019069514783979776 0.43227540654576224 0.8253013604196798 0.43963571642805493
0 0.9398835175077427 0.44389796536820486 0.5832700452393971 0.4341902942711579 0.5813453530585201 0.5048942926667203 0.9379588253268658 0.5146019637637673
0 0.7074246594309189 0.5754516631766975 0.06742010167538293 0.5305512693523383 0.06406790809089576 0.578333014451125 0.7040724658464318 0.6232334082754841
0 0.7215713147857551 0.6078637478519302 0.020129808132201575 0.570244691442631 0.01784661137536663 0.6128169706533592 0.7192881180289202 0.6504360270626584
0 0.7345737562640812 0.6153129092857433 0.0414808349662669 0.6003203518620498 0.03905090061285339 0.7126541086704579 0.7321438219106677 0.7276466660941516
0 0.8615249869768504 0.6269643551141733 0.14475346225293667 0.565051810514628 0.12793383382418605 0.7597753643944318 0.8447053585480997 0.8216879089939771
0 0.7191075426276138 0.8286490518725402 0.1065766986429463 0.7730683514540838 0.0935691150349795 0.9164193007153008 0.706099959019647 0.9720000011337573