0 0.692501369097015 0.08108593079362579 0.6870556927690965 0.017985854663476984 0.05866726466114268 0.0722171678021049 0.06411294098906112 0.1353172439322537
0 0.715321107259307 0.15306466755866865 0.7049811680484104 0.04532099147037966 0.07139863196256582 0.10612460562259296 0.0817385711734625 0.21386828171088199
0 0.6755068977332579 0.1956672403040533 0.6684363035303076 0.13710189099792103 0.06045366504619998 0.21050363059464966 0.06752425924915031 0.26906897990078193
0 0.8028429929684116 0.24738325141002998 0.7983467493909473 0.182012434750131 0.036020453605352984 0.2344456899317314 0.040516697182817245 0.2998165065916304
0 0.7801575402891714 0.2709289577130448 0.7744012500589603 0.21536831904947523 0.031039407837936996 0.2923833896608635 0.03679569806814814 0.3479440283244331
0 0.8419552357117593 0.3314116797467275 0.8381589707460357 0.2684010461141172 0.03041744747189818 0.31706586139029475 0.03421371243762185 0.3800764950229051
0 0.8013903017702523 0.3570537354085479 0.7984516864767166 0.31139846709679553 0.03974424628503468 0.3602329032858966 0.04268286157857032 0.4058881715976489
0 0.7870282936028293 0.4044770919364967 0.7834683854643993 0.36160822093961525 0.05657105524124688 0.4219710824167168 0.06013096337967696 0.4648399534135983
0 0.8061608700791792 0.43669335338409176 0.8031324231598658 0.4000043425171981 0.05495941596873096 0.46176131511484025 0.057987862888044236 0.49845032598173394
0 0.6469947891608175 0.5406931632393365 0.6414378894701923 0.49801083903407006 0.10872401282049213 0.5673659557355453 0.1142809125111173 0.6100482799408116
0 0.8090013703480998 0.5717725524419269 0.8004780084629004 0.4949844905376485 0.10733717186144669 0.571922103510986 0.11586053374664611 0.6487101654152646
0 0.8078210192764237 0.614604348212931 0.8006114979818412 0.5483028314696514 0.12188632029037309 0.6221063259007495 0.12909584158495568 0.6884078426440291
0 0.8888447252189493 0.6451341354858464 0.8814338366574809 0.5615955776366536 0.13510448769879296 0.6278040899414861 0.14251537626026156 0.7113426477906788
0 0.7716817118347012 0.6993794196972145 0.7675541801862448 0.6530586423058432 0.12670067953060687 0.7101635368034247 0.1308282111790633 0.7564843141947961
0 0.8494443725431214 0.7899614970011596 0.840425679346939 0.6498441912078979 0.06364685650319997 0.6998417974625878 0.07266554969938244 0.8399591032558495