0 0.1488904645415563 0.15969588016526037 0.050589060278451004 0.1517593209743247 -0.013309303848263242 0.9431978742135065 0.08499210041484205 0.9511344334044424
0 0.1983120785190617 0.15927809211786137 0.14401235113448582 0.15513090915665462 0.08311648969111553 0.9524501270822988 0.1374162170756914 0.9565973100435056
0 0.3681072207427446 0.16143074051915413 0.2014771605081355 0.12446302565030223 0.02309567627333693 0.928508327563945 0.18972573650794602 0.9654760424327968
0 0.4052965108419714 0.2580445490987408 0.2503785456534124 0.22352908586951442 0.0912188420044048 0.9378957819085236 0.2461368071929638 0.9724112451377499
0 0.3242221539340998 0.31120794665855545 0.29143465663319457 0.3091572816134366 0.2505328600725071 0.963124416581589 0.2833203573734123 0.9651750816267078
0 0.39055047432598344 0.3101424719861491 0.3240628678648405 0.30393434746973014 0.26247736216593565 0.9635011547703612 0.3289649686270786 0.9697092792867803
0 0.40628343369617176 0.378414162431989 0.3671096677248368 0.37597154364117913 0.33015883312245303 0.9685745943527291 0.369332599093788 0.9710172131435388
0 0.4437120931974407 0.2909179527755278 0.40587377092134663 0.2888801033080712 0.3691924072312448 0.9699712648475837 0.4070307295073389 0.9720091143150403
0 0.5517359850999176 0.2754291124801321 0.4892356374548209 0.2719326087858144 0.4500377815340877 0.9725981410343947 0.5125381291791844 0.9760946447287123
0 0.48885792191896477 0.30720851171844715 0.4407442852638347 0.30460628305410176 0.4048254817233018 0.9687232710479101 0.45293911837843187 0.9713254997122555
0 0.6136950160560641 0.2822440656338793 0.5498913014327969 0.27873936864180926 0.5115551113904304 0.9766574296727502 0.5753588260136977 0.9801621266648203
0 0.6665399045585357 0.303797756410528 0.6131230399678782 0.300190459812761 0.567115848623327 0.9814651605872008 0.6205327132139845 0.9850724571849678
0 0.7025638075372338 0.3620576094316506 0.6556078385035222 0.3593029191361829 0.6189097295858959 0.984852465946228 0.6658656986196074 0.9876071562416955
0 0.7701596014353587 0.3760591220658832 0.7009063560167414 0.37217579445518806 0.6663888742622511 0.9877426162172206 0.7356421196808682 0.9916259438279157
0 0.8294938410183683 0.32418541596082534 0.7732166491738706 0.3208905132122978 0.7337656576383826 0.9947164766919474 0.7900428494828803 0.9980113794404751
0 0.862690792917903 0.39672795811779743 0.822764051319816 0.3946508432206881 0.7917439655062668 0.9909254895350144 0.8316707071043536 0.9930026044321236
0 0.9237405081551854 0.3274466383647779 0.8643744511981387 0.32458677713134965 0.8320321564486513 0.9959600905553831 0.8913982134056979 0.9988199517888114
0 0.9836519438768111 0.3221688989587917 0.9228830819263335 0.318642818564692 0.8834967472973219 0.9974312931016879 0.9442656092477995 1.0009573734957877
0 1.0046943994432223 0.3742974997505025 0.9676076300346222 0.37300240128230344 0.9457203775352964 0.9997713353534164 0.9828071469438964 1.0010664338216155