0 0.17348416445826892 0.13603267964747567 0.07597584276974753 0.12125829419248454 -0.042855272446651015 0.9055225632157338 0.05465304924187035 0.920296948670725
0 0.22281453379114255 0.1390633882406937 0.16893636965150088 0.13113854998558314 0.052570670952738 0.9222676573428112 0.10644883509237968 0.9301924955979217
0 0.38743363664446834 0.14057808421955933 0.22619572326214016 0.10782971431556651 0.06151364134038417 0.9186485531880363 0.22275155472271235 0.9513969230920292
0 0.42240516311488 0.25202775874556427 0.2702722477046069 0.20678984230942876 0.061668546071749784 0.9083139573641933 0.21380146148202286 0.9535518738003287
0 0.3378198089063762 0.2994061913508832 0.3052552264225096 0.29507338127854466 0.21883462316515173 0.9445943194443857 0.2513992056490184 0.9489271295167241
0 0.40406087945565244 0.3029701429097881 0.338168290499982 0.2921392000414552 0.2307237486152128 0.9458033472915623 0.29661633757088324 0.9566342901598951
0 0.41499311963180086 0.3721730026217185 0.3760851665733383 0.3670037102438605 0.2978864463673676 0.9555856500153798 0.33679439942583017 0.9607549423932378
0 0.458434034457562 0.2875008209952066 0.42083003844231215 0.28282846773660475 0.33672751017705016 0.9597017610683952 0.3743315061923 0.964374114326997
0 0.567275231893204 0.27958507493416473 0.505171036432283 0.2717372847909522 0.4171927078182237 0.9679617271963481 0.47929690327914454 0.9758095173395607
0 0.5023335179715547 0.30690090992825003 0.45451860594158966 0.30094878248944934 0.3723608392380805 0.9609424449064348 0.4201757512680455 0.9668945723452353
0 0.6286079467403085 0.2907054722893574 0.5652041307229073 0.2827585904130805 0.4782770219333381 0.9763023599601652 0.5416808379507393 0.984249241836442
0 0.6798205976148012 0.31589293096689686 0.6267854867747223 0.30856824965326524 0.5333670471790924 0.984974100818547 0.5864021580191713 0.9922987821321787
0 0.7116927468725829 0.376523767966261 0.665043317439961 0.37050030505901377 0.5847984722551277 0.9919661130874211 0.6314479016877496 0.9979895759946682
0 0.7781471865564341 0.3952064171731998 0.7093335276188376 0.3865016867737914 0.6319603541134166 0.9981612015685682 0.7007740130510131 1.0068659319679767
0 0.8409554162372415 0.34759802013619323 0.7850451531978649 0.34038544493650835 0.6999989188851212 0.9996447523669072 0.7559091819244977 1.0068573275665922
0 0.8690111879564497 0.4222795543760798 0.8293265983478317 0.41742235063371036 0.7580467305642064 0.9997969946443768 0.7977313201728243 1.0046541983867463
0 0.9347450094215972 0.35742561420018243 0.8757230567514602 0.3504315527119897 0.7987528665033901 0.9999727289659287 0.857774819173527 1.0069667904541213
0 0.9948786634933017 0.3563399404624413 0.9345037972146588 0.3485834276025953 0.8509615769692299 0.9988563617261008 0.9113364432478729 1.0066128745859466
0 1.0122335536086096 0.4098094060912333 0.9753274655341138 0.4059304199814603 0.9128882375000001 1.0000000000000004 0.9497943255744961 1.0038789861097732