0 0.4386289843999084 0.35858803765663066 0.07795778649981437 0.2221146615141162 0.04869500038045247 0.29945021531871385 0.40936619828054643 0.43592359146122817
0 0.5402869473827328 0.33880970160104285 0.09688351165678033 0.23379494686573996 0.08674102093356467 0.27661955036862845 0.530144456659517 0.3816343051039313
0 0.5348382952862899 0.29633047699268183 0.14508653767405838 0.2095482746623254 0.1361221889461909 0.249808495983226 0.5258739465584223 0.33659069831358235
0 0.5400472432605156 0.25004844317679326 0.10188447687142879 0.15071967730404864 0.09079795666854432 0.19962494980031445 0.5289607230576312 0.29895371567305906
0 0.5437528034080163 0.19727823255647836 0.10113173481576032 0.10972770308622448 0.09054165029002484 0.1632670084179637 0.533162718882281 0.2508175378882176
0 0.16798511247494727 0.9998901356191405 0.12204705447063276 0.3102156314893083 0.018906589275406276 0.3170856442915191 0.06484464727972081 1.0067601484213513
0 0.21911116632720762 0.999879879272852 0.17974555437502188 0.3691804798010535 0.1265410350738769 0.3725012828058851 0.16590664702606264 1.0032006822776838
0 0.2662831331400305 0.9999876397098854 0.22741123650357137 0.3667410090664252 0.17804611864352846 0.3697712908966694 0.21691801527998758 1.0030179215401296
0 0.2997687533577861 0.9999725955215428 0.26047546797429627 0.3715459828533 0.2259064443388649 0.3737074611926215 0.2651997297223547 1.0021340738608644
0 0.3475628783167201 0.9999240956855105 0.311840084231088 0.39136135184048937 0.2612877978498516 0.39432878442688957 0.29701059193548374 1.0028915282719109
0 0.4147206600028938 0.9999556629052044 0.3826466728573461 0.3879475125110299 0.3124305328475775 0.39162738437324734 0.34450451999312515 1.003635534767422
0 0.48896575602909575 0.9985148647072071 0.45676370783212317 0.38406320295534124 0.3845971192550171 0.3878452937335569 0.41679916745198964 1.0022969554854229
0 0.5298922308995302 0.9957397930870261 0.4977231277187961 0.3819166113215916 0.4548132602043101 0.3841654217226178 0.4869823633850442 0.9979886034880524
0 0.577351820967317 0.9943510286013929 0.536797022765829 0.3825295274496498 0.49330642958831766 0.3854123163458503 0.5338612277898057 0.9972338174975933
0 0.6313945666358352 0.9918222791857882 0.5966121950507794 0.37654745224337927 0.540167743430475 0.3797383383388312 0.5749501150155308 0.9950131652812402
0 0.6632368157567633 0.9887334280360307 0.6270960183867557 0.37814235198353197 0.5947531919099354 0.3800567191990325 0.630893989279943 0.9906477952515311
0 0.7094174690599789 0.9879383490060496 0.6761564596973474 0.35328043609550475 0.6273952492171334 0.3558359026631205 0.660656258579765 0.9904938155736651
0 0.7767547604923416 0.98278546915235 0.7397178508854676 0.3431857729655808 0.6727561440996136 0.34706328369007844 0.7097930537064876 0.9866629798768478
0 0.9185160030898041 0.35022134491012324 0.9138124241719998 0.26047174156465575 0.5295741073421193 0.28060882495094064 0.5342776862599237 0.37035842829640814
0 0.9493800455997443 0.27848774194204545 0.9490834970509564 0.18977609275754243 0.5354904664037106 0.1911586666827794 0.5357870149524986 0.2798703158672824
0 0.976157368511623 0.11633533862829819 0.5428951464377512 0.11564395732967717 0.5428226308722433 0.16108668930628028 0.9760848529461154 0.16177807060490132
0 0.971701977137362 0.19013260144139746 0.9709399369580819 0.15106647670869844 0.543096043520377 0.15941217875849306 0.5438580836996572 0.19847830349119208
0 0.869354231810288 0.9795564176750894 0.8419726913305394 0.4570855094946695 0.7503016194982143 0.461889786871453 0.7776831599779629 0.984360695051873
0 0.9180314467871604 0.9753982784627592 0.8848544264388188 0.34234303818980183 0.8380436655891582 0.34479628628954256 0.8712206859374998 0.9778515265624999
0 0.9523339133783043 0.9735941514889845 0.9157994242312659 0.3437685518491689 0.882258996101052 0.345714141879506 0.9187934852480903 0.9755397415193217
0 0.9824802336205078 0.9736277355588296 0.948715266253749 0.32935379494322414 0.9155576442092656 0.3310915123266427 0.9493226115760244 0.9753654529422482
0 1.0282526769938456 0.9707699833318403 0.9878153145647286 0.33011224891919677 0.9420961327295929 0.3329979756130687 0.98253349515871 0.9736557100257123