0 0.5882281220263924 0.9062946636085849 0.5789082148594247 0.553265085025355 0.5258789310326677 0.5546650470466099 0.5351988381996354 0.9076946256298399
0 0.627454346163961 0.9074670276754707 0.6104137900383723 0.5545301133395812 0.5713297509783889 0.5564171751179435 0.5883703071039775 0.9093540894538329
0 0.5488407099570696 0.9577475332931348 0.5297837946476938 0.5473769227518794 0.48129788375432786 0.5496285262387229 0.5003547990637036 0.9599991367799785
0 0.5008885988284426 0.9727127386192708 0.49338952049015666 0.5430906823574085 0.42965380837397404 0.5442031929725861 0.4371528867122601 0.9738252492344481
0 0.45956325031538936 0.5351962913027338 0.37057925549879295 0.5291561952367805 0.34242804789332193 0.9438858426287007 0.43141204270991834 0.9499259386946541
0 0.3811703228955513 0.9472481849678838 0.361913646875 0.5395253343749999 0.320464758887131 0.5414829578102178 0.33972143490768236 0.9492058084031019
0 0.34239432602662245 0.9574606691767146 0.32035849843749997 0.5441575265625 0.2609310762618877 0.547325981611849 0.2829669038510102 0.9606291242260635
0 0.31144557674788564 0.5234586497211476 0.24579544542155235 0.5187255388921694 0.2153125681480726 0.9415351811165161 0.2809626994744059 0.9462682919454943
0 0.2743623060445915 0.9510176433331801 0.2506612926030328 0.5216026025149936 0.1958257463428633 0.5246291802904511 0.21952675978442188 0.9540442211086374
0 0.2205748574518224 0.9709709800876718 0.20118895793635044 0.5406640012136754 0.13309716233937924 0.54373162682069 0.15248306185485122 0.9740386056946864
0 0.18374623370791113 0.516083732175735 0.13468217670800625 0.048463355372536064 0.06799615758274727 0.055460241748245584 0.11706021458265212 0.5230806185514444
0 0.202304390625 0.48956891562500005 0.18557461370620829 0.05524340142035583 0.13940827866206273 0.05702168167603253 0.15613805558085442 0.49134719588067666
0 0.25977506406250006 0.5022397187500001 0.2558709483164936 0.045775892219598525 0.1870922097117199 0.04636415385342478 0.19099632545772638 0.5028279803838264
0 0.3275493109375 0.50887040625 0.3132684127087657 0.039634617382490155 0.2521962663981554 0.04149331002010236 0.2664771646268897 0.5107290988876122
0 0.3814004404554077 0.5137052646416607 0.36720520197391676 0.03729417772521138 0.31108974276269685 0.03896620498880306 0.3252849812441878 0.5153772919052523
0 0.4121841586448466 0.5109721241629199 0.3823488656249999 0.0703472328125 0.35212387885434177 0.0723938065638372 0.38195917187418843 0.5130186979142571
0 0.4211336124999999 0.5033300406250001 0.40836344062499996 0.069893146875 0.3862471522479839 0.07054474992929483 0.39901732412298385 0.5039816436792949
0 0.4619883182785152 0.5096571209043652 0.4394710934982672 0.0751283181838998 0.4001838862124497 0.07716417604166312 0.4227011109926977 0.5116929787621285
0 0.4651864687500001 0.04546022656250006 0.4402910657907553 0.04537545542858979 0.43879945341762205 0.4834289457529494 0.46369485637686686 0.4835137168868597
0 0.48968133206328757 0.4946961114294357 0.4887700203125001 0.054815685937500004 0.4642806934748639 0.054866421114658795 0.46519200522565135 0.49474684660659446
0 0.5154162633588688 0.06813612504314667 0.4878063488773742 0.06806747439419021 0.48670289099346575 0.5118561096328966 0.5143128054749604 0.5119247602818531
0 0.5424082211496348 0.5231257252088632 0.5409728522898092 0.07737923395491392 0.5111242139526746 0.07747535093355079 0.5125595828125001 0.5232218421875002
0 0.5669841828125002 0.06321756562500006 0.542331902729936 0.06314266096320642 0.5409662960289271 0.5125848995336637 0.5656185761114912 0.5126598041954574
0 0.600321745062973 0.04716816394471023 0.568556248728787 0.04670567054386599 0.5620137786066557 0.49606302418764237 0.5937792749408417 0.49652551758848656
0 0.6334025975109818 0.027231267734060195 0.5966696144807881 0.026618096648573137 0.5886165965649168 0.5090468631821008 0.6253495795951106 0.5096600342675879
0 0.7105415687500002 0.08805967812500008 0.6313599117109747 0.08719793192270904 0.6267851109375002 0.5075540703125001 0.7059667679765257 0.5084158165147912
0 0.7857793187500002 0.07502586250000011 0.7145100420793673 0.0738586577270239 0.7074956669352563 0.5021549210661063 0.7787649436058893 0.5033221258390824
0 0.8546061768334813 0.08196026577302656 0.7900709544627442 0.07976387922884942 0.7761090092370404 0.49000006568591764 0.8406442316077773 0.4921964522300947
0 0.9092037120346952 0.05795758137780349 0.8455248940874531 0.05786870866017807 0.8449325984374999 0.48225864375 0.908611416384742 0.4823475164676255
0 0.9313428542179075 0.05500835478917913 0.909174368149474 0.054967218418524186 0.9083872115794002 0.4791677295364313 0.9305556976478335 0.47920886590708617
0 0.9628392086249702 0.9645446324090059 0.9450297581388554 0.48148189384944384 0.8814279360175924 0.4838267517974465 0.8992373865037072 0.9668894903570087
0 0.8945663015624998 0.940446575 0.8882521057576878 0.5033931882190184 0.7542565359374999 0.5053290484375002 0.7605707317423119 0.9423824352184818
0 0.8084795937499999 0.9282752671875001 0.7983755303543171 0.5803972550533713 0.765811713148185 0.581343066119261 0.775915776543868 0.9292210782533898
0 0.7683432833453524 0.9287957117234493 0.7554789158112827 0.5342042440336121 0.7166683589799929 0.5354695356279859 0.7295327265140626 0.9300610033178233
0 0.7333525146751725 0.9058258426687613 0.7132126875 0.5392536546875 0.649414958949287 0.5427587630107905 0.6695547861244595 0.9093309509920517
0 0.6690582205709092 0.8972794665529001 0.6505050109374999 0.524720840625 0.6090745806685162 0.5267840527062352 0.6276277903019254 0.8993426786341352