0 0.9124381774236114 0.447518526138186 0.5599396988769352 0.4260344123384659 0.5567125268518379 0.4789839190977351 0.9092110053985142 0.5004680328974552
0 0.9170248712820518 0.40854374735876336 0.5639458066806116 0.3947589803212492 0.5624192891728874 0.4338587614244174 0.9154983537743278 0.4476435284619315
0 0.9602624150028779 0.4912404699381258 0.5497924670820217 0.4744587129202064 0.5478096770374963 0.5229563598260268 0.9582796249583525 0.5397381168439462
0 0.9709913693193659 0.5403144118412113 0.5423505669641303 0.5103409361242872 0.537903912487975 0.5739310769693655 0.9665447148432105 0.6039045526862896
0 0.9422360001512438 0.6075405897211428 0.5315380636729936 0.5433504341880175 0.5177654857392582 0.6314693877937938 0.9284634222175084 0.6956595433269189
0 0.9351895815313986 0.6573577411638339 0.5273399093750001 0.6410057531250002 0.525677574955114 0.6824675341974112 0.9335272471115126 0.698819522236245
0 0.9419836528386227 0.6968762601563127 0.5283327062500001 0.68280649375 0.5263096634335523 0.7422839258442142 0.9399606100221749 0.7563536922505267
0 0.9254797489345898 0.7570986416204196 0.5069357829875198 0.6898814728073044 0.49649889692219223 0.7548692692743819 0.9150428628692623 0.8220864380874969
0 0.9296357633723982 0.7640878512164335 0.49978909854130915 0.7502726889976197 0.4980249265998665 0.8051633528354291 0.9278715914309557 0.8189785150542429
0 0.9443411169759572 0.8189107589662074 0.5132232281144202 0.8083131084734181 0.5115408122441374 0.8767546539534262 0.9426587011056744 0.8873523044462157
0 0.4891296793836556 0.883736386991919 0.4890170318097291 0.8165400924830652 0.01900091454888799 0.8173280254442915 0.019113562122814513 0.8845243199531453
0 0.4636627281250001 0.7956536593750001 0.02953185558250117 0.7744658101967821 0.027279707581100016 0.8206114556900621 0.4614105801235989 0.8417993048682799
0 0.4812942140625001 0.7395060124999999 0.026227104044960925 0.7036118279555201 0.020818665103454526 0.7721801130426972 0.47588577512099367 0.808074297587177
0 0.49380658281249995 0.6725675687499999 0.02443406660540797 0.6502018066109294 0.021527668691326017 0.7111960751517998 0.4909001848984181 0.7335618372908702
0 0.5033164796634362 0.6193427460654719 0.027481083346546524 0.5919620034487828 0.02425596326259712 0.6480096539745301 0.5000913595794867 0.6753903965912192
0 0.5032767172314094 0.5884379601557996 0.06172821875000006 0.5797567296875 0.06113272341561624 0.6100450709209249 0.5026812218970257 0.6187263013892245
0 0.4964437093750001 0.578856509375 0.06354317968750006 0.553801571875 0.062264741684705104 0.5758904910184849 0.4951652713722051 0.6009454285184848
0 0.5065853777720862 0.5388734157562494 0.07175804322522716 0.5179147299726246 0.0698693454325137 0.5570993160410787 0.5046966799793727 0.5780580018247033
0 0.4804122497071844 0.5347301175091304 0.04415568750000007 0.49506530312499997 0.04190146148331051 0.519858584216779 0.4781580236904948 0.5595233986009094
0 0.49381696227247984 0.509817138565725 0.05553099062500007 0.4723868765625001 0.053447147171402865 0.49678743653566826 0.4917331188188827 0.5342176985388931
0 0.5130069645524327 0.49013423733316036 0.07125338915255074 0.44622024817885375 0.06844889421005183 0.47443211623954173 0.5102024696099338 0.5183461053938483
0 0.5265762323842871 0.4597276637788023 0.08235982500000005 0.424706990625 0.08001170824071314 0.4544914549711977 0.524228115625 0.489512128125
0 0.5183306659028606 0.43573449649564094 0.07071771093750004 0.3952026140625 0.06849450337784738 0.419754558002409 0.5161074583432079 0.4602864404355499
0 0.5047121416079243 0.40627476250043726 0.0576349422507297 0.3605931135796853 0.05440566324328979 0.39219742403471725 0.5014828626004844 0.4378790729554692
0 0.5205482098089048 0.3759693404345008 0.0406570977916564 0.32590052952765414 0.03684476953721955 0.36244029175209114 0.516735881554468 0.4125091026589379
0 0.5263349781878717 0.29555048514370574 0.10797714218750006 0.254356640625 0.10021753899962857 0.33316188048129436 0.5185753750000002 0.3743557250000001
0 0.5275408078415349 0.2214759136333949 0.10155032656250003 0.178269221875 0.09435530327601886 0.24920757211391784 0.5203457845550539 0.29241426387231273
0 0.5219152488431666 0.15997189884059193 0.11445699830180245 0.11030864404831561 0.1066443545593994 0.1744068624332604 0.5141026051007636 0.22407011722553669
0 0.5180275219476288 0.09140495848663406 0.09530414004030492 0.053826895335652894 0.08966563059267613 0.1172556509115189 0.5123890125 0.15483371406250007
0 0.5167742205730098 0.0704503506097887 0.09433807455775704 0.031256210302697825 0.09226814156303359 0.053566037995042816 0.5147042875782863 0.09276017830213369
0 1.0015577608905142 0.07933114183180948 0.5203392600928006 0.05504975523451635 0.5171319310733835 0.11861392015996555 0.9983504318710971 0.14289530675725864
0 0.9731592625 0.14532259062500005 0.5372186770976476 0.11352104703470847 0.5274686875 0.24717544531250005 0.9634092729023521 0.27897698890279166
0 0.95353131875 0.2300209140625001 0.6060964614362014 0.2097669617375443 0.6042005497171685 0.24228929649045905 0.951635407030967 0.2625432488154148
0 0.9505516728802978 0.2700498516855689 0.5563405413017832 0.2484743558055202 0.5542184553534125 0.28724750418018513 0.9484295869319272 0.30882300006023383
0 0.9246195646568891 0.3029055141446653 0.5576869921875 0.2910198328125001 0.5556184242348394 0.3548802829613219 0.9225509967042284 0.3667659642934871
0 0.9105020938472219 0.3662102831493141 0.5377441468749999 0.35222226875 0.5361886079039193 0.3936748650043861 0.9089465548761414 0.40766287940370016