0 0.9132912887901414 0.45472455865574873 0.561221447926441 0.42709176857698206 0.5570706708792302 0.4799768884040643 0.9091405117429305 0.507609678482831
0 0.9185574890279564 0.41583576436350034 0.5657727759690072 0.395891017045357 0.5635641056317418 0.4349582019409602 0.9163488186906911 0.4549029492591036
0 0.9603451892756094 0.49927449052040507 0.5502306405743007 0.475331600615715 0.5474017518095938 0.5237872567074515 0.9575163005109024 0.5477301466121416
0 0.9702160520113521 0.5485282042847854 0.5421636440288327 0.5110784690785538 0.5366078640596561 0.5745813211262577 0.9646602720421757 0.6120310563324894
0 0.9402918022042611 0.6152422924606679 0.530776692168047 0.5438942460679614 0.5154683236654188 0.6317594158768648 0.9249834337016329 0.7031074622695712
0 0.9323770296330789 0.6649288809776972 0.5248748562500001 0.6414614249999999 0.5224891671575314 0.6828878791977291 0.9299913405406104 0.7063553351754264
0 0.9384803728845661 0.7045599539956985 0.5251379765625 0.6832731250000001 0.5220772174097259 0.7427061914763664 0.9354196137317918 0.7639930204720649
0 0.9209279553258558 0.7644851295106531 0.5036208377742983 0.6899735985470289 0.4920513477528634 0.754769348546362 0.9093584653044207 0.8292808795099861
0 0.9249613598821238 0.7715458078431382 0.49542126958656024 0.7502308904138677 0.4926993920339145 0.8050824061946141 0.9222394823294782 0.8263973236238845
0 0.9387076816094183 0.8266170092975255 0.5078404095104114 0.8084969288295636 0.5049637802919779 0.8768986882134826 0.9358310523909846 0.8950187686814445
0 0.4829381044912445 0.8162025040706891 0.012750809787545087 0.8161181427649457 0.0127387792605796 0.8831702216525823 0.482926073964279 0.8832545829583257
0 0.45850839375000013 0.7949744562500001 0.024813422515176386 0.7662132063988428 0.021756265028241517 0.8123125183278477 0.4554512362630653 0.8410737681790049
0 0.47711710625 0.7391430734375001 0.02274574509830799 0.6953123404412309 0.01614144848110558 0.7637757915010891 0.4705128096327976 0.8076065244973583
0 0.49079580624999997 0.6724331968749999 0.021885114167385634 0.6418791605617411 0.017914662169551603 0.7028134140625539 0.4868253542521659 0.7333674503758127
0 0.5012331568148796 0.6193824497800617 0.025948091918224947 0.5837014047484851 0.02174529659480775 0.6396842339024504 0.49703036149146246 0.6753652789340271
0 0.5017327633258831 0.588481676336354 0.06040302343750007 0.5720956859374999 0.059279014436783115 0.6023690223574523 0.5006087543251662 0.6187550127563063
0 0.49506801562499997 0.578782434375 0.06267068750000006 0.5461761562499999 0.061006939336614274 0.5682393999530373 0.49340426746161425 0.6008456780780373
0 0.505630914423861 0.5388128937007213 0.07112881644714199 0.515786138401723 0.06904689023206688 0.5550709310933889 0.5035489882087859 0.5780976863923871
0 0.479809109151463 0.5343829736054311 0.044311237500000045 0.4871104749999999 0.04162465247334781 0.5118606383218793 0.4771225241248108 0.5591331369273105
0 0.493646571489654 0.5097077332777212 0.05608060000000006 0.464634028125 0.05357122549566683 0.4889945036860741 0.4911371969853208 0.5340682088387955
0 0.5131771648792014 0.4903627428972424 0.07225727562259336 0.43874577865380643 0.06896084282596432 0.46690440450356985 0.5098807320825723 0.5185213687470057
0 0.5276142948814456 0.4602945813670248 0.08428883369952533 0.4123332231020629 0.08108200288057968 0.4419752057975381 0.5244074640624999 0.48993656406249997
0 0.519449461670396 0.43606419925144346 0.07261205937500007 0.38772656562499996 0.06996069995285298 0.412235968917252 0.5167981022482488 0.4605736025436955
0 0.5063471551151532 0.40637127497788034 0.06013530247069425 0.35289401195463765 0.0563549442228047 0.384437149394514 0.5025667968672636 0.4379144124177567
0 0.5227097145728912 0.37634684699344734 0.043765512783780616 0.3179104063158754 0.039316058367203026 0.3543780687750418 0.5182602601563137 0.4128145094526136
0 0.529899102862109 0.2960412327564144 0.11232391562500002 0.24755231249999995 0.10319015338789117 0.32621012661858567 0.5207653406250001 0.3746990468750001
0 0.5323975297933556 0.22199898699763007 0.1072259890625 0.17136431718750003 0.0987940166881833 0.24216629336768292 0.5239655574190388 0.2928009631778129
0 0.5278462200575376 0.1604061594765705 0.12131677102221054 0.10363934153228686 0.11238664869692447 0.1675914501792751 0.5189160977322513 0.2243582681235587
0 0.5251557429837367 0.09178181370175616 0.10315257127357938 0.04683193301955186 0.09640793610234279 0.11015262244279578 0.5184111078125001 0.15510250312500007
0 0.5242683416529006 0.07080852311860727 0.1025805667742042 0.024247826021469687 0.10012158895418406 0.04651813016311681 0.5218093638328806 0.0930788272602544
0 1.0037656775440955 0.08780483519028554 0.5281016148885855 0.0554724921831905 0.52378542675552 0.11897100146564207 0.9994494894110298 0.1513033444727371
0 0.979277171875 0.15363437812500008 0.5439579957265368 0.11422946482872984 0.5318769000000001 0.2476933453125001 0.9671960761484633 0.2870982586087703
0 0.958174028125 0.2379772453125001 0.6111455663658619 0.21166280293004078 0.6086823503460901 0.24414709630392148 0.955710812105228 0.2704615386863808
0 0.9544962356409972 0.27794808534187565 0.5607216884502251 0.2494959418723151 0.5579232408320618 0.2882261501906526 0.9516977880228341 0.31667829366021316
0 0.9279946666830078 0.31034616731786235 0.5613254124999999 0.29205843750000005 0.5581426407535558 0.35587305823895965 0.9248118949365637 0.3741607880568219
0 0.912774524252901 0.37339490942643777 0.5403174749999999 0.352903503125 0.5380387254968763 0.39432263773365894 0.9104957747497773 0.4148140440350968