0 0.7570591262930346 0.12232097059004529 0.7509791758922224 0.06910537161361938 0.07902639680375148 0.14587683800932214 0.08510634720456377 0.19909243698574805
0 0.7644060595321623 0.17469277843864836 0.7589412227083747 0.12316277825363428 0.08927809918360353 0.19418159610403968 0.09474293600739125 0.24571159628905376
0 0.7710376393181909 0.24659164361771585 0.764377631316904 0.17568369463367367 0.08863939804192493 0.2391522070482642 0.09529940604321183 0.31006015603230636
0 0.7709727337524125 0.340984652650533 0.765946609375 0.25038778281249996 0.08459823990688266 0.28818756171674054 0.08962436428429507 0.3787844315547736
0 0.7276935505249749 0.4351300297584634 0.7204563407008082 0.3294633633313942 0.0967474130614518 0.3721817771052164 0.10398462288561842 0.47784844353228556
0 0.8266585727476802 0.5021426631729695 0.8220463709875061 0.4302120569078401 0.10739412949872633 0.4760356707664209 0.11200633125890043 0.5479662770315503
0 0.8269717426095335 0.5689195726071622 0.8235985266724685 0.5045547785885731 0.11233504132757004 0.5418305185454969 0.11570825726463516 0.606195312564086
0 0.7800860712002657 0.6242221283137861 0.7780446519969286 0.5754667987370768 0.10654873703662741 0.6035827948274245 0.10859015623996451 0.6523381244041337
0 0.8035783186276605 0.6698916445511864 0.8008184147443582 0.6172295395203029 0.10775911502841592 0.653551237096256 0.11051901891171827 0.7062133421271395
0 0.7798722609375 0.7151396468750001 0.7788364749352088 0.6718538356721779 0.11301521448546865 0.687786269937306 0.11405100048775982 0.731072081140128
0 0.7402048515625 0.7543788296875003 0.7395935876472686 0.7170254793750502 0.11346560355942199 0.7272716671945658 0.11407686747465347 0.7646250175070157
0 0.6925312109375 0.790125990625 0.6920243640839161 0.755832565134339 0.12294444707406926 0.7642434007754976 0.12345129392765322 0.7985368262661585
0 0.8206969107317311 0.8597313563130126 0.8200241179397464 0.7197621017153131 0.12708722771581493 0.7230928542179462 0.12776002050779972 0.8630621088156458
0 0.8331836349896943 0.8904764776084644 0.8331504903439428 0.8545633920980714 0.13539895935393542 0.8552073559064842 0.13543210399968678 0.8911204414168772