0 0.8152756563483294 0.1132308079145727 0.13930150846876774 0.08981785572532511 0.1374343804002659 0.1437252098635693 0.8134085282798276 0.1671381620528169
0 0.8146617914958668 0.16808848715317543 0.14161022585077848 0.13891255362974597 0.1393597705153016 0.1908276872360358 0.8124113361603899 0.2200036207594652
0 0.8117780374417742 0.22044304205364035 0.13294212915444392 0.18877144073354785 0.12960731497662303 0.26024845853543493 0.8084432232639533 0.2919200598555275
0 0.8017203187499999 0.2950641390625 0.12019531493341981 0.24842425009981334 0.11406659636956792 0.3379801010145001 0.795591600186148 0.38461998997718677
0 0.7443802514507373 0.3655510366597672 0.12088760593221899 0.3189551809255731 0.11296672887678608 0.4249433318523656 0.7364593743953043 0.4715391875865597
0 0.8288185725619573 0.4813614957755269 0.11534700494243486 0.42074210044908905 0.10925669024153066 0.4924232241810385 0.8227282578610531 0.5530426195074764
0 0.8185760898415891 0.5549850470350892 0.10950520695216773 0.48680331352270423 0.10333190446482635 0.5510039259088282 0.8124027873542478 0.6191856594212132
0 0.7627089585822824 0.6179927686451474 0.09483690687407564 0.5435379888304279 0.08942895689174207 0.5920482209367411 0.7573010085999489 0.6665030007514605
0 0.7787349622433241 0.6628042145032764 0.08828307105448494 0.5923798376695862 0.08294832852382125 0.6446825094844997 0.7734002197126604 0.7151068863181899
0 0.747992002098791 0.7129848721899495 0.08700197079537263 0.633266579741006 0.08178128275908186 0.6765542950510566 0.7427713140625002 0.7562725875000001
0 0.702357207047264 0.7515834262735086 0.08175144872777407 0.6698696931326014 0.07684815730551019 0.7071095887340928 0.6974539156250001 0.788823321875
0 0.6495633287527707 0.782571382956754 0.08602847548402535 0.7034445907094301 0.08124027485625475 0.7375457827526761 0.644775128125 0.8166725749999999
0 0.7759296276442504 0.7646673747234086 0.08960592510612185 0.6925318581362098 0.07490661215337654 0.8323865007282496 0.7612303146915051 0.9045220173154485
0 0.7735501655679315 0.9023002731565197 0.084175989705185 0.7945321171177816 0.07863146603755922 0.8299994719878703 0.7680056419003057 0.9377676280266085