0 0.3856841271481925 0.9310527426606356 0.35092979929205603 0.2679003151013999 0.24170469341047068 0.2736245573452251 0.2764590212666072 0.9367769849044609
0 0.2761864528175306 0.9315757889534038 0.2425224400687851 0.2892281462109533 0.16645495627904697 0.2932146740249729 0.20011896902779253 0.9355623167674233
0 0.20137726055861824 0.9333480815227981 0.17623060259429274 0.31632845771971324 0.12785470218373923 0.3183000193595885 0.15300136014806476 0.9353196431626734
0 0.38038361642064544 0.9213229666448622 0.3588150563468264 0.39551331702762804 0.314525145610273 0.39733007638356765 0.336093705684092 0.923139726000802
0 0.45180577839163166 0.9252524100284383 0.42231243252455924 0.31374524375349744 0.3536970429908407 0.31705460385086054 0.3831903888579131 0.9285617701258013
0 0.4926862147717239 0.9202295171610521 0.4607939926663671 0.3116896431571524 0.42178502625988107 0.3137340163755425 0.45367724836523776 0.9222738903794422
0 0.5217281354754146 0.9186139130563031 0.4872541353281865 0.4430039168050107 0.46598607140190296 0.4445455060161395 0.5004600715491312 0.9201555022674318
0 0.5661651664163458 0.9108600717150919 0.5183954409013258 0.3258671277627965 0.46173995268526913 0.33049353761778644 0.509509678200289 0.9154864815700818
0 0.635400124409043 0.9382109412221494 0.573208182256508 0.2627396708351079 0.5034508810855257 0.26916236004386856 0.5656428232380607 0.9446336304309101
0 0.6718511046829988 0.9256220674237831 0.6234571914191448 0.36714595730037797 0.5812924832864999 0.3707996771125218 0.629686396550354 0.9292757872359271
0 0.7159285797491375 0.9210574033458372 0.6645078214798785 0.36257280796891217 0.6199122435520655 0.36667880919345147 0.6713330018213245 0.9251634045703765
0 0.7779725411254895 0.9228018666882338 0.7240306095395191 0.3414165212861717 0.6596966653879044 0.34738553519669974 0.7136385969738748 0.9287708805987618
0 0.8520395119566746 0.9116232585049554 0.7880946362053595 0.2382158225609313 0.6433210912117625 0.2519631111303176 0.7072659669630775 0.9253705470743417
0 0.8800029904648976 0.9180644683791161 0.8234881433985597 0.2996499827572875 0.7941002064579077 0.3023356487635197 0.8506150535242455 0.9207501343853484
0 0.9395344526564573 0.9247170849506932 0.866453716525284 0.10627843009968845 0.7435419428442399 0.11725357508649763 0.8166226789754132 0.9356922299375023