0 0.07373977429559934 0.3134146759975218 0.027979753010198078 0.30906933448059937 -0.029165086515252247 0.9108515103698445 0.016594934770149016 0.9151968518867669
0 0.26413988703101027 0.20288489888088207 0.13399712239539943 0.18920639968907785 0.055873304338152886 0.9325079507796747 0.18601606897376372 0.9461864499714789
0 0.2095905044958597 0.3124395625837311 0.1492661519645544 0.30575247201360306 0.07980444813317762 0.9323676292940059 0.1401288006644829 0.9390547198641339
0 0.2739818556371241 0.2803139539392114 0.21357913991751243 0.27338745611334125 0.13732089744868511 0.9383995671282099 0.1977236131682968 0.94532606495408
0 0.40330475678260225 0.286476377380375 0.27774834909536195 0.2614734159892956 0.14447863344380465 0.9307088113084871 0.27003504113104493 0.9557117726995668
0 0.36060719116993867 0.3570810354896873 0.3394852108529773 0.3546351908434624 0.2705733540053621 0.9497485747565602 0.29169533432232353 0.9521944194027852
0 0.4070011892418143 0.3653005290079102 0.3597912225002236 0.3586351452173242 0.2763380413339543 0.9497221750300749 0.323548008075545 0.9563875588206608
0 0.4065771257749253 0.3959563615144389 0.382660836849207 0.3932239521371843 0.3185001850676426 0.9548106230232623 0.3424164739933609 0.9575430324005169
0 0.4845756413468011 0.1923402282884758 0.43017059388347106 0.18592580112639473 0.33866929798091905 0.9620094981964653 0.3930743454442491 0.9684239253585464
0 0.5315651421497039 0.19451765071647306 0.48690091971978083 0.1888173997474329 0.3872573092906061 0.9695732654279713 0.4319215317205291 0.9752735163970115
0 0.5367165452791939 0.3808845609447954 0.5051462825340182 0.3770150656347899 0.4322239111433933 0.971970800262639 0.46379417388856903 0.9758402955726446
0 0.5751497581280923 0.34555086692269643 0.5227042676038592 0.3400386237795602 0.45574072108706315 0.9771542141338594 0.5081862116112963 0.9826664572769956
0 0.6859120277221069 0.05238441057764422 0.5865176157680854 0.03833509921662533 0.4555305532089055 0.9650269293071594 0.554924965162927 0.9790762406681782
0 0.6829064308461639 0.24707659069335858 0.6575940804669465 0.24330909823509383 0.5500746231471141 0.9656914802602031 0.5753869735263315 0.9694589727184679
0 0.6967759394640552 0.3642669055014255 0.6628927562023782 0.35926044528206813 0.5729827950821782 0.9677613733244016 0.6068659783438553 0.972767833543759
0 0.7973659441949985 0.34272161768173504 0.6711082822110889 0.3294514034776883 0.6044169489888204 0.9639770921938309 0.7306746109727301 0.9772473063978776
0 1.0146823657729545 0.386510583711032 0.9486398961867041 0.37956923956365535 0.8834311355775425 0.9999890743755158 0.9494736051637929 1.0069304185228922
0 0.8540351600613526 0.42024763086532635 0.7883388283018753 0.4102314825727597 0.7010243980707533 0.982930449111682 0.7667207298302307 0.9929465974042486
0 0.9166932146444072 0.3928284177521899 0.7992748349502614 0.3749528435553423 0.7061447574064916 0.9866916713860062 0.8235631371006373 1.0045672455828538