0 0.2881690703453691 0.026876679965905443 0.23135692588479723 0.02426900952962897 0.18754982838562495 0.9786745651162831 0.24436197284619685 0.9812822355525597
0 0.33741744859932554 0.07553249923024327 0.28009741953998063 0.07324478109157809 0.24387818613832174 0.9807374813512425 0.30119821519766665 0.9830251994899075
0 0.4072531931731726 0.07788625092678282 0.33307966335743333 0.07529605259790172 0.3019877132078539 0.9656524649756113 0.37616124302359316 0.9682426633044925
0 0.4621976427086259 0.015518258845790906 0.41144732781815296 0.013746017420197798 0.39186537530013577 0.5744993335927276 0.44261569019060865 0.5762715750183207
0 0.46886909335955423 0.1272175141662573 0.45249880368483364 0.126542023165026 0.4339554895984687 0.5759327960543489 0.4503257792731893 0.5766082870555802
0 0.5008052831916499 0.1411540759060767 0.46567044972829813 0.13992714033300244 0.45057292363205315 0.5722636678093939 0.48570775709540487 0.5734906033824682
0 0.5354081201286355 0.16814294442390068 0.5016756859900144 0.1667649308635995 0.4850626750305181 0.5734353107348402 0.5187951091691392 0.5748133242951414
0 0.5652453871141658 0.16057283967048153 0.5354263131904962 0.15931876177959722 0.513468769314111 0.6814184086926488 0.5432878432377807 0.6826724865835331
0 0.8217551900959531 0.23995696159156982 0.7908036414559614 0.1093232981738335 0.5455040152802857 0.16744310521521993 0.5764555639202775 0.29807676863295623
0 0.6055096170259147 0.25198448140656776 0.5606605382601845 0.25008797231689 0.5425639778117477 0.6780395541775723 0.5874130565774778 0.6799360632672501
0 0.6679943274455317 0.9462314740789328 0.6065091174506765 0.9207471462504 0.5924593335991372 0.9546446033976522 0.6539445435939923 0.9801289312261853
0 0.7165672163012997 0.25556014396534554 0.648030679885344 0.253968795510717 0.6321165040466942 0.9393639323980498 0.7006530404626499 0.9409552808526783
0 0.809369216364949 0.20335872231538846 0.7742343823440758 0.20213178686307448 0.7479258250168239 0.955510290417058 0.783060659037697 0.9567372258693719
0 0.7754189500404705 0.22296402502886462 0.7046726349637825 0.22156959329971287 0.6902279746724271 0.9544175820424815 0.7609742897491152 0.9558120137716333
0 0.0429306363403183 0.3221276313229367 0.01271058457725813 0.3213721579623785 0.0029692898819022235 0.7110383530951666 0.03318934164496239 0.7117938264557248