0 0.07964659676567482 0.1864376337246361 0.0066389331651063865 0.1809875165756626 -0.04318221995601161 0.8483724347042708 0.029825443644556814 0.8538225518532443
0 0.12923022437280973 0.261543768513781 0.043119247851577135 0.2565512068484644 0.009335731640548472 0.8392443744586557 0.09544670816178107 0.8442369361239723
0 0.3909241874792865 0.3056025288819054 0.3608392946473942 0.2153591308109875 0.0659152222993773 0.3136794434300078 0.0960001151312696 0.4039228415009258
0 0.09781926175987932 0.3627751749105953 0.05562133206091604 0.3615810431523553 0.04198002782322689 0.8436340437965933 0.08417795752219018 0.8448281755548332
0 0.14665228375651773 0.3729081432384612 0.09547648360882958 0.3714867709059003 0.08236028369498097 0.8437289907040608 0.13353608384266913 0.8451503630366217
0 0.1686043058172589 0.3725452135182634 0.14466088272637923 0.37185462415991344 0.13112451196113767 0.8411741241325054 0.15506793505201738 0.8418647134908553
0 0.219668620480126 0.34699922406375483 0.16824729298255464 0.34523306335491916 0.15130477724620206 0.8385101733898876 0.2027261047437734 0.8402763340987234
0 0.23520948226008734 0.37791282608073795 0.21641030227176902 0.3772720250623762 0.20060115184377064 0.8410650838158829 0.21940033183208896 0.8417058848342446
0 0.24660246624321108 0.3129248462827513 0.23045857696186153 0.3124531682217293 0.21508867918004482 0.838510978749715 0.23123256846139437 0.8389826568107368
0 0.2517283376977787 0.3101866589335198 0.23797714488184746 0.3096623145863727 0.21771299726234714 0.8410997233853511 0.2314641900782783 0.8416240677324982
0 0.264979615343087 0.31278832760389086 0.24618344950108223 0.3122130066835854 0.22967504443675119 0.8515549781373954 0.248471210278756 0.8521302990577008
0 0.2891011733862935 0.31587852152680085 0.26382800791292904 0.31415556649166987 0.2556168601783374 0.43460078484688747 0.28089002565170185 0.43632373988201845
0 0.2734375000000001 0.7579072265625 0.2675781250000001 0.7579072265625 0.2675781250000001 0.828228515625 0.2734375000000001 0.828228515625
0 0.2906109189270982 0.3517590889469884 0.2813886797357256 0.35144473373207585 0.26780548048290964 0.749935061078497 0.2770277196742822 0.7502494162934094
0 0.3543025872772543 0.33353837662909813 0.30922445933184256 0.32975900603802794 0.26591017933142613 0.8463864731447401 0.3109883072768379 0.8501658437358103
0 0.35690018568181214 0.4220339563111614 0.3277748747559187 0.4207491767207031 0.30900456597490816 0.8462626916318209 0.33812987690080154 0.8475474712222791
0 0.3801630537948073 0.43259457538128887 0.3528641593128385 0.4314880017555617 0.33605411496215176 0.8461875900139063 0.3633530094441205 0.8472941636396335
0 0.8134716187476538 0.2509920528806292 0.7901044576613054 0.19129443823895054 0.34391636920345264 0.3659437772516583 0.3672835302898011 0.42564139189333694
0 0.39729655619684684 0.4381917973114674 0.37833994635524804 0.43714652669226545 0.35565880648814174 0.848482606866158 0.37461541632974055 0.8495278774853599
0 0.41257567024050185 0.4950703442406327 0.3874901996057292 0.4940534928078142 0.3730021843712147 0.8514692066394781 0.39808765500598736 0.8524860580722965
0 0.43236242118355384 0.49513689520718424 0.40973797882785934 0.49428858468311054 0.39634220943064746 0.8515537652233659 0.41896665178634196 0.8524020757474396
0 0.46169804789996477 0.38319343586998444 0.4336162956103866 0.3822139622974962 0.41661369347951915 0.8696828177402599 0.4446954457690973 0.8706622913127481
0 0.48053793809229506 0.4429350658558704 0.4568283595741769 0.4421144522530974 0.442659932290305 0.851475737552365 0.4663695108084231 0.8522963511551381
0 0.4933981784949646 0.4429016668254634 0.476706650557007 0.44234535210020554 0.46315400346571944 0.8489755872654232 0.47984553140367703 0.8495319019906813
0 0.505859375 0.4141142578125 0.490234375 0.4141142578125 0.490234375 0.4766220703125 0.505859375 0.4766220703125
0 0.5316714001321622 0.4300174902815469 0.5038058478606326 0.4291816281961617 0.49129250383147466 0.8463452347682153 0.5191580561030043 0.8471810968536007
0 0.5588661178629754 0.41947996794565456 0.5302291567378543 0.41860935835926477 0.5172248459384461 0.8463601534841952 0.5458618070635672 0.8472307630705851
0 0.5749460618256876 0.39338628907944784 0.5572295901748822 0.39286323030134873 0.5438411556847791 0.8463415582143282 0.5615576273355847 0.8468646169924273
0 0.5982491555116449 0.4481666535046929 0.571200798233032 0.44720836693024896 0.5572457728472955 0.8410994247117006 0.5842941301259084 0.8420577112861446
0 0.6334968895615216 0.42737169959806665 0.5977245231146127 0.4262539528649424 0.5844496272188481 0.8511037211129888 0.6202219936657571 0.8522214678461131
0 0.6627330035953196 0.4350507482932449 0.6309925014696868 0.43415254447082746 0.6191813539611615 0.8515319223402159 0.6509218560867944 0.8524301261626335
0 0.6753392051187689 0.49501885424953684 0.6587823883905213 0.4945907142309638 0.6496185851625202 0.848968730762602 0.666175401890768 0.8493968707811751
0 0.6914306277839538 0.5027664498286184 0.6719601630777671 0.5023718275745179 0.6649359374741579 0.8489436067437873 0.6844064021803447 0.8493382289978877
0 0.71875 0.42713671875000003 0.66015625 0.42713671875000003 0.6601562500000001 0.849064453125 0.7187500000000001 0.849064453125
0 0.773634185670518 0.41170795588439085 0.7326959207985153 0.41080501879111575 0.7226337144432 0.867015392734754 0.7635719793152027 0.8679183298280293
0 0.8003157841489756 0.4089499815484783 0.7676117053880582 0.4083566349299662 0.7595238140659741 0.8541450266638254 0.7922278928268914 0.8547383732823374
0 0.8553784132435481 0.3831324806062822 0.7989462835715029 0.3822023969332246 0.7912116559614636 0.8514951292955075 0.8476437856335087 0.8524252129685651
0 0.8796286592728592 0.336067838324649 0.8577790460382465 0.3355392847162616 0.8451753285944703 0.8565580557450614 0.867024941829083 0.8570866093534487
0 0.887963145021447 0.33862982409820674 0.8752463719073754 0.3383673547110161 0.8645460510080181 0.8568032552987512 0.8772628241220897 0.8570657246859419
0 0.898985551563141 0.3360567656186132 0.8849155303577364 0.3357441375592228 0.873396335337721 0.8541727089319096 0.8874663565431256 0.8544853369912999
0 0.9162823697341516 0.33347154213037417 0.8953424639547005 0.33307896796877967 0.8855232243567208 0.8568372081250087 0.9064631301361719 0.8572297822866034
0 0.9311386768927017 0.3464449542498237 0.9134654133129922 0.3460992162231262 0.9034266587799067 0.8592552510681317 0.9210999223596161 0.8596009890948293