0 0.534206750383045 0.9727133249243376 0.5194523404436576 0.23171406953491108 0.43883579566715286 0.2333192662215183 0.4535902056065403 0.9743185216109449
0 0.4731006391180255 0.9821365591155468 0.4381377988871045 0.2362626248658112 0.3655434017881195 0.23966548718729036 0.4005062420190404 0.9855394214370259
0 0.41520988702815115 0.9438606242943809 0.3784038685647107 0.19683476752816711 0.30464928847741424 0.2004686610699617 0.34145530694085474 0.9474945178361756
0 0.37292608735830174 0.9518796997762051 0.30388121980436117 0.2008653519129199 0.24028067523634217 0.2067124987597825 0.30932554279028274 0.9577268466230677
0 0.3203125 0.16406250000000003 0.162109375 0.1640625 0.16210937500000006 0.99609375 0.32031250000000006 0.99609375
0 0.26814657779627443 0.9698437915821447 0.16590933093425603 0.23918826843211707 0.11636056173823381 0.24612139846056516 0.21859780860025224 0.9767769216105927
0 0.25844851769230776 0.9855568915384614 0.16155348557692306 0.21039663461538458 0.054822716346153835 0.22373798076923074 0.15171774846153852 0.9988982376923076
0 0.17676042369029313 0.9715702887492735 0.057004866751795794 0.2468956365060591 0.006187911210501234 0.25529335373534084 0.12594346814899857 0.9799680059785553
0 0.13405363671661014 0.9955481953988056 0.0074214549251183535 0.2541075962327629 -0.08878219184046435 0.27053841712377746 0.03784998995102744 1.0119790162898201
0 0.6897430081739604 0.26377887790305626 0.5238274005722869 0.26080429530139215 0.5113803108641677 0.9550753001273415 0.6772959184658411 0.9580498827290057
0 0.8753770095380811 0.9613818915432881 0.8671423895228683 0.22644264313687815 0.6209628316042903 0.22920095971796717 0.6291974516195029 0.9641402081243772
0 1.0175618552049905 0.03810619199926888 0.8699435015851943 0.02498456187856125 0.7842012268611007 0.9895852489846841 0.9318195804808969 1.002706879105392