0 0.13685096003153746 0.8267955766131123 0.07598038531354492 0.3155253318531692 0.055120659506258975 0.3180088393746081 0.1159912342242515 0.8292790841345512
0 0.18239220376413273 0.3370733741349571 0.07624709689520988 0.33698972882302974 0.07586220326202534 0.8254160958984217 0.18200731013094817 0.8254997412103491
0 0.18162202222593143 0.8168254390486199 0.13262273595966514 0.4094048414350479 0.10421960785617315 0.4128208027608925 0.15321889412243944 0.8202414003744645
0 0.21960226777630867 0.8143253129604956 0.18700510775652734 0.38929541410294083 0.13014689557321144 0.3936560867190557 0.16274405559299274 0.8186859855766105
0 0.2249719696031674 0.7857452879321178 0.21291443124999998 0.6456039328125001 0.20097092935527566 0.6466315326387173 0.21302846770844308 0.7867728877583351
0 0.21434273735759435 0.6402272572367675 0.1903451145713325 0.414092145619264 0.17735962643838593 0.41547017507997425 0.20135724922464782 0.6416052866974777
0 0.2799955433113031 0.806416666811286 0.23798645679631836 0.4092083567677329 0.21947789211461677 0.41116583820838193 0.2614869786296015 0.8083741482519349
0 0.30525479707410363 0.7617819813180247 0.2544516636676084 0.3087303387142757 0.22378548488769642 0.31216910336077297 0.27458861829419173 0.765220745964522
0 0.35994837090520326 0.8016184744524315 0.3099630355339184 0.2948709415265205 0.2517694811578075 0.300611126022618 0.30175481652909236 0.807358658948529
0 0.36143510355339314 0.8007958078948081 0.3152473269655097 0.31518396049277325 0.28947269770977346 0.3176354509662211 0.3356604742976569 0.8032472983682559
0 0.418714219374687 0.8026002685006943 0.40080779580617965 0.28982786565599056 0.32663425959118536 0.292418065030355 0.3445406831596927 0.8051904678750589
0 0.42857741369278946 0.7909562316449883 0.39639583404531936 0.39347226716904504 0.36690773734026527 0.39585971828048083 0.39908931698773537 0.793343682756424
0 0.45915945129823943 0.785551414757198 0.4453433616549834 0.38990976171562236 0.3965449804201474 0.39161383610820266 0.4103610700634035 0.7872554891497783
0 0.4716716408309736 0.766155143009573 0.44831150457578317 0.4206030622770883 0.4239236355681286 0.4222517397840647 0.447283771823319 0.7678038205165494
0 0.4938419916847593 0.7863169844672284 0.4682557959498178 0.4201997255846808 0.4457499152162874 0.4217725546596961 0.4713361109512289 0.7878898135422437
0 0.5166646529160575 0.7883667381273015 0.49686525358394895 0.4165133771170397 0.4681378925025717 0.4180429706435378 0.4879372918346802 0.7898963316537996
0 0.5403962674995196 0.7773500122530794 0.5240984655564983 0.41051355901627107 0.5017965113777925 0.4115043897500755 0.5180943133208138 0.778340842986884
0 0.5205186040832758 0.7755607323108363 0.5028907392517027 0.4164987063458576 0.49383710205262127 0.4169431874695593 0.5114649668841944 0.776005213434538
0 0.5688314250130062 0.7921459019866144 0.5551971072498201 0.40171006170194623 0.5278700145287243 0.4026643446525888 0.5415043322919104 0.793100184937257
0 0.5453114498423701 0.7903858796521013 0.5337340372126445 0.4025140643789381 0.5220206547455328 0.40286369190218585 0.5335980673752585 0.790735507175349
0 0.572076731009081 0.7924190437997296 0.5676578553570861 0.3780712783441748 0.5423392632014575 0.378341292375254 0.5467581388534524 0.7926890578308088
0 0.5847195927246784 0.7994093141889995 0.5699945282940769 0.3777386067525843 0.5582829161816345 0.37814758522773234 0.573007980612236 0.7998182926641475
0 0.5922181969134696 0.7966626928743221 0.5806835402119221 0.3773939180334087 0.5632859875135232 0.37787254847255664 0.5748206442150705 0.7971413233134701
0 0.617629808886449 0.7904418248590932 0.6030865303675614 0.3739769296694756 0.5777113695829953 0.37486305004844167 0.5922546481018828 0.7913279452380594
0 0.6255432845503031 0.7980799041632867 0.6156172524687447 0.31362741991898246 0.6021374094381713 0.31390361079162205 0.6120634415197297 0.7983560950359263
0 0.6407944008707822 0.7978581828615758 0.6400902954628478 0.30770408496823604 0.6232192833558342 0.30772832014430196 0.6239233887637685 0.7978824180376417
0 0.6334397679899009 0.7979300797992781 0.6266160147475203 0.31328155227809107 0.6108874799157091 0.31350300686726607 0.6177112331580897 0.7981515343884531
0 0.6504200388934903 0.7973927148610811 0.6468596308773228 0.3125621467896724 0.6337531769738393 0.3126583955136898 0.6373135849900067 0.7974889635850986
0 0.659489190314652 0.7970778474017933 0.6570077834697517 0.312223672474646 0.6436136554504788 0.31229222149962554 0.646095062295379 0.7971463964267728
0 0.6719382124280744 0.7834709861430362 0.6698302473685184 0.4135116522288366 0.6543642884222646 0.41359977461982034 0.6564722534818206 0.78355910853402
0 0.7069913417971576 0.36526987717119475 0.6680539876072357 0.3651697618343806 0.6669812106460511 0.7823995073826103 0.705918564835973 0.7824996227194244
0 0.7057395561927798 0.7951832062804282 0.6915598866329945 0.38912992996614915 0.6583769865849523 0.39028870046539876 0.6725566561447376 0.7963419767796778
0 0.7206338035673371 0.3622051167913485 0.7050226989307143 0.3621000401025205 0.7021956751019395 0.7821072300272476 0.7178067797385622 0.7822123067160754
0 0.7541743485589975 0.7830675068884352 0.7389948320586744 0.34838226979575027 0.7019080632503591 0.34967736604248445 0.7170875797506822 0.7843626031351694
0 0.7626744671043124 0.3424692096095717 0.7331058754787919 0.342394857426038 0.7320028978821712 0.78103018158924 0.7615714895076917 0.7811045337727738
0 0.7715066557057395 0.4047885999536553 0.7590236602934625 0.40460077194162036 0.7535661876640508 0.7673028261107238 0.7660491830763279 0.7674906541227587
0 0.7802958410086831 0.4044821699448926 0.767057343811617 0.40440794485912657 0.7651561367396853 0.7434998331745443 0.7783946339367513 0.7435740582603103
0 0.7910099740846951 0.40152393275881887 0.7760876845032141 0.40148940978777514 0.7752977109546 0.742949420259495 0.790220000536081 0.7429839432305388
0 0.8201147014668806 0.44793108242540053 0.7891891628056338 0.4475800344700157 0.7854305136039692 0.7786979043140335 0.8163560522652158 0.7790489522694184
0 0.848690042279838 0.7851383923157613 0.8357385591900955 0.25643068969202487 0.7167485935308695 0.25934552622729135 0.729700076620612 0.7880532288510278
0 0.8735070307387058 0.7921811453325951 0.8620345105572277 0.2529571219225235 0.8345574877103378 0.25354172254388374 0.8460300078918159 0.7927657459539553
0 0.8908080336195617 0.7941386448276295 0.8795960334879684 0.24187371599586407 0.8546063871918635 0.24238105206399552 0.8658183873234568 0.794645980895761
0 0.9502768433624553 0.8022802533606892 0.9298253708763777 0.21662649211714652 0.8673634436720734 0.21880770987784826 0.887814916158151 0.804461471121391