0 0.16739591407322812 0.16405088940122745 0.11796443672868724 0.1582567839628644 0.061905037849246905 0.6365185165350877 0.11133651519378777 0.6423126219734507
0 0.19305161748107663 0.17114866216520425 0.16577778409993388 0.16815980991267382 0.1132851621367745 0.6471647603749905 0.14055899551791723 0.6501536126275209
0 0.23839908993098588 0.1602371403812331 0.19268870855984566 0.15529415053250192 0.13817040373705636 0.6594530870104829 0.18388078510819658 0.6643960768592141
0 0.27460222553228486 0.170026240772794 0.23670435987638339 0.16597245628972623 0.18318675089658096 0.6662958365318713 0.2210846165524824 0.6703496210149391
0 0.32043798028378034 0.17725034699649475 0.27630211472917676 0.17224207828848764 0.219323353803433 0.6743730697159059 0.2634592193580366 0.679381338423913
0 0.33990160134001696 0.18112171671305924 0.3157102555853469 0.17847339547510002 0.2606827431403879 0.6811275148073984 0.284874088895058 0.6837758360453576
0 0.3673001834085083 0.16981636908314648 0.33992023948708805 0.16655276761106097 0.27795031133322423 0.6864487083930069 0.3053302552546445 0.6897123098650924
0 0.4033805181032718 0.1750061120061926 0.36585585644726226 0.1703870445736964 0.3015359209072216 0.6929132588255705 0.3390605825632311 0.6975323262580667
0 0.4252283582430909 0.18405954505732774 0.3935657974642919 0.18058214217397822 0.33724726051274334 0.6933754994636134 0.3689098212915424 0.696852902346963
0 0.46457203117628787 0.1848743517351014 0.4252997735441112 0.17985624887973595 0.35693925114361946 0.7148536622372181 0.3962115087757961 0.7198717650925835
0 0.47414865371563153 0.18678591485060442 0.4561542559198399 0.18473622852652008 0.3954767889504585 0.7174296777916536 0.4134711867462501 0.7194793641157379
0 0.5128392956349034 0.1921582585566477 0.4716115626497988 0.18733081853954459 0.4080262423524422 0.7303678314706539 0.44925397533754674 0.735195271487757
0 0.559116934870987 0.20014827500629512 0.5155828421617803 0.1941000816685229 0.4406746143811531 0.7332795606904994 0.4842087070903598 0.7393277540282716
0 0.5916935243268505 0.20562177032997667 0.5585645733310678 0.2008729114424927 0.483682430910173 0.7232651082835801 0.5168113819059558 0.728013967171064
0 0.6321224945067347 0.21467069033021297 0.590856686926996 0.20860517303221413 0.5124531252838403 0.7420116624342145 0.5537189328635792 0.7480771797322132
0 0.6572116643236 0.21617268239576956 0.6308936418176119 0.2123248820853149 0.5532750321671884 0.7432173793162713 0.5795930546731765 0.747065179626726
0 0.6961789603286977 0.22245726798554966 0.6573734587167116 0.2164594216839208 0.5754288675400132 0.746633221592292 0.6142343691519994 0.7526310678939209
0 0.7281822692093518 0.23292830867482345 0.6953879299462401 0.22773419587893562 0.6122821246686788 0.7524436275193381 0.6450764639317905 0.757637740315226
0 0.748287820476836 0.2308394587280489 0.729961571875 0.2279368671875001 0.646244720614576 0.7565044616728599 0.6645709692164119 0.7594070532134087
0 0.7835025160552644 0.27069308259581365 0.7429918620010896 0.26427682536568564 0.6647746299342255 0.7581209958358689 0.7052852839884005 0.7645372530659968
0 1.0134515939312556 0.26582795128973713 0.8111630907021425 0.2280030607822059 0.6986503227362258 0.8297242851029513 0.900938825965339 0.8675491756104824
0 0.11927256121760585 0.1541994613942316 0.08008205236722987 0.14980531602740768 0.026737984976802097 0.6255704468224975 0.06592849382717807 0.6299645921893213