0 0.31791205747733714 0.13058898731025048 0.12676812346229338 0.12057156015754937 0.08410887575401131 0.9345586553254565 0.2752528097690551 0.9445760824781575
0 0.11984468479705956 0.34350918416829107 0.07300244126080382 0.3421098867363529 0.05540068853115567 0.9313381445808012 0.10224293206741142 0.9327374420127393
0 0.270674041461025 0.36020225444470905 0.18485431463848861 0.3557046296767427 0.15432498328052655 0.9382385253177763 0.24014471010306288 0.9427361500857426
0 0.2699667925468171 0.3935101744861176 0.21024168370662527 0.3909867765453545 0.18713448911206762 0.9379000040857198 0.24685959795225942 0.9404234020264829
0 0.3100918820596925 0.3544448311320373 0.27108291531535234 0.3524004578298622 0.23973585836631733 0.9505379412125997 0.27874482511065757 0.9525823145147747
0 0.3534106192457399 0.348891848183545 0.3105007558092932 0.346643037557838 0.2790174074402251 0.9473811182106093 0.3219272708766718 0.9496299288363164
0 0.39496675863979913 0.26501427785903087 0.35790824002716315 0.2630721231550503 0.3215183946832635 0.9574317219161006 0.35857691329589947 0.9593738766200813
0 0.5060479974470331 0.17960817898508924 0.46279553580863614 0.17686277750872587 0.4129601606562403 0.9619948139602243 0.45621262229463727 0.9647402154365876
0 0.5536084281276012 0.09359151949711882 0.5119398244721725 0.09035792048369239 0.4445854851816728 0.9582952425560374 0.48625408883710153 0.9615288415694637
0 0.48292367102443234 0.11113380223055006 0.40544761998618856 0.10503335579459272 0.3383087714165502 0.9577009290676862 0.415784822454794 0.9638013755036436
0 0.5536735572381329 0.093596573696422 0.5119398244721725 0.09035792048369239 0.4445854851816728 0.9582952425560374 0.4863192179476332 0.9615338957687669
0 0.5932084126606535 0.2521118049120274 0.5344777237541237 0.24750872405365207 0.47784229415030594 0.9701199271780506 0.5365729830568358 0.9747230080364261
0 0.678817213086759 0.2774575195794689 0.6361148017095966 0.2739255613419543 0.577651831516731 0.9807600241591782 0.6203542428938935 0.9842919823966929
0 0.6419117113354158 0.2311938175974279 0.5947324167550446 0.22721953648532778 0.5318868859212207 0.9732683761714485 0.5790661805015918 0.9772426572835486
0 0.7250193662707975 0.27718124626998586 0.6764903322451974 0.2732966826820612 0.6194576581627768 0.9857938573248962 0.667986692188377 0.9896784209128209
0 0.7624334447428323 0.32355676220148455 0.720059899505989 0.3200965960935349 0.6663396519799349 0.9779601979159773 0.7087131972167782 0.9814203640239271
0 0.7756525080603248 0.36337466292363657 0.7573859842900112 0.3618190492771662 0.7054031521015816 0.9722184514504765 0.7236696758718952 0.9737740650969469
0 0.8076240790910688 0.3285967724912119 0.7619849514861926 0.32490778223820327 0.7090718322640146 0.9795336919118546 0.7547109598688908 0.9832226821648632
0 0.8538212949171363 0.1953158892051231 0.7322697620542999 0.18525374157503877 0.6672909576989055 0.9702027965240928 0.7888424905617417 0.9802649441541771
0 0.8954551590483744 0.1896116047624398 0.849544539866387 0.186013310541825 0.7869943688594129 0.9840906507485185 0.8329049880414002 0.9876889449691333
0 0.9730392645893507 0.25639465437821357 0.8890697231145858 0.2497354660261591 0.8296725428360701 0.9987087236067431 0.913642084310835 1.0053679119587977