0 0.9444354831937651 0.23696866178457335 0.2763819920097893 0.2361876960663861 0.2763257340524544 0.2843118632726818 0.9443792252364304 0.2850928289908691
0 0.9438215997840746 0.2839793672754869 0.31367502506243394 0.2811132211250579 0.3134403032850881 0.3327187974788287 0.9435868780067288 0.3355849436292578
0 0.8811416525495736 0.2379485813996823 0.8810979161802734 0.19749569626431132 0.07560276766610508 0.19836657193033574 0.07564650403540521 0.23881945706570673
0 0.960098314486757 0.33612986494926933 0.1721152759914856 0.32237556590571387 0.17044502566844857 0.41806411538589294 0.95842806416372 0.43181841442944846
0 0.8690747424746172 0.41281332246292657 0.35507263711561315 0.39750335821194127 0.3533769977291805 0.4544311341536746 0.8673791030881846 0.46974109840465983
0 0.7228344041985464 0.457105540480779 0.38022094893665714 0.4462402540120278 0.3791608777497638 0.479667320404585 0.7217743330116531 0.49053260687333616
0 0.8111863412315407 0.5230125799051304 0.19450396226003996 0.5122483489377221 0.19389040108147793 0.5473992453079161 0.8105727800529785 0.5581634762753244
0 0.7303639146382334 0.49034705871620304 0.22502696616600085 0.48152636978244645 0.22444749173745482 0.5147244387358236 0.7297844402096874 0.5235451276695803
0 0.9609690346411011 0.5472933738858204 0.19871721285043017 0.5316433395260753 0.1964745170461769 0.6408762602480592 0.9587263388368477 0.6565262946078043
0 0.7363456092441749 0.6502648694275461 0.20537570644187536 0.632642877256497 0.2047971787505401 0.6500745495132454 0.7357670815528397 0.6676965416842945
0 0.8175357362226174 0.6500958726534345 0.2993512385291877 0.6410509336078174 0.29836272386609697 0.6976829320737963 0.8165472215595267 0.7067278711194133
0 0.923780567575372 0.6988325228139909 0.3285107713991521 0.6884420541011707 0.3275904300203245 0.7411683978426482 0.9228602261965444 0.7515588665554684
0 0.9531787058801863 0.7325538513558997 0.32364877876498055 0.7215653970829685 0.32269435298814203 0.776244569858901 0.9522242801033476 0.7872330241318323