0 0.14478200388137813 0.4735670351649319 0.13048301473792734 0.3101288430287225 0.07892215691906852 0.31463983361508696 0.09322114606251933 0.4780780257512965
0 0.19142460537057512 0.838913262810785 0.1502942125 0.5253670640625 0.10505596103707934 0.5313013316851846 0.1461863539076545 0.8448475304334696
0 0.22351742625609342 0.8322531272245433 0.17251685893816981 0.3216919359694033 0.12750224473269825 0.3261884995574674 0.17850281205062185 0.8367496908126075
0 0.26116004514561164 0.8179280513430133 0.20489436230781558 0.3339611679192384 0.16470971088539965 0.33863301000042734 0.22097539372319575 0.8225998934242021
0 0.293823101253117 0.8114321675947904 0.26390313641519236 0.33049786841555134 0.2071936974929942 0.33402588548862405 0.2371136623309189 0.8149601846678631
0 0.3304197534693757 0.809612292013848 0.2783764206945004 0.34351916565768115 0.2426422004782644 0.34750920071505964 0.29468553325313984 0.8136023270712265
0 0.36804627820756697 0.8069393549313899 0.3283268648328926 0.35294437512248356 0.2796845447314764 0.3572000266286403 0.31940395810615085 0.8111950064375467
0 0.38184898249953536 0.8028347806491082 0.33477976365741513 0.38610076244276226 0.32098663321611925 0.38765866711791597 0.36805585205823943 0.8043926853242619
0 0.411879925477635 0.7997874208707821 0.35830047562634204 0.3185672318711905 0.32601335522077746 0.322162106292833 0.37959280507207044 0.8033822952924247
0 0.44308323383942366 0.7944248495698399 0.3898694883958659 0.3181252035300913 0.35553058356539713 0.32196165765230716 0.408744329008955 0.7982613036920557
0 0.48175853461673174 0.7934990908576542 0.4282422988665405 0.31203916124809394 0.3883379516657527 0.3164746922672312 0.44185418741594396 0.7979346218767915
0 0.5605851663486471 0.7756177894244107 0.5110534853160141 0.3129941670160464 0.4826985456971406 0.3160300427406583 0.5322302267297736 0.7786536651490227
0 0.5773600967905108 0.7752922721156197 0.5283249594021399 0.3091521391426892 0.5087675852304534 0.3112094572357445 0.5578027226188242 0.7773495902086751
0 0.600248259800655 0.7732637687552162 0.5533559100975374 0.30682839173581183 0.5277262128005791 0.3094050331906559 0.5746185625036966 0.7758404102100603
0 0.6548575034279707 0.7909960245298419 0.6104852452196639 0.28381877441730524 0.5598972338413101 0.28824465176615516 0.6042694920496169 0.7954219018786919
0 0.6974552544023054 0.784639193294138 0.6505591639183101 0.27241153113772765 0.6097774339702723 0.2761452297234027 0.6566735244542675 0.7883728918798131
0 0.7438677798142636 0.7866794737275983 0.6896606734104377 0.2713733270782711 0.6457758339817881 0.275989748162886 0.6999829403856139 0.7912958948122133
0 0.8033970605436288 0.7393189161010908 0.7525372812499999 0.24917086249999992 0.6804580673314838 0.2566500983851995 0.7313178466251127 0.7467981519862903
0 0.877136880477863 0.7545573553145823 0.8342399135246895 0.2642427771690817 0.7583578942646958 0.27088159358944536 0.8012548612178694 0.761196171734946