0 0.28572635279504466 0.7276410548546786 0.2779151876534643 0.05958087975216377 0.2295944698702904 0.06014586045364946 0.23740563501187079 0.7282060355561641
0 0.3316037956885089 0.6895536575833897 0.32801358564434807 0.059692245218556136 0.2768677864349718 0.059983776273536495 0.2804579964791326 0.6898451886383701
0 0.24626522709743998 0.9288470931614718 0.2313366533750541 0.12348982567908066 0.19089069309963513 0.12423955567361067 0.20581926682202098 0.9295968231560018
0 0.423828125 0.04283168906250005 0.328125 0.042831689062500046 0.32812500000000006 0.8309347593749999 0.4238281250000001 0.8309347593749999
0 0.46417155936791926 0.13407183786082452 0.4066699569153974 0.13197417940322226 0.38791372709178606 0.6461252162017679 0.44541532954430785 0.6482228746593701
0 0.48647367268374475 0.27842125065938783 0.4531309699899091 0.27796739177919433 0.44846548401720804 0.6207169082009104 0.4818081867110437 0.621170767081104
0 0.5529757672647653 0.18848455482059207 0.5180723725297993 0.1883134155944415 0.5150477821290813 0.805170667098934 0.5499511768640473 0.8053418063250846
0 0.51953125 0.2698396375000001 0.486328125 0.2698396375000001 0.4863281250000001 0.7752535640625 0.5195312500000001 0.7752535640625
0 0.6487183024292844 0.038856299806117614 0.539937864778437 0.03724578423643869 0.5286519417890588 0.7995405829902821 0.6374323794399063 0.801151098559961
0 0.6622357725751755 0.2613094967478012 0.6452434323050432 0.26110823682205353 0.6389518125697885 0.7923085887778318 0.6559441528399208 0.7925098487035794
0 0.701171875 0.1798930921875001 0.64453125 0.1798930921875001 0.64453125 0.6981565234375 0.701171875 0.6981565234375
0 0.7450488894358509 0.07287421879813874 0.6923948821971277 0.07204627992532991 0.6830260103091247 0.6678736585046419 0.7356800175478478 0.6687015973774507
0 0.779296875 0.042831689062500095 0.724609375 0.04283168906250009 0.724609375 0.6724575109375002 0.779296875 0.6724575109375002