0 0.8660145020355433 0.1128997722969863 0.050456639783618286 0.10771949484161618 0.04924279725897289 0.29882099916047405 0.8648006595108979 0.30400127661584414
0 0.6431282574842271 0.11461481377038432 0.6428919318026394 0.06775227172188615 0.0534083227787681 0.07072501092035319 0.05364464846035586 0.11758755296885134
0 0.6332090433824807 0.1800104573135379 0.04996455302968137 0.16982988512505146 0.04846473657837705 0.25575429738480987 0.6317092269311764 0.2659348695732963
0 0.5988322859163874 0.20660756513260864 0.05142313634486016 0.20283568849190478 0.051011472809045534 0.2625800564858292 0.5984206223805727 0.26635193312653305
0 0.6395205371163628 0.26607121512701665 0.04065342610129402 0.2556179547271783 0.03997169172182914 0.2946745057642215 0.6388388027368979 0.3051277661640598
0 0.6466501123564659 0.3052641135631 0.04517923327908482 0.2947654005301884 0.04442932520181299 0.33772760637865445 0.6459002042791939 0.3482263194115661
0 0.7318246162152832 0.3497261344049748 0.036618014487629594 0.3375912578528368 0.035970366566682156 0.37469498184239197 0.7311769682943356 0.38682985839453
0 0.8215414240677845 0.4513887327321327 0.03514404491824219 0.431069220641395 0.03402686866954503 0.4743057152038818 0.8204242478190873 0.4946252272946195
0 0.9096126414160753 0.4975705823559883 0.03977867743609964 0.4656492830601066 0.03826926156984867 0.5067798515268088 0.9081032255498245 0.5387011508226905
0 0.8906444695233638 0.3916221953955825 0.036251950096678476 0.36636799212241156 0.03398019791468616 0.44322522057227937 0.8883727173413716 0.46847942384545027
0 0.909604460374165 0.497567905077753 0.03976868559964934 0.4658584894327452 0.038268440325290386 0.507012417502034 0.908104215099806 0.5387218331470417
0 0.7527932454513938 0.5234372868073187 0.028709374255496058 0.5033213888299445 0.027045962354185528 0.5631969027269121 0.7511298335500833 0.5833128007042864
0 0.7306889166744523 0.6284423092160902 0.022251063487848288 0.5943714026947933 0.020195574746464405 0.6371112702203316 0.7286334279330685 0.6711821767416286
0 0.7757899285383851 0.5851240534623812 0.02798522529084211 0.5507171204969584 0.0258111522357367 0.5979687037010007 0.7736158554832797 0.6323756366664235
0 0.7328198185852066 0.6702028671586546 0.018766082639463694 0.6352495909521836 0.016345254690654336 0.684704218058331 0.7303989906363972 0.719657494264802
0 0.687464125097329 0.7136337881984177 0.028126746416159133 0.6830902859963489 0.02616004626747063 0.7255451070613776 0.6854974249486406 0.7560886092634466
0 0.647054288997001 0.7522743740599875 0.03516427871966192 0.7231162395674938 0.034315148768113785 0.7409354225784421 0.6462051590454528 0.7700935570709357
0 0.6832046343977549 0.7552483204456977 0.02700752302150298 0.7415255675454778 0.026066044977959633 0.7865453370545108 0.6822631563542115 0.8002680899547305
0 0.8191520330503843 0.7184938744356038 0.032813479400928436 0.7047682797220365 0.030666014685567795 0.8277964131857752 0.8170045683350237 0.8415220078993425
0 0.8260511487519597 0.8420035806540263 0.026324947170560043 0.803031607538864 0.02410385945621062 0.8486095421209014 0.8238300610376103 0.8875815152360635
0 0.7637048182622521 0.8801912382190359 0.005125654972138233 0.8464321267863186 0.0013806379728930674 0.9305839821293309 0.7599598012630069 0.9643430935620483