0 0.10498695281357869 0.9994571607949359 0.025170423140857233 0.13791461767851873 -0.03557907967758979 0.14354267926764497 0.04423744999513167 1.005085222384062
0 0.12135700595663088 0.9996093476061315 0.027181264306464992 0.2619851992397631 0.0020149523305690808 0.26519829374077486 0.09619069398073496 1.0028224421071432
0 0.16834451043021775 0.9996210374871225 0.061232485987550045 0.15360598044037502 0.011895030763312674 0.15985248239787567 0.11900705520598039 1.005867539444623
0 0.21044477656250002 1.0000000000000002 0.1531044612157166 0.137828045624324 0.061385340684825464 0.14392799270318635 0.11872565603160883 1.0060999470788625
0 0.29251800219513935 0.9999370806586304 0.22373994512764755 0.09582463538381468 0.14787092841144087 0.10159617805932297 0.2166489854789327 1.0057086233341388
0 0.328325848665322 0.9995306867644423 0.2291054575480663 0.11853713441885172 0.19057510452524476 0.12287654948793117 0.28979549564250046 1.0038701018335217
0 0.35497379098794873 0.9998578916975289 0.2558508116277064 0.018964325346742066 0.2168968647848732 0.022900767995934934 0.3160198441451155 1.0037943343467217
0 0.4350383724954446 0.9999425198820218 0.38201676007564345 0.12443538104612399 0.2661991421918672 0.13144941505501087 0.3192207546116683 1.0069565538909084
0 0.46713222421336564 0.9996348250051333 0.39227502195213776 0.23376372351068597 0.35887979532202346 0.2370278148565169 0.43373699758325135 1.0028989163509645
0 0.5201311163996659 0.9987478431329387 0.4365212508810066 0.06632109402742466 0.37816178959926894 0.07155413427877777 0.46177165511792834 1.0039808833842918
0 0.5744063323154457 0.9919147228458263 0.49602668806564487 0.09603129575138651 0.4396015973045899 0.1009678515653027 0.5179812415543907 0.9968512786597424
0 0.5901257879302972 0.9923129474935932 0.5153736086610949 0.11525820842316539 0.4981148858038157 0.11672918519064993 0.572867065073018 0.9937839242610778
0 0.6350157387188894 0.990278167508599 0.5657359955027224 0.15283363377558898 0.5190701712175546 0.1566941835710909 0.5883499144337216 0.994138717304101
0 0.7185389138563597 0.9810474984144205 0.6357712146261714 0.03500843693153076 0.5540521132419178 0.04215793242290218 0.6368198124721062 0.988196993905792
0 0.7924873646158159 0.9760516916486276 0.7354405858679779 0.08220532937539285 0.6409284512671042 0.08823725282345607 0.6979752300149423 0.9820836150966908
0 0.8978600736679268 0.9654538942041461 0.8359358557874591 0.010731674494154086 0.6809102994096354 0.020786783856851353 0.7428345172901031 0.9755090035668432
0 1.0036125826514537 0.9612430046189561 0.9794907159927584 0.017645235907010094 0.8395934254484818 0.02122153070159005 0.863715292107177 0.9648192994135361
0 0.2543103003813505 0.9995254694913169 0.15798588479911185 0.18713757680149862 0.11223138007825426 0.19256266494861377 0.20855579566049293 1.004950557638432