0 0.8784907108183653 0.22886670958421726 0.8058542089499973 0.22378747159001514 0.7831016135487128 0.5491648097383971 0.8557381154170807 0.5542440477325992
0 0.8055817291889775 0.2276842059219621 0.7414907001655765 0.22320252423001108 0.718738098521717 0.5485798608073607 0.7828291275451181 0.5530615424993116
0 0.7456271927447948 0.22544967057232715 0.6815361612602884 0.22096798886421443 0.6589198034680617 0.544396958998925 0.7230108349525681 0.5488786407070377
0 0.6812636756481506 0.22486472344013225 0.6171726455923692 0.22038304209274315 0.5946925322047354 0.5418636452649344 0.6587835622605168 0.5463453266123235
0 0.8641548389833117 0.8914604265352979 0.8545184497758569 0.5482067008963093 0.778202224728594 0.5503491768331112 0.7878386139360487 0.8936029024720998
0 0.7897935525796982 0.5489038431538161 0.7220008808682612 0.5488488943173061 0.7217270830528907 0.8866446802081406 0.7895197547643277 0.8866996290446508
0 0.7259400366221616 0.8806975828815821 0.7226744647981488 0.5462322668162728 0.6573136598646251 0.5468704208870645 0.6605792316886379 0.8813357369523738
0 0.6632385941805897 0.8778958292494174 0.661348999869755 0.5442411853442495 0.5913945027481414 0.5446373603179623 0.5932840970589762 0.8782920042231304
0 0.6004858516529339 0.3967370674023356 0.09571438651211721 0.3701034476706533 0.09388155245306115 0.40484008289598794 0.5986530175938778 0.43147370262767026
0 0.598079753658751 0.4313844626121228 0.10174971804135287 0.40222052316526236 0.099654120916122 0.4378846966456914 0.5959841565335201 0.4670486360925518
0 0.5999129201972155 0.46536828533468233 0.07807347768923355 0.43611684916084614 0.0761358981343708 0.4706828591411979 0.5979753406423528 0.49993429531503397
0 0.6017350763329412 0.5007156804470081 0.16554167137859113 0.4739133027855008 0.16342552803961058 0.5083523283099807 0.5996189329939606 0.5351547059714881
0 0.5952479127700518 0.5334115310726586 0.1674303300139848 0.5077543726740054 0.1654783182986809 0.5403029862257177 0.5932959010547479 0.5659601446243709
0 0.597274136929291 0.5648580417387753 0.07094309700561155 0.5353548372551853 0.06911481702275928 0.5679709724001494 0.5954458569464387 0.5974741768837394
0 0.5950440776598392 0.597770835368774 0.00017937004012237302 0.5612658492790286 -0.001962749761971733 0.5961726279482875 0.5929019578577451 0.6326776140380328
0 0.5968695529524717 0.6332371546809642 0.0026383854030545273 0.5950038362404381 0.0003321676992376843 0.6308476105885629 0.5945633352486548 0.6690809290290891
0 0.5943822021600033 0.6691050756422863 0.02183567355206815 0.629068723890246 0.019247054454194296 0.6660877032306989 0.5917935830621295 0.7061240549827391
0 0.5959300756613468 0.7083711997435993 0.3481114293295249 0.6910420325089527 0.3456590533056281 0.7261126448649606 0.59347769963745 0.7434418120996071
0 0.5976141907131014 0.7456889563181678 0.4352502481882605 0.734335368954868 0.43307035932196036 0.7655092472431162 0.5954343018468012 0.776862834606416
0 0.5952980584882048 0.7788112009723658 0.4243886465480937 0.766860051633121 0.4222087568743739 0.7980339288606749 0.593118168814485 0.8099850781999196
0 0.5973909034766574 0.8102838577723093 0.4008450807454652 0.7965400331900844 0.3986651906025024 0.8277139105230621 0.5952110133336945 0.841457735105287
0 0.518301778124959 0.8360797156258348 0.3602105724509448 0.8250249027340951 0.3580306829073061 0.856198778725024 0.5161218885813204 0.8672535916167637
0 0.9224404686350887 0.889792471480505 0.016620589816157827 0.8264513826279641 0.009535948720108734 0.927766482436852 0.9153558275390397 0.9911075712893929