0 0.6254455314993511 0.051920451045669426 0.6233537704399094 0.005417433922448522 0.016991255431074718 0.03269234155779101 0.019083016490516396 0.07919535868101192
0 0.7613982199271938 0.2250848257574905 0.7568312197622339 0.09430488950352785 0.00989069652345483 0.12038899376721524 0.014457696688414748 0.2511689300211779
0 0.6453179222095293 0.18631338146813642 0.6435444070121265 0.12564543911197593 0.013360225363808476 0.14406770925845436 0.015133740561211325 0.20473565161461488
0 0.6860924297286135 0.2456070601106243 0.6845450860425282 0.18482819684505522 0.015391731763341698 0.20186389251515288 0.01693907544942702 0.26264275578072194
0 0.7032736647031053 0.24592369932063626 0.021396201770681363 0.22942401939582663 0.018339272738938272 0.3557568344582077 0.7002167356713621 0.3722565143830173
0 0.6221283577193578 0.34207327777199426 0.62161078806146 0.32081645842118384 0.02269832885860254 0.3353990218566939 0.02321589851650037 0.35665584120750427
0 0.620670220677444 0.3889024615667306 0.6201934086283368 0.34119465382152675 0.023372966944963384 0.34715953024737134 0.02384977899407055 0.39486733799257523
0 0.5900291416113456 0.3930062354323396 0.5894064552663636 0.368942418901465 0.024355670086510375 0.38356393198113137 0.024978356431492415 0.407627748512006
0 0.8025189921806065 0.4419077855392719 0.8012992753328005 0.38713948768884676 0.02003385268182854 0.4045386517311213 0.021253569529634586 0.4593069495815465
0 0.8069024342975144 0.48874302792430696 0.8063311525363668 0.44372015263868025 0.01930583844381382 0.4537064808029789 0.019877120204961456 0.4987293560886056
0 0.6230661718531217 0.5197815568856754 0.6225042781133807 0.4879800053896261 0.023189777699138204 0.49856914491511634 0.023751671438879136 0.5303706964111656
0 0.663404869590295 0.5529232410006919 0.6615644664312463 0.500220990828954 0.021329716970780524 0.5225784812890418 0.023170120129829216 0.5752807314607796
0 0.9692021298892225 0.6217450776690121 0.969122392730941 0.5211340812445927 0.03323863229752295 0.5218757965062519 0.033318369455804416 0.6224867929306713
0 0.7760580552367972 0.6202625725251172 0.04576711984945718 0.6166359985893194 0.0456401025621646 0.6422137408853285 0.7759310379495046 0.6458403148211264
0 0.6619741771577574 0.6409278255710802 0.04687284552085448 0.6389530116145756 0.046761013002390536 0.6737858275367596 0.6618623446392935 0.6757606414932641
0 0.6971330998063525 0.7725830787973466 0.6927025001268198 0.6457072911639515 0.0550703325499148 0.6679738948242894 0.05950093222944754 0.7948496824576844
0 0.6838444796875002 0.948734471875 0.057112156250000115 0.948734471875 0.05711215625000012 1 0.6838444796875002 1
0 0.6285594903425203 0.7726240820048444 0.0493888016958028 0.7714938331940433 0.049259111210654634 0.8379508175999459 0.6284297998573722 0.8390810664107471
0 0.6649912502684977 0.8968273760777599 0.6608333061573831 0.7777593281775614 0.04402177780321681 0.7992988419868197 0.04817972191433134 0.9183668898870183