0 0.8169191802709678 0.058813891016452256 0.308744627206586 0.05165369943448409 0.30833442353258333 0.08076675685973767 0.8165089765969652 0.08792694844170583
0 0.8416963315161373 0.08783075899912554 0.307146352082503 0.07084347939739004 0.30511148028070234 0.13487613826358785 0.8396614597143366 0.15186341786532334
0 0.8089696059920193 0.12552358295882649 0.3142905640156607 0.12465236451861028 0.31416101468051816 0.19821065717948905 0.8088400566568767 0.19908187561970525
0 0.8195282189425231 0.20958866810906523 0.8174870934900621 0.17226353010332518 0.30798977120499604 0.20012539500297918 0.3100308966574572 0.23745053300871924
0 0.8799537609277385 0.2583674964845927 0.8775128292345279 0.20653175178986558 0.30699740268330905 0.2333971743729812 0.30943833437651946 0.2852329190677083
0 0.8212132995222801 0.30550236189787466 0.818748446869807 0.25854432729085275 0.30564539492952464 0.28547738420328866 0.30811024758199773 0.3324354188103106
0 0.7946870736264221 0.3699554364207701 0.7927707351584344 0.3183098381700413 0.3087546450424216 0.33626952271297683 0.3106709835104092 0.3879151209637056
0 0.7969529801262124 0.40471041112136863 0.7959676402672716 0.3707117626288415 0.3164798711791607 0.38460815062382114 0.31746521103810144 0.41860679911634835
0 0.7673270506891529 0.42222733064984785 0.7664698465777293 0.40056432154292726 0.32965967126043655 0.41784887681156774 0.33051687537186014 0.43951188591848833
0 0.7548128102125704 0.453832203339941 0.7542619081199959 0.4255397051320129 0.3378490404546606 0.43364795766191755 0.338399942547235 0.46194045586984567
0 0.7992544288194793 0.4760670774821918 0.7989335132113181 0.4516475671885522 0.34242958876294877 0.4576468371485417 0.3427505043711099 0.48206634744218124
0 0.797129821517387 0.5058117090504777 0.7969441454253807 0.4759140893318198 0.3786408031722654 0.4785119192123788 0.37882647926427165 0.5084095389310367
0 0.7675105276346017 0.5275394619461612 0.39139184128938265 0.5254746054019922 0.39106126516753326 0.585689857177324 0.7671799515127523 0.5877547137214931
0 0.8573011189770124 0.5233906995419434 0.8571397075864038 0.5029586447985912 0.39190246874326534 0.5066339770462692 0.3920638801338739 0.5270660317896214
0 0.8359344867924705 0.5853045996274976 0.3714690077407508 0.5842062895717474 0.37138441188691684 0.619981117973881 0.8358498909386365 0.6210794280296312
0 0.8363928356582806 0.6211001391328842 0.30724457895882207 0.6072765458357609 0.3066305279542577 0.6307815789777138 0.8357787846537162 0.6446051722748372
0 0.8754773244442624 0.6449270302136995 0.2913003386720818 0.6200727084081171 0.2891043065668677 0.6716883359001049 0.8732812923390483 0.6965426577056872
0 0.869315963066688 0.698009260438334 0.31894305077514434 0.6675081285572553 0.3170561576965609 0.7015558761258283 0.8674290699881047 0.732057008006907
0 0.8023992202613787 0.7268483889621997 0.3204662562398279 0.6980183486204654 0.3161450659552538 0.7702528657165533 0.7980780299768047 0.7990829060582876
0 0.9176563744189998 0.7892086863124133 0.2911195431945403 0.7622882206924557 0.2858417379661464 0.8851218822754248 0.9123785691906059 0.9120423478953825
0 0.8459169215367286 0.9086706771237727 0.27154504612488695 0.8563811051444145 0.26867111227122475 0.8879496706317962 0.8430429876830663 0.9402392426111545
0 0.8226004495399144 0.9360256914117056 0.6851048265734476 0.9239963829510028 0.6827216616554763 0.9512360822320318 0.8202172846219431 0.9632653906927345
0 0.6410875703125001 0.9191650796874999 0.2523133280784789 0.8820997052282257 0.24979521409803224 0.9085118990584184 0.6385694563320534 0.9455772735176927
0 0.8022277103386086 0.9597309207750133 0.725697129309125 0.9530353650592153 0.7229735133701278 0.984166449491954 0.7995040943996116 0.990862005207752
0 0.5509197176470454 0.9358118739054799 0.2578118459895775 0.9081347989402604 0.25503081735891103 0.9375866605975156 0.5481386890163789 0.9652637355627351