0 0.7995847776953069 0.1209082280702514 0.7976756175725251 0.06623692897724584 0.24912911381235664 0.08539255775952062 0.2510382739351385 0.14006385685252615
0 0.9371925088727711 0.20169512189173777 0.9347890032199075 0.13286761213417173 0.24247830028809464 0.15704359487560327 0.24488180594095826 0.2258711046331693
0 0.8622857692734971 0.21604345159497268 0.8616999314560394 0.19725178165703156 0.2616862424528543 0.21595744811303313 0.26227208027031207 0.23474911805097426
0 0.8648518276700367 0.23868981897965838 0.8642008388292318 0.21446169011453736 0.25631954743131247 0.23079493398314205 0.2569705362721172 0.2550230628482631
0 0.8614074344735183 0.269966769126826 0.8606613668201193 0.23712720561091077 0.2607525165559252 0.2507562719032511 0.26149858420932426 0.28359583541916633
0 0.8573886470786517 0.2942824349089231 0.8568707055864527 0.2680206287878784 0.2649417546842066 0.2796947902180912 0.26545969617640547 0.30595659633913586
0 0.8487149857664458 0.3123573301255272 0.8481975820921903 0.29030788029009286 0.27203457755279653 0.3038278936121282 0.27255198122705176 0.3258773434475625
0 0.8505016381018606 0.3106382440925832 0.2720208720447306 0.29955457137429403 0.2710871858853123 0.34828566426067925 0.8495679519424423 0.35936933697896845
0 0.8236137029385826 0.3292033443509217 0.25296478247662985 0.32110306411743533 0.2521486271854278 0.37859961021573263 0.8227975476473807 0.38669989044921904
0 0.7778337270447021 0.38891342388035366 0.7777352873788387 0.3734094519438499 0.2747006061099005 0.376603379676988 0.27479904577576386 0.39210735161349175
0 0.7928690002372655 0.41428111725942685 0.79272039728432 0.3870200839342052 0.2663399637601472 0.38988944276815857 0.2664885667130927 0.4171504760933803
0 0.7838409738577079 0.41295658963598764 0.26561063636527316 0.4104072241164639 0.265312153252938 0.47108232262887306 0.7835424907453727 0.4736316881483968
0 0.7406336702968296 0.4702292269239175 0.29247565956307786 0.4661717160693469 0.2922574465559682 0.49027366198832495 0.7404154572897198 0.49433117284289557
0 0.6867500147896433 0.49127780695452206 0.28832125109444273 0.4887131553255356 0.28784848706861854 0.5621589146636685 0.6862772507638192 0.564723566292655
0 0.7186770253881405 0.5640847639788718 0.27029033552290244 0.5575191850190222 0.26952535903894886 0.6097621441795602 0.7179120489041868 0.6163277231394098
0 0.7980685255302669 0.6170236109398046 0.27209650228579324 0.6046373853255663 0.27131207547994185 0.6379474966549264 0.7972840987244154 0.6503337222691647
0 0.7344161275387993 0.646849624820889 0.2762488800000193 0.6355932070448987 0.2754334233852216 0.6687845402136167 0.7336006709240015 0.680040957989607
0 0.7541670104366508 0.6806834665533722 0.2647079014193096 0.666678700987636 0.2639221020949668 0.6941419694981967 0.7533812111123079 0.7081467350639328
0 0.7220405971221717 0.7070940117621964 0.2665321170568134 0.6911873047620845 0.2654415077845365 0.7224182673966857 0.7209499878498947 0.7383249743967977
0 0.6506715369975102 0.735870796472463 0.2758531291609689 0.7227818487234193 0.2745580305433689 0.759868619268102 0.6493764383799103 0.7729575670171457
0 0.6522058998539858 0.7750547247533035 0.2590704592145553 0.7587809523340028 0.2569938973115554 0.8089457240732646 0.6501293379509859 0.8252194964925653
0 0.665824537731874 0.8243441497993672 0.25716835732960963 0.810073561129367 0.2559414218511007 0.8452083952866649 0.6645976022533651 0.8594789839566651
0 0.67514555061612 0.8559386949330724 0.250871937692912 0.8411227343375514 0.2491678607472041 0.8899211148268472 0.6734414736704121 0.9047370754223684
0 0.6608238166474569 0.9015236640290132 0.2572964040071931 0.8826210242164167 0.25602717431236177 0.9097161273278965 0.6595545869526256 0.928618767140493
0 0.6549716775140172 0.928061993343003 0.2590329463425295 0.9080388134890484 0.25696779302267136 0.9488751936795661 0.6529065241941591 0.9688983735335206
0 0.7305009055001779 0.9125925790479494 0.26197789720837233 0.89623140944014 0.25931953937849495 0.9723568844169275 0.7278425476703004 0.9887180540247369