0 0.7612749231877668 0.12187742533010515 0.597926363324452 0.10906836918488898 0.5938950549173395 0.16047796683214693 0.7572436147806543 0.1732870229773631
0 0.5447060284659496 0.1072333137268016 0.2290135047705455 0.08686853708252976 0.22608755825298923 0.13222623760928418 0.5417800819483933 0.15259101425355603
0 0.741561742299173 0.1667349936963503 0.22982899282232797 0.1297633615777561 0.22653247760867828 0.17539117667020276 0.7382652270855234 0.212362808788797
0 0.7223770386939647 0.2014624191853672 0.23643493148364386 0.16606302575303872 0.2334833003718662 0.2065812861833117 0.7194254075821871 0.2419806796156402
0 0.7180530735010089 0.24404686437064815 0.23892143010362502 0.1936880979967666 0.233000872336927 0.25001844079202656 0.7121325157343109 0.30037720716590816
0 0.6987852789007538 0.27633429993139086 0.23118313161156445 0.24012231449591318 0.22839801851557923 0.2760862322006302 0.6960001658047686 0.3122982176361079
0 0.6822145060734861 0.3109798799342694 0.22898187209388815 0.2633432134328729 0.22387794354416907 0.31190385274975374 0.677110577523767 0.35954051925115016
0 0.6444236880091357 0.34586495908925413 0.22637728196104567 0.3123958197079123 0.22527208093420598 0.326200337116226 0.6433184869822959 0.35966947649756775
0 0.7076929157088476 0.36464446536587736 0.2251763575945504 0.3239053096168285 0.22247868264536516 0.35585670398077346 0.7049952407596624 0.3965958597298223
0 0.7020963593229494 0.395351574330932 0.2246695032309896 0.35343198032927875 0.22172964958444993 0.38691429611178785 0.6991565056764097 0.4288338901134411
0 0.7013275273830486 0.4272422958927208 0.21864613578555692 0.38605964974006735 0.21530213434973217 0.4252530337825814 0.6979835259472238 0.46643567993523477
0 0.6837501522807601 0.519966315120614 0.22040932536036645 0.4784749649777032 0.2179230683909271 0.506239411210202 0.6812638953113207 0.5477307613531129
0 0.6835821103574535 0.5456497038164855 0.21672960147398102 0.503794562257451 0.21497507181186593 0.5233645970048805 0.6818275806953386 0.565219738563915
0 0.6818043805734102 0.5635140571688159 0.21493606001154392 0.5211560585654788 0.2126052211402202 0.5468464798610092 0.6794735417020865 0.5892044784643463
0 0.6965530387595692 0.60125275501097 0.19070208223542667 0.5440446484712674 0.18477616535409946 0.596443353899869 0.690627121878242 0.6536514604395716
0 0.6986884338125645 0.6504255701134631 0.18667057315321073 0.6008731752467246 0.18273213477531877 0.6415684998220568 0.6947499954346725 0.6911208946887952
0 0.6920675948456372 0.6846896670355951 0.17575364551503192 0.6415838371569509 0.1719892348387306 0.6866732774636399 0.6883031841693359 0.7297791073422841
0 0.7039284926345577 0.7234473815563871 0.21313795596162627 0.6834420581961529 0.20724377895206855 0.7557525922647658 0.698034315625 0.7957579156250001
0 0.6756118458867173 0.7973289853654177 0.18612060047579507 0.745881383176842 0.17815847154147937 0.8216359809109612 0.6676497169524016 0.8730835830995367