0 0.16887140230564593 0.7849224531050812 0.08862869243343756 0.24189103811786045 0.033936405685933466 0.2499728123515498 0.11417911555814182 0.7930042273387706
0 0.24517290963553 0.7842843932997843 0.15873652260827878 0.097217443682322 0.08971832467777416 0.10590027098403698 0.1761547117050254 0.7929672206014993
0 0.2610515224676318 0.764151888586109 0.17972982178944058 0.1693804110251165 0.1611023314920808 0.17192730381923582 0.24242403217027203 0.7666987813802285
0 0.2817685716198518 0.7673051847978266 0.2019839016119928 0.16446121958711996 0.17795654489869145 0.16764117134439072 0.25774121490655044 0.7704851365550974
0 0.30971150761421457 0.7598152752709468 0.2334495521066032 0.1646174134594301 0.20086787110508966 0.16879206338061453 0.27712982661270097 0.7639899251921312
0 0.33153572561753186 0.7535385255692765 0.2580520900511626 0.16607250699276074 0.23198828873247718 0.16933271748496487 0.3054719242988465 0.7567987360614805
0 0.3506059990966742 0.7444028086945558 0.2769346140983769 0.17280931145341333 0.2550600351562267 0.17562867615000455 0.32873142015452406 0.7472221733911469
0 0.3624333972628643 0.7447108599290193 0.32414297445250806 0.16781417812376503 0.2753488133683598 0.1710527979971575 0.31363923617871603 0.7479494798024117
0 0.4052296631511023 0.7590954143202956 0.3523618495983505 0.19082270214710959 0.29522573250583595 0.1961382161967349 0.3480935460585878 0.764410928369921
0 0.41623830847780685 0.7352451325112174 0.36048043545425823 0.23529998372062222 0.3450716849762951 0.23701849055018176 0.4008295579998437 0.7369636393407769
0 0.4420129265693239 0.7408923659209706 0.3841375472891615 0.21769543021179238 0.35704138636988897 0.2206927730538592 0.4149167656500513 0.7438897087630375
0 0.49471862036447734 0.7366409468684022 0.4442271614356924 0.22084956096642078 0.3838476162347207 0.22676018958485394 0.43433907516350556 0.7425515754868355
0 0.511890893579127 0.7076420107878193 0.4692378398227833 0.2615006662549059 0.4452532118340494 0.26379370105086375 0.48790626559039313 0.7099350455837772
0 0.5804443810164132 0.7052739065155719 0.5458765734078592 0.30828003374150714 0.47239048219412155 0.31467875482309626 0.5069582898026754 0.7116726275971611
0 0.6290897011882537 0.7181473802220951 0.5932936161202329 0.2713522924707864 0.5409671477568201 0.2755445559136836 0.5767632328248409 0.7223396436649923
0 0.6604037523180607 0.71313794793707 0.6190195459781401 0.18864676565869104 0.5854106910402612 0.19129862299126948 0.6267948973801818 0.7157898052696484
0 0.6890453557944242 0.7060152283495134 0.6546915239567574 0.24895056333665813 0.6215822398161696 0.25143911882278236 0.6559360716538364 0.7085037838356376
0 0.7169793486791824 0.7145746777047821 0.6805335803038701 0.22627545057878776 0.6531685917849004 0.22831792367264364 0.6896143601602127 0.716617150798638
0 0.7457178760302723 0.7100245163858887 0.7139238427722724 0.2553486565859636 0.6827499655095505 0.25752854643300305 0.7145439987675504 0.7122044062329282
0 0.7820101344415168 0.697043307216551 0.7558481858617284 0.32291002703630756 0.7188292067713956 0.32549864632986775 0.744991155351184 0.6996319265101112
0 0.8337577584588658 0.7090898736462001 0.8063240622103842 0.31676955840149235 0.7556665166698507 0.32031187742768347 0.7831002129183323 0.7126321926723912
0 0.8688283730313229 0.7066374964402865 0.8403045855453538 0.29872829526817324 0.8052339740236875 0.3011806711086116 0.8337577615096565 0.7090898722807248
0 0.914004201964298 0.7087001968233981 0.8843903116099453 0.2852021117252682 0.8356811117090475 0.2886081930178889 0.8652950020634002 0.7121062781160188
0 0.9324105039692638 0.6998799650744231 0.9097257028107718 0.2965124113649782 0.8826757940758891 0.2980336586625439 0.9053605952343812 0.7014012123719888
0 0.9703014474825427 0.6950056587929376 0.9504486623182082 0.29892641742501025 0.9096464072029653 0.3009715597107449 0.9294991923672997 0.6970508010786723
0 0.9949272143620626 0.6899872500000553 0.9622247734061083 0.22232065017270147 0.8862384484949895 0.22763413269376068 0.9189408894509435 0.6953007325211145