0 0.7863901355165884 0.12387771514502939 0.7852483211936143 0.074120917577951 0.30383903763615594 0.08516825265689353 0.30498085195913005 0.1349250502239719
0 0.7829320217639808 0.15027155664038452 0.7820960025587091 0.1228471808977504 0.30044713498649556 0.13753002025448033 0.3012831541917672 0.16495439599711445
0 0.8000485000450117 0.19365912016304002 0.7985817293300231 0.14770565769965704 0.2917417527363969 0.16388328600014615 0.2932085234513856 0.20983674846352912
0 0.7953931710403219 0.23087230925428653 0.7941331409459647 0.19277908598243196 0.29123066209866455 0.20941386255022737 0.29249069219302176 0.24750708582208195
0 0.7946184724519492 0.277267393699606 0.7934354750377672 0.23286404028542176 0.28826127755114345 0.2463229284861314 0.2894442749653254 0.2907262819003157
0 0.7934935912823058 0.29708038935539244 0.7927493547612288 0.27275589804064404 0.2873286800582827 0.2882198401126131 0.28807291657935985 0.31254433142736143
0 0.8085020617751597 0.32263892964124463 0.8079233503813995 0.29507124009753233 0.2844624537866375 0.3060599297578322 0.2850411651803978 0.3336276193015445
0 0.8083932627860229 0.3590060255526005 0.8077342220926556 0.32124959540719755 0.2813433948681076 0.33043777804046737 0.2820024355614749 0.36819420818587023
0 0.8024595430619712 0.3819856179053529 0.8014965272048429 0.35014723257209857 0.2858556140445499 0.36574382676994777 0.2868186299016783 0.3975822121032021
0 0.8071282466852108 0.421059803473572 0.8066318720807548 0.3814713520416332 0.2673270696102513 0.3882333545530915 0.2678234442147073 0.4278218059850302
0 0.8065680943595683 0.4308092614280466 0.8060934971448555 0.4127047238745729 0.2701395133421518 0.4267543656936911 0.2706141105568648 0.44485890324716476
0 0.8066327308379717 0.4698710545665049 0.8056753990651035 0.42837269659530336 0.25907381891093956 0.44098232949077215 0.2600311506838079 0.4824806874619737
0 0.8051610758523546 0.5168103182027356 0.8050916339703971 0.4728581506710433 0.26073420176618767 0.4737182039214902 0.26080364364814523 0.5176703714531825
0 0.8044276611507938 0.5496786381243453 0.8043354101071444 0.51611417864795 0.27648972165651226 0.51756494879009 0.2765819727001617 0.5511294082664853
0 0.8011717453103149 0.5490241340885583 0.26202132283433466 0.5487001282276684 0.26199604479964456 0.590763142288896 0.8011464672756248 0.5910871481497859
0 0.8031004307389129 0.5912086539173468 0.26660071077748737 0.5863657938900743 0.266358657728456 0.6131808148260148 0.8028583776898814 0.6180236748532874
0 0.8026408571545248 0.6157937594142168 0.26618220077156696 0.6131736103281222 0.2659880735465023 0.6529199098338321 0.8024467299294603 0.6555400589199266
0 0.7968088769614001 0.6555943520928936 0.2656397878469334 0.6463227642218464 0.2650603136201554 0.679520831422843 0.7962294027346221 0.6887924192938903
0 0.8014198984375 0.68985973125 0.26629509997093315 0.6815152540678826 0.26600591615373853 0.7000603861976348 0.8011307146203054 0.7084048633797522
0 0.7672470639869988 0.7078207597942197 0.26732321571271883 0.6990945378930374 0.2666073925723212 0.7401039303980456 0.7665312408466012 0.7488301522992279
0 0.8121992641540098 0.7700291566474335 0.2002482753297974 0.7459051972237315 0.1921795344397013 0.9505844490636829 0.8041305232639138 0.9747084084873849
0 0.7894482144132973 0.0748516401925191 0.7883453314690814 0.03543098381564295 0.30978625419041056 0.048819767581301146 0.3108891371346264 0.0882404239581773