0 0.36328125000000006 0.2604166671875 0.25390625000000006 0.2604166671875 0.2539062500000001 0.9244791671874999 0.3632812500000001 0.9244791671874999
0 0.25390625000000006 0.2760416671875 0.17773437500000006 0.2760416671875 0.1777343750000001 0.9192708328125001 0.2539062500000001 0.9192708328125001
0 0.18628694310996025 0.29963539254342975 0.13787415752120807 0.29907245317611875 0.13069404015943975 0.9165625462881911 0.1791068257481919 0.9171254856555022
0 0.36447695589896717 0.3882674637033974 0.3201526606665591 0.3877637785303018 0.31417291230148475 0.9139816346568349 0.3584972075338928 0.9144853198299305
0 0.4321667219633776 0.3099346459769308 0.3634721680472129 0.30964841866894677 0.36092128188421213 0.9218610977891009 0.4296158358003769 0.9221473250970851
0 0.4707031250000001 0.3098958328125001 0.4316406250000001 0.3098958328125001 0.43164062500000017 0.9192708328125001 0.47070312500000017 0.9192708328125001
0 0.49978979761220516 0.919177380610256 0.4902545492115654 0.4424149605782686 0.46893495205042973 0.4428413525214913 0.4784702004510695 0.9196037725534787
0 0.5445717362761842 0.9137598189665086 0.5274836399346007 0.3270685135172194 0.4706636688354856 0.3287234641381837 0.4877517651770692 0.9154147695874728
0 0.6122803786667815 0.9446966832498986 0.5855250986101164 0.26689624801297346 0.5155272594073051 0.26965932058399944 0.5422825394639703 0.9474597558209247
0 0.64934025034664 0.9340327596472736 0.6302410407842125 0.3737892791494018 0.587942898094286 0.37523126128655837 0.6070421076567134 0.9354747417844302
0 0.6935962145742136 0.9317811875057336 0.6714747530113301 0.3713708220136318 0.6267254013190692 0.373137243772364 0.6488468628819526 0.9335476092644657
0 0.7554638494898495 0.9367703908103021 0.7320232015447645 0.35335871070513725 0.6674650305645998 0.3559525657984255 0.6909056785096847 0.9393642459035902
0 0.8300143579691032 0.9294834678332904 0.8014005382523844 0.2536522962912193 0.6561059229684794 0.259803882815495 0.6847197426851979 0.9356350543575662
0 0.8576024045858002 0.9373793450266359 0.8335303245918475 0.3168546173634995 0.8040421045580863 0.317998556935747 0.8281141845520391 0.9385232845988833
0 0.9167041116806814 0.9471384813773307 0.8865572986377692 0.12599671773788618 0.7632395763723807 0.13052411663857685 0.793386389415293 0.9516658802780216