0 0.5480272985202775 0.14336937630380275 0.22230242920894386 0.12629887081515206 0.2184916481409423 0.19901295454127088 0.544216517452276 0.21608346002992157
0 0.5481174125113141 0.21628789672667423 0.2223925440961792 0.1992173785799952 0.21903008776156302 0.2633768632384945 0.5447549561766979 0.28044738138517356
0 0.544979120689175 0.27617007973775615 0.22120470000152603 0.25920178134482547 0.21784224380789566 0.3233612675213435 0.5416166644955447 0.34032956591427416
0 0.5435671125405283 0.3404317835549305 0.22174314056606467 0.3235657044376844 0.21838068454933243 0.38772518948289 0.5402046565237961 0.404591268600136
0 0.8871542929900379 0.20727857812093836 0.8856214644898097 0.13068111807391075 0.5434189237146643 0.1375290971978735 0.5449517522148924 0.2141265572449011
0 0.882778215590388 0.2710337253398272 0.8815423564437632 0.20337425622729205 0.543778451987367 0.20954380819388904 0.5450143111339918 0.27720327730642425
0 0.878535110475393 0.3323237068766395 0.876662269858878 0.2670489889541082 0.5422572534170593 0.27664362707880946 0.5441300940335745 0.3419183450013408
0 0.8763705970689705 0.4001739691967276 0.875094465530001 0.33030971105677 0.5416633977077733 0.336400119987582 0.5429395292467426 0.4062643781275397
0 0.43064261075250265 0.40275276200706944 0.3953121081079529 0.4013260318291466 0.37491659217436923 0.9063856715414873 0.41024709481891897 0.9078124017194101
0 0.4653784961699433 0.4046055424223997 0.429683182490075 0.4031326905139284 0.4091858431981793 0.899896113515719 0.44488115687804763 0.9013689654241903
0 0.49835933950548145 0.40209226077403964 0.4639531825515738 0.4007028582159144 0.44286453518606866 0.9229268220052598 0.4772706921399763 0.9243162245633851
0 0.5325192356380851 0.3996990057510393 0.49823161337214394 0.398275143208552 0.4800979312806882 0.8349470994469659 0.5143855535466294 0.836370961989453
0 0.5643482859035895 0.40557439953972185 0.53175815173661 0.40418332376098165 0.5134812639670604 0.832374392621276 0.5460713981340399 0.8337654684000164
0 0.596232674954393 0.4030137675725842 0.56411301020601 0.4016127559672059 0.5411457487695411 0.9281613831848059 0.5732654135179241 0.9295623947901841
0 0.6312633440491509 0.40486370060591687 0.5962879738898359 0.40326582139403033 0.5690347335826548 0.9998016300419497 0.6040101037419697 1.0013995092538361
0 0.6674103313077273 0.40253560294112384 0.6316827013407197 0.4008233218825267 0.6031782951638489 0.995582500700346 0.6389059251308565 0.9972947817589433
0 0.7044906411885363 0.4046230373826812 0.6674321246158004 0.4026808829622772 0.6373941857829937 0.975838939989943 0.6744527023557295 0.977781094410347
0 0.7417733240892075 0.4022878921423108 0.706665253437078 0.40044795608880807 0.6936637563805506 0.6485312937542986 0.72877182703268 0.6503712298078014
0 0.7751551084551123 0.39974831088757345 0.7439479358550716 0.39811281237849844 0.7354297143434694 0.5606501717725434 0.7666368869435101 0.5622856702816184
0 0.8083127285924308 0.4014860278558265 0.7771055545382581 0.3998505297276879 0.7681390080461972 0.5709424877240312 0.7993461821003698 0.5725779858521698
0 0.8397440658841833 0.39884422795818447 0.808536892707062 0.3972087295412403 0.7982253622124522 0.5939644796737988 0.8294325353895733 0.5955999780907428
0 0.8669162924401176 0.4774711079613153 0.8357091187129633 0.47583560946702164 0.8274150612906526 0.6340956701054944 0.8586222350178069 0.6357311685997881
0 0.9837838143149599 0.07613642482968279 0.8823605020875082 0.0708210551151421 0.8348377971703493 0.9776084278769541 0.936261109397801 0.9829237975914948