0 0.7023719602884616 0.2013115479326924 0.32194309010431377 0.1371428228413903 0.2470234020609122 0.5813095448129852 0.62745227224506 0.6454782699042874
0 1.0119911638318773 0.18811671949065656 0.6991876815987291 0.17768993466419522 0.6845598346053622 0.6165252566981474 0.9973633168385103 0.6269520415246087
0 0.3135137410674854 0.2098998065570344 0.0042740576031002255 0.20146599703867413 -0.005863353067109034 0.5731710562980022 0.3033763303972762 0.5816048658163625
0 0.1328125000000001 0.6796875 8.341710375051551e-17 0.6796875 1.0303058764310986e-16 1 0.13281250000000014 1
0 0.32848611824051 0.6581934877147098 0.16731119064852734 0.5939855894688387 0.023329760292053116 0.9554083621537728 0.18450468788403582 1.019616260399644
0 0.3335945095238693 0.7012977476352511 0.21128309535930737 0.6637459978870284 0.11583826329129368 0.9746234526850011 0.23814967745585564 1.0121752024332236
0 0.33058593565172945 0.709223313729738 0.25289129135232963 0.6932037994412019 0.19207673864563168 0.9881543800686868 0.26977138294503156 1.004173894357223
0 0.4173159360353559 0.7075586427629339 0.29124874082815705 0.6734864278420695 0.20804260219218004 0.981349140795184 0.33410979739937885 1.0154213557160485
0 0.4589457028905978 0.7134419108234111 0.35847595902163953 0.6875738392083036 0.28203269970517963 0.9844740024020562 0.3825024435741379 1.0103420740171636
0 0.4947916671875001 0.712890625 0.3880208328125001 0.712890625 0.3880208328125001 0.9990234375 0.49479166718750023 0.9990234375
0 0.8151041671874999 0.6992187500000001 0.4973958328125 0.69921875 0.49739583281250005 0.9990234375 0.8151041671874999 0.9990234375
0 0.8917882142422874 0.7321217386659069 0.8102461401940332 0.7296507669721479 0.8020833328125002 0.9990234375000003 0.8836254068607545 1.0014944091937594
0 0.9609404328414461 0.9993027905918817 0.9581944667356168 0.7377495713222929 0.8848962804035363 0.7385191062408412 0.8876422465093656 1.0000723255104298
0 1 0.7421875000000002 0.9609375 0.7421875000000002 0.9609375 0.9990234375 1 0.9990234375