0 0.6839686185410561 0.2321537258096052 0.682155132494293 0.16168683942110273 0.05696602763564895 0.17777626491378853 0.058779513682411896 0.24824315130229097
0 0.7473958328125 0.18359375000000008 0.6875 0.18359375000000008 0.6875 0.23046875000000008 0.7473958328125 0.23046875000000008
0 0.7553815217147087 0.18162792965069835 0.7551928222293011 0.1209924951070022 0.08321492275049842 0.12308371263997128 0.0834036222359061 0.18371914718366744
0 1 0.22656250000000008 0.05208333281250003 0.22656250000000006 0.052083332812500036 0.33398437500000006 1 0.3339843750000001
0 0.9010416671874999 0.3046875000000001 0.06770833281250005 0.30468750000000006 0.06770833281250005 0.37890625000000006 0.9010416671874999 0.3789062500000001
0 0.8958499544872328 0.37896054420906805 0.06255034998598621 0.37691814321764344 0.06236354582795187 0.45313423969565686 0.8956631503291984 0.4551766406870814
0 0.831166947292644 0.4590921918546155 0.06401543531274272 0.4471881166605106 0.06340839416448804 0.48630854618772207 0.8305599061443892 0.49821262138182687
0 0.8594661941411207 0.4964928505585318 0.06776951028428761 0.48039054513507234 0.06686053015911221 0.5250820679864961 0.8585572140159453 0.5411843734099556
0 0.7770893881658234 0.5531154614512941 0.09993291445823047 0.5277220936509831 0.09864566215394258 0.5620488217162891 0.7758021358615355 0.5874421895166001
0 0.8716848888326771 0.5628563582445089 0.0479996246381198 0.5408718760884373 0.04602548340926359 0.614836367410273 0.8697107476038208 0.6368208495663445
0 0.8655051318400527 0.6369913011547814 0.05656747989515811 0.5913254659643438 0.055234416686081936 0.6149397285251218 0.8641720686309766 0.6606055637155593
0 0.7766924911827612 0.6742810950759047 0.5223829971594759 0.6581952535477189 0.5215216560604123 0.6718126461286711 0.7758311500836977 0.6878984876568569
0 0.8681739032169167 0.6572287756349418 0.044890772740361615 0.6110241101490125 0.04336322291811286 0.6382422706181721 0.8666463533946679 0.6844469361041012
0 0.6763074935187403 0.6978940976120092 0.10218002036285093 0.6712593179844364 0.09981899533277563 0.7221525242932164 0.6739464684886649 0.7487873039207891
0 0.7760416671875001 0.6992187500000002 0.10156250000000008 0.6992187500000001 0.10156250000000008 0.7988281250000001 0.7760416671875002 0.7988281250000002
0 0.8368291958097187 0.803441850798937 0.09153437738508297 0.7616290509134503 0.09034788655480962 0.7827777295557051 0.8356427049794455 0.8245905294411917
0 0.1276041671875001 0.78125 0.07682291718750009 0.78125 0.07682291718750009 0.796875 0.1276041671875001 0.796875
0 0.8392980913307186 0.8211376570906939 0.17341580917823302 0.7846998926927037 0.17233239394135036 0.8044987750438392 0.838214676093836 0.8409365394418294
0 0.12760416718750006 0.7998046875000001 0.06831733286480839 0.7937958868539716 0.06683984578801327 0.808373759660214 0.12612668011070496 0.8143825603062425
0 0.8397045079575349 0.839140162258361 0.20218488902687187 0.8006458632991904 0.20077334820640927 0.8240229604355969 0.8382929671370724 0.8625172593947674
0 0.12258710108212745 0.8133024226969443 0.05502721528061687 0.8101355530895844 0.05414795219734318 0.8288931657672265 0.12170783799885376 0.8320600353745864
0 0.8475415522625411 0.8618345593593777 0.23869874267367702 0.8217791113601102 0.23719262662822152 0.8446720752510342 0.8460354362170855 0.8847275232503016
0 0.10275366047999154 0.8320208510310675 0.05490556485481041 0.8275350919540628 0.05334003964864644 0.8442340270690052 0.10118813527382757 0.8487197861460098
0 0.8473603163501732 0.8824059648288023 0.2748438003090162 0.8441437224579944 0.2734863995838185 0.8644544592551364 0.8460029156249753 0.9027167016259442
0 0.09375000000000011 0.845703125 0.0416666671875001 0.845703125 0.0416666671875001 0.861328125 0.09375000000000011 0.861328125
0 0.8504698305395204 0.9013193492871713 0.30218347205978735 0.862831267434788 0.30041524150589893 0.8880207974057146 0.848701599985632 0.9265088792580979
0 0.8493534477586211 0.9239695581465519 0.5098329736206898 0.8956761853017243 0.5087553874137932 0.9086072197844828 0.8482758615517245 0.9369005926293104