0 0.6611493234374999 8.881784197001253e-17 0.6485413646715776 -0.06284211308066623 -0.010570111690911094 0.06939485204902823 0.002037847075011143 0.13223696512969454
0 0.7129431894271321 0.015372512580922737 0.7085120468909866 -0.009069064172090168 -0.004018891749681416 0.12010943287970555 0.0004122507864640468 0.14455100963271844
0 0.8229559813183747 0.04370493948947714 0.8141359174477062 -0.005237982265959107 -0.008401495156573156 0.14299249223321367 0.00041856871409540197 0.1919354139886499
0 0.8434934224166388 0.13463797089772292 0.8326418965325935 0.04335675859174738 -0.010851525884045362 0.14363139863152447 0 0.2349126109375
0 0.8891631209355733 0.20296564563532846 0.8794288104608254 0.127502664724035 -0.009674783201184733 0.24219214982526255 0.00005952727356306475 0.31765513073655605
0 0.8667625583668283 0.20951248728974683 0.8604125673494861 0.1712620445403614 -0.005698280943597511 0.31504589935004235 0.0006517100737446158 0.35329634209942784
0 0.9675986502234858 0.23100994739334926 0.9616289102439909 0.19231540298557537 -0.0057686748028965675 0.3415641440654934 0.00020106517659834733 0.38025868847326727
0 0.8688751551307676 0.36252291875979237 0.8558093078897802 0.24723111141451803 -0.012967958168139632 0.34568833319057096 0.00009788907284800086 0.46098014053584535
0 0.7602335194713845 0.37848892577721754 0.7552261302804432 0.3453102953878165 -0.004451026932441449 0.45996238141388907 0.0005563622584999317 0.4931410118032901
0 0.9297623430156833 0.41391124734548657 0.9214821761310035 0.3559056407107862 -0.005525989378298934 0.4882339234269281 0.0027541775063809172 0.5462395300616285
0 0.9032071321840013 0.47489004541913993 0.8953242807698334 0.41880064252950877 0.004770704130972825 0.5439597841736733 0.01265355554514076 0.6000491870633045
0 0.8850191084345205 0.4952167101822509 0.8826468956504279 0.4780586235831118 0.010706356666343796 0.5986098564723645 0.01307856945043655 0.6157679430715036
0 0.8501309422683789 0.5474766218572221 0.8438333827987842 0.5010767983526696 0.011162359927628384 0.6140900576514866 0.017459919397223078 0.6604898811560391
0 0.9714600255698175 0.6112493670480315 0.9600434805290188 0.530016432469613 0.019632658840774232 0.6621825613725892 0.031049203881572875 0.7434154959510078
0 0.9295441052227643 0.7132522391121083 0.9185740653137895 0.6191853164274513 0.028938286346038365 0.7229342190299595 0.039908326255013206 0.8170011417146166
0 1.005358838646837 0.8099656867966937 0.9872040972955333 0.6556788307032001 0.037851640917887175 0.7673879466522411 0.05600638226919099 0.9216748027457348
0 1.0035534784691524 0.9540670579613135 0.9927447813139902 0.8143499699744259 0.05482453009645074 0.8869087106207768 0.06563322725161286 1.0266257986076643
0 0.7945340213048382 0.14208064859987296 0.786721762222982 0.09667277589317277 -0.007256321462704473 0.23327381279118659 0.0005559376191516974 0.27868168549788674