0 0.16206359908541618 0.0015132873265537986 0.10381486428006947 -0.002565725679170748 0.03756711238772942 0.9434591401429694 0.09581584719307613 0.947538153148694
0 0.22640965823891945 0.0199948193765661 0.15463297681836977 0.014895811254077051 0.08822783401054564 0.9496542320107488 0.1600045154310953 0.9547532401332379
0 0.29910191849272966 0.000003612909754249771 0.22954776413724529 -0.005626646917947925 0.1510405673176017 0.9642223214623323 0.22059472167308608 0.9698525812900345
0 0.3676867749620768 0.008223816254656822 0.29957425744423505 0.0025817506231382904 0.22089626023019449 0.9524034672605813 0.28900877774803624 0.9580455328920998
0 0.4111957921875001 5.551115123125783e-17 0.37171095685645267 -0.0033601584966168494 0.2906624991974409 0.9490309289248481 0.3301473345284883 0.9523910874214649
0 0.48817367812500007 5.551115123125783e-17 0.41158127488921165 -0.006485705260992025 0.32937167711009907 0.9643617831101675 0.40596408034588755 0.9708474883711595
0 0.5353585614450603 0.000884655098306597 0.48922517918564656 -0.003573409175430975 0.39614863982899984 0.9596104540135991 0.44228202208841355 0.9640685182873368
0 0.5904260437293416 0.006641854287161142 0.5393742953125 0.0013842656250000695 0.44097616429443365 0.9568406453861643 0.49202791271127533 0.9620982340483254
0 0.657876240625 0.013839321875000088 0.592472440625 0.006965104687500079 0.492082149501284 0.962114810247674 0.5574859495012839 0.968989027435174
0 0.7377549968750001 0.02223491718750008 0.6599911546875001 0.014061607812500076 0.5596008726307907 0.9692113143555193 0.6373647148182908 0.9773846237305193
0 0.8050300613038773 0.033308885625312104 0.7416676020326818 0.026088550584012004 0.6329216486173717 0.980394826507774 0.6962841078885672 0.9876151615490739
0 0.8685346265625002 0.03598041093750013 0.8102826832082594 0.02897584652907178 0.6959766713373314 0.9795770460187209 0.7542286146915723 0.9865816104271492
0 0.9225884453125002 0.04166169531250012 0.8696317407904219 0.035250922842038214 0.7549894940598051 0.9822624747000053 0.8079461985818833 0.988673247170467
0 0.9449211346234037 0.12884301514806373 0.9113542109073188 0.12481585200804232 0.8078452891779542 0.9875760528786982 0.841412212894039 0.9916032160187196
0 1.016415892720844 0.05185974751342676 0.9529491954934182 0.043888588359718574 0.8345175500655506 0.986846223200023 0.8979842472929764 0.9948173823537312
0 1.0358206199653617 0.18539346137875617 0.9862576883673897 0.1801841873410229 0.9007214550297167 0.9940070830756446 0.9502843866276887 0.9992163571133779