0 0.9747760779233465 0.12811275888151968 0.9747702271299653 0.06971737600519659 0.02535500470959031 0.06981250051719798 0.025360855502971402 0.12820788339352107
0 0.9597576247303019 0.19358023146666292 0.9596777879170071 0.12149827637266222 0.022686900008414463 0.12253607239913393 0.022766736821709238 0.19461802749313464
0 1.0002219637072005 0.19445527567305004 0.012218204409604604 0.1906628590024686 0.011948300020817074 0.2609785900880309 0.9999520593184128 0.26477100675861237
0 0.9820590569944783 0.2649892975417255 0.029090606591537865 0.25870911086729537 0.02863952530869197 0.32715711303730016 0.9816079757116324 0.3334372997117303
0 1.0006019260324706 0.33718523953702717 0.037466377014176225 0.32249365815276115 0.03686203698488426 0.36211235886861515 0.9999975860031787 0.3768039402528812
0 1.0011818522559928 0.37730071496378165 0.024907257864473235 0.36212965195757424 0.023720272577249707 0.43851346101292615 0.9999948669687692 0.45368452401913356
0 1.001068800015125 0.4537878765620561 0.03410320095440489 0.4316376382082252 0.03303440093927974 0.4782959553961693 1 0.5004461937500002
0 1.0001211311081069 0.5044959439942334 0.03984619332327892 0.4770076476836686 0.0383777124411741 0.5283074944173293 0.998652650226002 0.555795790727894
0 0.9982844375000003 0.5578548078125002 0.03845855667601328 0.5243369471624202 0.036163423863513275 0.5900609471624201 0.9959893046875002 0.6235788078125002
0 0.9959150899108362 0.6257040750296247 0.03608920773812561 0.5921862159632232 0.03336033970228943 0.6703307706210986 0.993186221875 0.7038486296875001
0 0.9894371165721336 0.7079283616419293 0.029662537116122316 0.6722950493529007 0.027294636933540017 0.736073863500119 0.9870692163895513 0.7717071757891476
0 0.991196686642648 0.7766506214568321 0.03492336778201867 0.7342391625536301 0.032323618639370735 0.7928570645342982 0.9885969375000002 0.8352685234375
0 0.9894230261329362 0.8371996710992923 0.03672562617275254 0.7876813939143246 0.03394033055556898 0.8412685549276084 0.9866377305157525 0.8907868321125761
0 0.9029638398585697 0.8863205764013513 0.035238916003306205 0.8399533079262353 0.03342320060210104 0.8739329138005629 0.9011481244573645 0.9203001822756789
0 0.9865675096330371 0.9200229272551637 0.03739093295018111 0.87232895392166 0.034181948799245375 0.936192213325864 0.9833585254821013 0.9838861866593677
0 0.9839849143976254 0.9673396104256105 0.035149210177611974 0.9342055095715635 0.03340995953730042 0.9840110894297404 0.9822456637573138 1.0171451902837874