0 0.5562106896955282 0.00585836955015383 0.47115389441426164 -0.0032020970201402156 0.365503676755599 0.9886087402138735 0.4505604720368656 0.9976692067841674
0 0.15279926523928075 0.05116594057029824 0.08053496326357519 0.04567280859878654 0.011537402294920862 0.9533627398228207 0.08380170427062643 0.9588558717943323
0 0.2847755937568701 0.000026753261563738916 0.200880326409701 -0.006879546804606285 0.12090288213781086 0.9646578907012794 0.20479814948498004 0.9715641907674494
0 0.6175006756529385 0.0840074043974212 0.5506809536728281 0.0767268975442392 0.45035383992770417 0.9975185378386449 0.5171735619078146 1.004799044691827
0 0.47061042164496414 0.004554516796430147 0.3959830038465039 -0.003068275799626935 0.2954178520883769 0.9814682312150402 0.37004526988683717 0.9890910238110973
0 0.2027832281645498 0.0001768063260171343 0.16003589197275064 -0.003292246973596591 0.0818816984360415 0.9597611561795507 0.12462903462784067 0.9632302094791644
0 0.3373911518214251 0.00020324731333190015 0.28620104388584794 -0.004354258078558121 0.1992843170413167 0.9718983726909031 0.2504744249768938 0.9764558780827931
0 0.6891428861208312 0.02085854243690184 0.6339238484374999 0.014729554687500068 0.5245646817959342 0.9999995846998374 0.5797837194792654 1.0061285724492393
0 0.8408458328260773 0.08621721352925651 0.7735490728795618 0.07874787945762719 0.6712983942184563 0.9999999362321746 0.7385951541649718 1.007469270303804
0 0.9082856020207298 0.045180093307998395 0.8478907143489767 0.038476827423542845 0.7411706688120179 0.9999999526624481 0.8015655564837709 1.0067032185469036
0 0.39624693593750027 6.661338147750939e-17 0.3384460781110814 -0.005467729022583512 0.2455468576866366 0.976595319413063 0.30334771551305545 0.9820630484356465
0 0.9698652477392876 0.052089734731524784 0.918690525402335 0.045590150030720936 0.79757761809813 0.9991771387420533 0.8487523404350826 1.0056767234428572
0 1.037099384901758 0.16726393696985883 0.9861955962019356 0.1616141087539404 0.8931428767220495 0.9999999479909925 0.9440466654218719 1.0056497762069108
0 0.749534671875 0.02756103125000011 0.6925860754260297 0.02124065613297519 0.5839595843750001 1.0000000000000004 0.6409081808239703 1.0063203751170253
0 0.7637841296875 0.1824725640625001 0.7292736009423015 0.17864208151543778 0.6381073476305228 0.9999995911381069 0.6726178763757213 1.0038300736851693
0 1.007978656856693 0.056368686795133315 0.9710277942042858 0.05169987698262957 0.8512634034122672 0.9995640506213285 0.8882142660646746 1.0042328604338322
0 0.08368717532226161 0.02460213139532113 0.034541635822633934 0.020854261023577576 -0.03614253635267055 0.9477304416487519 0.013003003146957126 0.9514783120204953