0 0.6618841265625 1.1102230246251566e-17 0.6571085482402681 -0.03638783233039634 -0.004775578322231866 0.05047855360710366 1.3877787807814458e-18 0.08686638593750001
0 0.705019636113103 0.019960689321875714 0.7010242164101813 -0.009536587415801967 -0.0038823883169296523 0.08594333645286241 0.00011303138599212114 0.11544061319054008
0 0.7973669728149064 0.06326503144966034 0.7897497741078509 0.007016746056175105 -0.007397725219287085 0.11496725261349254 0.00021947348776852894 0.17121553800697778
0 0.8881849858353237 0.10557258413161923 0.8812700632288344 0.05198554819807968 -0.006914922606489118 0.16659779219146056 1.1102230246251566e-17 0.22018482812500012
0 0.886245407939678 0.1489303449917794 0.8804929837025977 0.1027144036706854 -0.005041861223523458 0.21293550831812458 0.0007105630135568863 0.25915144963921855
0 0.8725114383601762 0.18354017696300662 0.8675509149364083 0.14528825509017113 -0.0047814142513489975 0.258412635261999 0.0001791091724186955 0.2966645571348345
0 0.8849471383584687 0.23502824379454607 0.8786015014902999 0.1846739861499469 -0.005954926331143811 0.2961456698350984 0.0003907105370249131 0.34649992747969754
0 0.8932476720476558 0.2828160987395377 0.8871646542060339 0.23452644778227705 -0.0060830178416219575 0.3470483115427393 0 0.39533796250000003
0 0.783007806562616 0.3299801518329676 0.7788655335954704 0.2975950383450968 -0.0033561842082237394 0.3976464362562422 0.00078608875892201 0.43003154974411295
0 0.9889262494709203 0.3580583368601463 0.9816056861098954 0.3005392297603951 -0.006094276458229897 0.4262456345055625 0.0012262869027950818 0.48376474160531374
0 0.994842215709858 0.42429500956084665 0.9883419851721499 0.3661807606980352 -0.005449533141546758 0.4773389379414117 0.0010506973961614484 0.5354531868042232
0 0.9115070120158075 0.491955912736053 0.9048641015943432 0.4337319216090106 0.001024406364881747 0.5368530923592616 0.007667316786345968 0.5950770834863041
0 0.9269061550437037 0.5394874159296115 0.9216774635994918 0.492956348289831 0.007010214190278108 0.5957374161628193 0.012238905634490116 0.6422684838025998
0 0.9727897187598848 0.6132309163460222 0.9640965336966045 0.5353668236985685 0.011663402889787799 0.6417018131010797 0.02035658795306814 0.7195659057485334
0 0.8644239279260069 0.6776871331000907 0.8589167293710179 0.6264595091768037 0.019910751072352618 0.716656402131133 0.025417949627341386 0.7678840260544199
0 0.9558259227870767 0.717203711477129 0.9508702399637515 0.6710007291174104 0.025585885562853995 0.7702457463783245 0.030541568386179108 0.8164487287380432
0 0.8958585524881606 0.7785265992194547 0.8906656295721647 0.7280036839069584 0.030522461279288027 0.8164122237158379 0.03571538419528404 0.8669351390283342
0 1.006344105667333 0.8296075587301429 0.9997440127716336 0.7623202294818292 0.038687910229300584 0.8565884910641864 0.04528800312500001 0.9238758203125002
0 0.991660078788591 0.9005361101442327 0.9854468154793363 0.8328486743788079 0.045011582035643094 0.9191744697736285 0.05122484534489785 0.9868619055390532
0 1.0043910013336916 0.9377734800812952 1 0.89029433125 0.07380574074876414 0.9759513054742129 0.0781967420824559 1.0234304543055082
0 1.000937009276147 0.9491215960424894 0.999072016200663 0.9313773725068504 0.3461713390625 1 0.34803633213798374 1.0177442235356389