0 0.9469433531250002 0.04422150000000012 0.8751172221828944 0.036522243476359406 0.7718790008114527 0.999628484148659 0.8437051317535584 1.0073277406722998
0 0.8731203046875002 0.036462384375000115 0.8282378421875002 0.03174504687500011 0.7265060824893641 0.9996579616729366 0.7713885449893642 1.0043752991729367
0 0.823223073626148 0.050422312347896084 0.7507439371774179 0.04296396752486357 0.6523437862753665 0.9992026683396658 0.7248229227240965 1.0066610131626983
0 0.7515067182428099 0.023025691086356843 0.6845120657151335 0.016668045775169688 0.59124678595164 0.9994650885194515 0.6582414384793165 1.0058227338306387
0 0.6757447620183774 0.12517085356967522 0.6205853947978989 0.12016204517452285 0.5407146244034104 0.9997367477397006 0.595873991623889 1.004745556134853
0 0.6273416652370007 0.052031785487258654 0.5797096608938488 0.04783338557612935 0.495852915070503 0.9992112833014097 0.543484919413655 1.003409683212539
0 0.5715886626395039 0.13986029592756527 0.5192425517029611 0.1352427106841706 0.4434486932943377 0.9944610058400359 0.4957948042308805 0.9990785910834304
0 0.53585562113069 0.014616628815174688 0.4498854254716015 0.006508248509332515 0.35752163246591157 0.985807819694158 0.4434918281250001 0.9939162000000001
0 0.44393682570551957 0.04794765798965132 0.3914273933306902 0.04355418098777279 0.31292805663568013 0.9817531541229846 0.36543748901050954 0.986146631124863
0 0.3907915316236944 0.05399689693727229 0.33062526346373655 0.04928093771599632 0.25793455566105916 0.9766699190841853 0.31810082382101695 0.9813858783054613
0 0.33564742766928324 0.0004247524959926696 0.2749910570965108 -0.004511624599182795 0.19565723190468604 0.9703129900952565 0.2563136024774585 0.975249367190432
0 0.2706291718750002 4.718447854656915e-17 0.2085523146340052 -0.004436778841546621 0.13924266592148588 0.9653039547422608 0.20131952316248086 0.9697407335838075
0 0.20497126208814676 0.15350452268159476 0.16803460435762213 0.15054560441295103 0.10312281414447555 0.9608500332938563 0.14005947187500017 0.9638089515625001
0 0.1848165760409442 0.03653428873303013 0.124109550269822 0.031413407902005655 0.046167996103877854 0.9553950613564755 0.10687502187500006 0.9605159421874999
0 0.12249429253557598 0.03349560768526112 0.06920936208152043 0.0296382856480285 0.002472329503398052 0.9515416438095764 0.0557572599574536 0.9553989658468091
0 0.0691469562799331 0.035906221996573714 0.03333740700517325 0.03339890747159485 -0.030693426663542495 0.9478893993986734 0.005116122611217355 0.9503967139236524