0 0.04299891530328382 0.08827476073766742 0.017755762483525273 0.08716239210987192 -0.020875579090665435 0.9638293841682541 0.00436757372909311 0.9649417527960497
0 0.0628588820657399 0.2146361465267855 0.0330796228511893 0.213447268681426 0.0029872087984059493 0.9672083064257286 0.03276646801295656 0.9683971842710882
0 0.12153725000450019 0.1313124683543357 0.0647408584513552 0.12904333895686484 0.03114657553057274 0.9699094653411008 0.08794296708371774 0.9721785947385717
0 0.1789724394914463 0.04922081440159737 0.12499874589001794 0.04672539255152976 0.08216595024474486 0.9731596097512927 0.13613964384617322 0.9756550316013604
0 0.22133469346250328 0.05865992219902606 0.17482197762416946 0.056299640152867314 0.12832867373746948 0.972516342129988 0.17484138957580336 0.9748766241761467
0 0.2530338461575077 0.07819517513827896 0.2144605546270825 0.07643608548263606 0.17329779885330393 0.979052375427995 0.21187109038372914 0.9808114650836378
0 0.3058991300714884 0.07488921102830627 0.2552079578413625 0.07239451824734108 0.21045538244766782 0.9817491788022886 0.2611465546777937 0.9842438715832538
0 0.3544023522169076 0.07501305599524208 0.30578649353459847 0.07261807517601296 0.26082789594703804 0.9852353326182474 0.30944375462934715 0.9876303134374764
0 0.38170692551334284 0.1917680810592755 0.3490174629030225 0.1902201589505201 0.3112116989755914 0.9886131138479952 0.3439011615859118 0.9901610359567506
0 0.4448166859871964 0.00009020348332804407 0.3869002199964779 -0.0026885371443717944 0.33922619236278145 0.9909670680472251 0.3971426583535 0.9937458086749249
0 0.511318300298117 0.00040393432485861803 0.4529672443160965 -0.003285448842504074 0.38992093621043866 0.9938510606631548 0.4482719921924592 0.9975404438305174
0 0.5635355619115964 0.09334786223293012 0.5050425956491681 0.08977936209900587 0.4496470093508858 0.9977945053882358 0.508139975613314 1.00136300552216
0 0.6130189892099027 0.08643642551738785 0.5662868805578689 0.08350564624605761 0.5088257176913327 0.9997402233837509 0.5555578263433664 1.0026710026550811
0 0.6936097573150484 0.054055362718024656 0.6154190392756125 0.04909552087085677 0.5551277564472585 0.9995731451845394 0.6333184744866944 1.0045329870317072
0 0.7382692171394177 0.17196753746268895 0.6868635414612447 0.1684954858024937 0.6307230199037139 0.9996874512548892 0.6821286955818869 1.0031595029150844
0 0.7930572386426592 0.08881612525194718 0.746695637326536 0.08567345645357938 0.6847323298093426 0.9997749235991057 0.7310939311254658 1.0029175923974736
0 0.8430352697605914 0.1585210654151131 0.7923781710344571 0.1548618841359532 0.7313402498221231 0.9998607418042195 0.7819973485482572 1.0035199230833793
0 0.9148924437428819 0.027812138115814927 0.8474812647288269 0.02262763846831815 0.7723933351826904 0.9989544211065097 0.8398045141967454 1.0041389207540063
0 0.9798269437815621 0.0853617073927572 0.9120889102329771 0.07972677734644643 0.8355848637728286 0.9993892439839664 0.9033228973214136 1.0050241740302772
0 1.0203163294661515 0.05981093538041256 0.9726953790114191 0.05588225830333191 0.8948795093824264 0.9991172454221532 0.9425004598371588 1.0030459224992339
0 1.0123841935059394 0.32635856840062 0.9919263366496761 0.32492801572407715 0.9447318415906396 0.999840754103406 0.9651896984469029 1.0012713067799488