0 0.9552562796386544 0.9025467309752131 0.81252373375715 -0.010852445114506826 0.7430473533669567 0.000004298477245701093 0.8857798992484612 0.9134034745669656
0 0.8846815514410856 0.9066351511244942 0.7399984025857589 -0.006858395634043846 0.6966961921875 -2.2204460492503132e-17 0.8413793410428267 0.9134935467585381
0 0.8437385008148686 0.9341755175702225 0.692848984747457 -0.00524289213765774 0.6228210307654807 0.006005007603648282 0.7737105468328923 0.9454234173115286
0 0.7817890591466776 0.9544792589569722 0.6189361507396636 -0.010450395986799765 0.5543459741503474 0.0004506039546992802 0.7171988825573614 0.9653802588984712
0 0.7231510867434754 0.9702247501062471 0.5728576128743389 0.10124309865604797 0.5197355839588407 0.11043074289613408 0.6700290578279772 0.9794123943463333
0 0.6730196870057712 0.9787407269647691 0.508877218766631 0.044412012816210086 0.463036335872207 0.05246531948506169 0.6271788041113473 0.9867940336336207
0 0.6263739288740157 0.9826105498714506 0.4785283998586688 0.14069336444035563 0.42815117668064173 0.14953989630829215 0.5759967056959885 0.9914570817393871
0 0.5763203906564571 0.9940065585080747 0.4133769615370534 0.03192331456067754 0.33050331439676467 0.045959227080331025 0.49344674351616835 1.008042471027728
0 0.4999793217388741 0.9996640964454853 0.33522895930831054 0.08571840948443907 0.28475579133995693 0.09481684151868248 0.44950615377052044 1.0087625284797288
0 0.4528819170856063 0.9992195528905894 0.286772630755144 0.10470574259965501 0.22902102971044389 0.1154300904225876 0.3951303160409062 1.009943900713522
0 0.39142179597512305 0.9990997277044574 0.21600044833604964 0.03847625328329451 0.15766112713634278 0.04912971181070345 0.33308247477541614 1.0097531862318663
0 0.33661200610768827 0.9990746756014228 0.15299180378864236 0.04679078332147152 0.09351628483986549 0.05825890423681947 0.2771364871589114 1.0105427965167708
0 0.27599663750000003 1 0.13691754665150632 0.2438211671732633 0.10144823102205883 0.25034480940789344 0.2405273218705525 1.0065236422346302
0 0.24311710468750003 1.0000000000000002 0.08847282017168565 0.13877211318251803 0.03011005332332616 0.1492518810346482 0.18475433783914053 1.0104797678521302
0 0.1918595591380597 0.9997999200163005 0.029140515500587317 0.15173997151979662 -0.02166146415919281 0.16148745406485143 0.14105757947827954 1.0095474025613553
0 0.14138307343750003 1 4.4408920985006264e-17 0.2724336953125 -0.03469075496762358 0.27917491673189554 0.1066923184698764 1.0067412214193956
0 0.10459919218749998 1 0.016962055320129843 0.446680907111962 -0.013831519942503322 0.4515581304079112 0.07380561692486683 1.0048772232959493