0 0.9883197103638379 0.9361079394432593 0.918537586313481 0.01918667185532119 0.8612503012443739 0.02354651012553253 0.9310324252947307 0.9404677777134708
0 0.9407413122133301 0.9396065482612672 0.870630734613005 0.03847621459460091 0.7999938872139284 0.043971968078854604 0.8701044648142535 0.9451023017455208
0 0.8820014000541093 0.9565957572550147 0.7963177145250706 -0.0006838301166300353 0.7285254583974268 0.00538408403506907 0.8142091439264656 0.9626636714067139
0 0.8150092668502957 0.9437463245052685 0.7304193631656482 0.029328923463996393 0.6634873148254277 0.035520598639980805 0.7480772185100751 0.949937999681253
0 0.7517558911684958 0.9436769833187156 0.657782628754023 -0.0038736341389001396 0.6182223365588811 0.00004975491404782817 0.7121955989733539 0.9476003723716635
0 0.6863520687500001 0.6859488671875 0.6176600980752017 -0.007304603275644727 0.5439405421875 0 0.6126325128622984 0.6932534704631448
0 0.6441893965911398 0.9495894099495891 0.5430547035159672 -0.004763071988323875 0.49810821250000004 0 0.5992429055751727 0.954352481937913
0 0.6012543897039135 0.9545180389069783 0.4937440729515791 -0.0027320232137394095 0.44451404704712444 0.0027970813412270144 0.5520243637994589 0.9600471434619446
0 0.5595741319021423 0.9558831352554644 0.4426105720672222 0.0032916213306457 0.37762204128927856 0.011271211529713415 0.4945856011241988 0.9638627254545321
0 0.49261601659390725 0.9641045585501524 0.37565248588344163 0.011513041747229402 0.302787190625 0.020459774999999996 0.41975072133546565 0.973051291802923
0 0.41624190564933927 0.9770398896401387 0.30349562549802495 0.05879512202395889 0.24047669820379097 0.06653287331003092 0.35322297835510524 0.9847776409262108
0 0.3563681482593184 0.9771936955740937 0.23382868955063435 0.028562447887610636 0.17681137187499998 0.0359276609375 0.29935083058368406 0.9845589086239832
0 0.30078878200764125 0.9805077815546746 0.17787152876196266 0.035410690102838524 0.12469029218750002 0.04232732499999999 0.24760754543317862 0.9874244164518361
0 0.2520866904623496 0.9864424572263232 0.13828724504437334 0.1535647698886075 0.10616998417982856 0.15795308107798828 0.2199694295978048 0.990830768415704
0 0.22156323835617125 0.986700531007356 0.10429281881672989 0.06520576856936386 0.03538989170805968 0.07397442955247283 0.15266031124750098 0.995469191990465
0 0.16301300215119513 0.9973199461726884 0.034929118499288245 0.052900217997941035 -0.02139896311793852 0.06053953263417768 0.10668492053396839 1.004959260808925
0 0.10718841661320488 0.9991330812442047 0.00375038185984109 0.22841103121943712 -0.04443342031641624 0.23487774357559293 0.059004614436947544 1.0055997936003604