0 0.05025411509923836 0.0803616987044314 0.024958519850389 0.07880428497113967 -0.02529559524884926 0.8950342487667085 9.992007221626409e-17 0.8965916625000002
0 0.06790574633884575 0.20705044375025236 0.0381517713057012 0.20534202725619916 -0.005091002960880747 0.9584630784579667 0.02466297207226379 0.9601714949520199
0 0.12802937731048605 0.12476353589738658 0.07128123846194691 0.12150351834631593 0.023016933679150153 0.961655274076237 0.0797650725276893 0.9649152916273076
0 0.18688851376405974 0.043686765593009866 0.132966592949237 0.04024975312097008 0.07397181563698009 0.9657953356866675 0.12789373645180285 0.9692323481587074
0 0.2290795807643949 0.05386376018091019 0.18261514240047294 0.05069207884399489 0.120138733367211 0.9659578159588404 0.16660317173113298 0.9691294972957557
0 0.26043296886659395 0.07394926463566254 0.2218962520289826 0.0715172461340263 0.1649869399825159 0.9732776736482316 0.2035236568201272 0.9757096921498677
0 0.3133478987632525 0.07156643143849854 0.26270798528409384 0.06818743565928312 0.20209179886958356 0.9766225554510234 0.2527317123487422 0.9800015512302387
0 0.36184157175044285 0.07253675343989072 0.3132749148030841 0.06929367367945467 0.25239579861918193 0.9809873011480684 0.30096245556654067 0.9842303809085043
0 0.3871043316232575 0.1897505269514298 0.35444686298031924 0.1876323307810246 0.30271297757871735 0.985243885312818 0.3353704462216556 0.9873620814832232
0 0.4534915217280332 0.00009192381004610172 0.39563237220435943 -0.0036971752545150336 0.3306821222787824 0.9880864012667852 0.38854127180245623 0.9918755003313464
0 0.5200484703234047 0.0005198339403888974 0.4617731328665764 -0.004187156361902089 0.3813212558261371 0.9918548965152727 0.4395965932829654 0.9965618868175637
0 0.5706229434171243 0.094518646592934 0.5122011648044408 0.08992984697065796 0.4409669667441869 0.9968399087057224 0.49938874535687033 1.0014287083279982
0 0.6202194556338163 0.08847186642025502 0.5735456148688571 0.0847259458792348 0.5001139256251428 0.999678340979861 0.546787766390102 1.0034242615208813
0 0.7013630761586043 0.057502237367533224 0.6232708286482075 0.05117853492805263 0.5464774236581661 0.9995105677902807 0.6245696711685629 1.0058342702297614
0 0.7439578840221663 0.1761758703516812 0.6926206334146365 0.17180719472511163 0.6221767462196637 0.9996085239660732 0.6735139968271934 1.003977199592643
0 0.800188753222695 0.09399330471364988 0.7538890609063009 0.09004199309073148 0.6762550925735342 0.9997219146285266 0.7225547848899284 1.003673226251445
0 0.848942654409029 0.1645598645963983 0.7983571306028151 0.16001715207241468 0.7229399223084237 0.9998279403255653 0.7735254461146377 1.0043706528495489
0 0.9230700680262564 0.03512492635629 0.8557596382524176 0.02876472904469487 0.7641076214881166 0.9987246745950259 0.8314180512619552 1.005084871906621
0 0.9869903001501065 0.09379899413191309 0.9193609273480405 0.08698273068954576 0.8274131172654304 0.9992674126106313 0.8950424900674964 1.0060836760529988
0 1.0276947712175644 0.07120325268473568 0.9801496375043536 0.06644407360200957 0.8868085036549178 0.9989403324467304 0.9343536373681287 1.0036995115294567
0 1.012782867246299 0.36451683251212474 0.992389080774131 0.362732607424195 0.9366354093750002 1.0000000000000002 0.9570291958471684 1.0017842250879299