0 0.5453606271005064 0.9882903900075194 0.4563808362487408 0.020479024574054244 0.37972159211957107 0.0275270132142919 0.46870138297133657 0.9953383786477572
0 0.21461975086940538 0.9993922858071966 0.10873090933829559 0.13529388485379057 0.043990677411829895 0.14322731946214656 0.1498795189429397 1.0073257204155526
0 0.3238752300560013 0.9993112684611383 0.21216797905727486 0.027717939613347554 0.1370002690671738 0.036360216168314655 0.24870752006590022 1.0079535450161055
0 0.6047174617170554 0.9770474078432931 0.52460733910391 0.08208645374021045 0.464356390858105 0.08747966204656274 0.5444665134712504 0.9824406161496455
0 0.47305288735664125 0.9944418354279826 0.3809124123509774 0.0377218309321057 0.3137104486594578 0.04419396575394707 0.40585092366512165 1.000913970249824
0 0.25160611042721587 0.999863227647322 0.14054818733989047 0.0535794492615448 0.10165215481623997 0.05814437226570164 0.21271007790356533 1.004428150651479
0 0.3650300179753377 0.9996507411179817 0.2622145441276661 0.049377176138262646 0.21607531108809006 0.05436924082653312 0.3188907849357617 1.004642805806252
0 0.6603780031313213 0.9706255080496116 0.575078017282241 -0.0043577871194997175 0.5252682813228537 1.3032717127714478e-10 0.610568267171934 0.9749832952994385
0 0.8017520736646778 0.9551199427074927 0.722086278125 0.04453572656250002 0.6613806638323333 0.04984677958824242 0.7410464593720112 0.9604309957332351
0 0.857651846905965 0.9486608777749531 0.7742377723433033 -0.004766329664529867 0.7197583735076667 2.6726328927750844e-10 0.8031724480703284 0.9534272077067463
0 0.41322665293982463 0.9982767692609403 0.31152030995678526 0.0153566284810417 0.25930567829150286 0.020759467446848846 0.36101202127454224 1.0036796082267476
0 0.8981918071760869 0.9452634256844445 0.830265992408922 -0.0031964041609724657 0.7839638964389536 0.00011961144160731463 0.8518897112061186 0.9485794412870243
0 0.9881249685622727 0.9347231849686428 0.9208418923224284 -0.0036218071109795358 0.867401130401448 0.0002101085373107159 0.9346842066412921 0.9385551006169331
0 0.7143126826068324 0.9596329608334896 0.6304252737937077 0.0007955641307548 0.5790589786868752 0.0052895329847651665 0.6629463875 0.9641269296875
0 0.7426030159688449 0.9602948140384162 0.67110806875 0.1431038515625 0.639976982468655 0.1458274687740837 0.7114719296875 0.9630184312500001
0 0.9335376019956392 0.9471659660224638 0.8649446773427764 -0.0023302593356971713 0.831512920817852 0.00008489713895019069 0.9001058454707149 0.9495811224971111
0 1.037517237216017 0.9249211920132836 0.9563707458649162 -0.0025874360226886828 0.9112306735684866 0.0013618086263306073 0.9923771649195874 0.9288704366623028
0 0.08235944843750001 1 0.007624717357207583 0.35496081475468505 -0.03231893724195561 0.3595887169862328 0.042415793838336824 1.0046279022315479
0 0.15008761382308383 0.9993482430544146 0.04300098598317102 0.12371340038993142 -0.024852215605125284 0.13201157468838914 0.08223441223478752 1.007646417352872