0 1.058175888529595 0.12405236769022301 0.9843471357384839 0.11269647800708393 0.8480974527981673 0.9985050267290283 0.9219262055892784 1.0098609164121672
0 0.6181968321524913 0.010757833115162962 0.5574638633653224 0.0033007620744742614 0.4359466058913487 0.9929793858934632 0.49667957467851753 1.000436456934152
0 0.6752621474617881 0.10514610198078904 0.6114728323073948 0.09658277042406371 0.4902909956762066 0.9992812490067507 0.5540803108305999 1.0078445805634761
0 0.46353044843750013 0.00803532500000006 0.41147295213553897 0.001643468213781013 0.29182048906250013 0.9761345843750002 0.3438779853644613 0.9825264411612192
0 0.40107366660408256 0.0002707698153378568 0.34728231722925357 -0.006333977433268062 0.22757370298193996 0.9686144422073244 0.281365052356769 0.9752191894559303
0 0.1053036905051579 0.00020131881183166472 0.05113471684949794 -0.00562948996869341 -0.05028925442584159 0.9366124244662949 0.003879719229818357 0.94244323324682
0 0.3094363736898401 0.0006389359767341951 0.2521742134618656 -0.0063919733076270744 0.13380677960923115 0.9576334022038825 0.1910689398372057 0.9646643114882437
0 0.6958222425706206 0.20989779517497306 0.6589026163494369 0.20501978448696545 0.5539130053829275 0.9996423144294313 0.5908326316041114 1.004520325117439
0 0.3266015765625002 0.11905667968750007 0.295367390112742 0.11522160380439539 0.19110854725950338 0.9643417349236383 0.2223427337092616 0.968176810806743
0 0.98811932925741 0.09565191506785524 0.9038526076078574 0.08299208192053517 0.7662631946984826 0.9988184300753685 0.8505299163480352 1.0114782632226886
0 0.896928032177734 0.1476921463430883 0.8260808282969178 0.1373377038238071 0.7001067799120699 0.9992777911818539 0.7709539837928862 1.0096322337011352
0 0.8370862118331516 0.04969044607173486 0.7693438456014208 0.04016893420512254 0.6346040393505298 0.9987975037967571 0.7023464055822608 1.0083190156633695
0 0.7661537483598291 0.06481211825555086 0.7055948526433979 0.057034544089685134 0.5845735410243698 0.9993485398812825 0.6451324367408009 1.0071261140471481
0 0.5578980954854801 0.003354079145683009 0.5080102342396383 -0.002771379184248668 0.38645757656250007 0.9871957046875 0.4363454378083418 0.9933211630174318
0 0.5041555281593613 0.01086339191497987 0.46945194904891663 0.006527990826512886 0.3475112474667851 0.9826265565153923 0.3822148265772297 0.9869619576038593
0 0.24752936866064448 0.00039431390112518725 0.17879202211052575 -0.0077139205184426655 0.06585394293816038 0.949715710282659 0.13459128948827914 0.9578239447022268
0 0.17535661718750015 3.8857805861880476e-17 0.10881990028874115 -0.007191057127600066 0.006098633988383862 0.9432583266043704 0.07263535088714286 0.9504493837319705