0 1.0425089124122466 0.14937691102138817 0.9802416098139481 0.1433616628825924 0.8974947696534258 0.9999219271379196 0.9597620722517244 1.0059371752767154
0 0.992633887555973 0.050245195176240445 0.9328515672357295 0.04427944203783853 0.8375365686080183 0.9994231845112026 0.8973188889282622 1.0053889376496046
0 0.9368439207363378 0.05295917233446893 0.8850640036878377 0.04804780557411263 0.7948652628831423 0.9990016936945517 0.8466451799316423 1.003913060454908
0 0.8852826227247782 0.06862461715835795 0.8430886345238404 0.0648416822891055 0.7592506771621077 0.9999510367916077 0.8014446653630454 1.0037339716608602
0 0.845291450813441 0.058589743412220986 0.7894726958890883 0.05355611470145377 0.7041368371287948 0.9998597974126868 0.7599555920531477 1.0048934261234541
0 0.7892282781624369 0.051346256000749234 0.7356857998434657 0.04655502349825565 0.6503670640625001 1 0.7039095423814712 1.0047912325024937
0 0.7191205062500002 0.17351790468750009 0.6854394009467039 0.17062402925481285 0.614209017680792 0.9996569629030784 0.6478901229840883 1.0025508383357655
0 0.7028311508056717 0.013012999039877293 0.6408259378808168 0.007632010260767608 0.5547354905570092 0.9996535022646815 0.6167407034818642 1.0050344910437912
0 0.6359205640625002 0.008283542187500098 0.5716924805005561 0.0031517728332217942 0.4922428348487239 0.9975258624712346 0.5564709184106681 1.002657631825513
0 0.5672573267337663 0.04062572657907287 0.5015848687610923 0.0357418468132215 0.43034945468100894 0.9936288058761462 0.49602191265368295 0.9985126856419976
0 0.5034072405334308 0.024884812630099035 0.45182244985766024 0.02083316929886227 0.3756921120458451 0.9901108719586904 0.42727690272161556 0.9941625152899272
0 0.453419933591776 0.00011265546274826787 0.3670339802570927 -0.006681012372902528 0.2890800405495744 0.9845545853538613 0.3754659938842577 0.991348253189512
0 0.3615853797491522 0.10070906087928569 0.3016684900878653 0.09582430169569549 0.22953411832189988 0.980630907599034 0.2894510079831868 0.9855156667826241
0 0.30376373974887716 0.0009484880869337603 0.25215694587262444 -0.0026602104717068364 0.1835947093750001 0.9778254546875 0.23520150325125283 0.9814341532461407
0 0.24481703881477243 0.0702070704621208 0.1888225224615497 0.0662915524908324 0.1253436961044786 0.9740810727020797 0.1813382124577013 0.9779965906733681
0 0.20037970639903904 0.0001755344016190069 0.1251752794571858 -0.0057570203267827995 0.04828655922354027 0.9689279860804871 0.12349098616539349 0.9748605408088891
0 0.1257759145511147 0.00022044397766455558 0.04876719223259603 -0.004952549169661874 -0.01638579784801337 0.964959526575497 0.0606229244705053 0.9701325197228234
0 0.05825425468750025 2.42861286636753e-17 0.03335595252444971 -0.0017150204109320731 -0.024898302163050456 0.844007879589068 8.881784197001253e-17 0.8457228999999999