0 0.324562778357171 0.05403899013904391 0.24678593096528595 0.052259170586817026 0.22532504149521246 0.9900847625798965 0.3031018888870975 0.9918645821321235
0 0.24608878661936825 0.06271565952638128 0.1797250029145543 0.06201740958567246 0.17000802515990884 0.9855483293579825 0.2363718088647228 0.9862465792986912
0 0.0822894029037197 0.9824457001182623 0.08153927699096815 0.035951222920661594 0.007925518193948712 0.036009564083065604 0.008675644106700265 0.9825040412806663
0 0.18310994053088486 0.03442456678494984 0.13132226575871955 0.03380397002602001 0.11992288138083704 0.9850619362820762 0.17171055615300237 0.9856825330410061
0 0.5838477551406461 0.1136283774055226 0.5260704703125001 0.11161075000000006 0.4950971645187935 0.9985701093019091 0.5528744493469395 1.0005877367074318
0 0.13183382482406644 0.05454092223138687 0.08318564951796054 0.054029285138901983 0.07341229223622628 0.9833129617031939 0.1220604675423322 0.9838245987956789
0 0.838239224899513 0.04591256611727653 0.7840623534674489 0.04373667425088579 0.7456630117570116 0.9998302334280942 0.7998398831890757 1.002006125294485
0 0.6401031578125003 0.02491261875000009 0.5885720675806432 0.0231131134322973 0.5544584259087492 0.9999999999771706 0.6059895161406063 1.0017995052948734
0 0.7787809311696967 0.04539062033545963 0.7270246090163331 0.04342667891027506 0.690728442969436 0.999950146853652 0.7424847651227996 1.0019140882788367
0 0.9266069847321914 0.017721164155783932 0.8732910885114871 0.015257659128057644 0.8278041586962479 0.9996990960777905 0.8811200549169522 1.002162601105517
0 1.0138931687878878 0.0661077975513634 0.9732929163804094 0.06469000549221199 0.940631171578076 0.9999999999896316 0.9812314239855544 1.001417792048783
0 0.8664136062500001 0.1703993671875001 0.8351826421744883 0.16930875778539828 0.8061742620081043 0.9999999998736951 0.837405226083616 1.001090609275797
0 0.01401211406250007 0.20150566250000002 4.345627287687392e-17 0.20150566250000002 9.111086852519659e-17 0.9797642703125 0.014012114062500119 0.9797642703125
0 0.3842835841986424 0.11706307399172053 0.3226181911535433 0.11563289664684254 0.3022452320335063 0.9940599925088561 0.3639106250786054 0.995490169853734
0 0.44762840939957843 0.03917260302427379 0.3882153821286049 0.03751084780160198 0.36141175788017305 0.9958255482498309 0.4208247851511466 0.9974873034725027
0 0.4996978886697372 0.058644161149757935 0.4470222449372899 0.05692011094675178 0.4162379971057451 0.9974844103612008 0.4689136408381923 0.999208460564207
0 0.5222214844411103 0.19833315630652437 0.49113446058017995 0.19747197541701544 0.4689197725307965 0.99938077978923 0.5000067963917268 1.000241960678739
0 0.6903579718502622 0.030691765508282808 0.6454847388610465 0.028941601269657353 0.6076208239216069 0.9997512198547943 0.6524940569108224 1.00150138409342
0 0.7252066767745899 0.045822216450652695 0.6918762014662979 0.04444330415249144 0.6523510037390228 0.9998293926376107 0.6856814790473148 1.001208304935772
0 0.98713242360475 0.016740611432053788 0.9274286932048621 0.013721193121671504 0.8775685950517307 0.9996176645084451 0.9372723254516184 1.0026370828188274
0 1.0146401743187652 0.06150562895008131 0.9746485768500041 0.06010909163457956 0.9418268640625003 1.0000000000000002 0.9818184615312615 1.001396537315502