0 0.13695213801522935 0.9998721291844201 0.056069034219366175 0.11484095210432917 -0.01781752484251538 0.12159345346302482 0.06306557895334777 1.006624630543116
0 0.19723303011533924 0.9991933619279598 0.11796236284759787 0.17121046076381535 0.05576729065553495 0.17716498575038 0.1350379579232763 1.0051478869145245
0 0.9587339617478209 0.9675768308740273 0.890716183066394 -0.005122740916882274 0.8174575734197876 1.238575908502071e-12 0.8854753521012146 0.9726995717921483
0 0.43628553147727855 0.9999999999841072 0.36986690341138084 0.05016936120041669 0.3090778437112812 0.05442014632129555 0.3754964717771788 1.0042507851049858
0 0.56427543125 0.9935937421874999 0.4998596872648796 0.07240568877509335 0.44998148371850777 0.07589351254590641 0.5143972277036282 0.997081565958313
0 0.38690723414215267 0.999809326975455 0.3160167686242775 0.14093038920249384 0.25797518264393865 0.14572104696412316 0.3288656481618138 1.0045999847370843
0 0.6188297151390221 0.989778935690269 0.553542015625 0.056121331249999996 0.5036638118974902 0.059609155010845474 0.5689515114115122 0.9932667594511144
0 0.3031242324137434 0.9997336738851086 0.22581646022396445 0.0975169317681788 0.17342026494538654 0.10200657703756628 0.2507280371351655 1.004223319154496
0 0.8743339374552704 0.9722020766276172 0.813641412945296 0.02541586076313257 0.7602690712061113 0.02883722675355575 0.8209615957160856 0.9756234426180403
0 0.6998817940318502 0.9841112218552912 0.6308221419867792 -0.0034878236812317664 0.5809439390625 -5.551115123125783e-18 0.650003591107571 0.987599045536523
0 0.3293165102505722 0.999781360356742 0.26668276492954573 0.23402877160999452 0.23498313488204473 0.2366216019632231 0.29761688020307114 1.0023741907099706
0 0.5113888342215265 0.9988582492826247 0.446537116407374 0.07143542026475395 0.4138045421874998 0.07372430468750002 0.4786562600016523 1.0011471337053708
0 1.0131792566944022 0.9622033290165708 0.9523603274534376 0.09245217192196019 0.8993647332590354 0.0961579850928895 0.9601836625000001 0.9659091421875002
0 1.0263029588366384 0.8726890507756939 0.966078346875 0.011436965624999995 0.9397753880383615 0.013276247661806139 1 0.8745283328125002
0 0.8181530300772272 0.9759858714007145 0.7619922262669585 0.04318016020013769 0.7012519646068418 0.0468371081342233 0.7574127684171104 0.9796428193348001
0 0.757746190855919 0.9800694763506099 0.6958011472146204 -0.0035552259405690345 0.6354953254290383 0.00024261154117652395 0.697440369070337 0.9838673138323555
0 0.6550145049976617 0.9903543872123233 0.5921172068915699 0.16619238280571738 0.5597041674264809 0.16866603797892338 0.6226014655325728 0.9928280423855294
0 0.4807473745797311 0.9995671905991216 0.40998983519571297 0.053627464418768665 0.3629941248474298 0.05714280554866911 0.4337516642314479 1.003082531729022
0 0.2533009692144185 0.9999777727291411 0.17902981125181872 0.08326178399230158 0.1171957621743284 0.08827149963261621 0.1914669201369282 1.0049874883694556
0 0.0689845546875 0.9999999999999998 0.01915893173934253 0.2874604861871227 -0.01588083065984254 0.28991070537588376 0.03394479228831493 1.002450219188761