0 0.8219647729670134 0.9611593369184958 0.7045602347983234 -0.00984494082778482 0.6199771597226448 0.00038203457668652965 0.7373816978913348 0.971386312322967
0 0.8873448127181447 0.9521210294743284 0.776982940218948 -0.007848176422418352 0.705435599509638 0.000377190021124385 0.8157974720088348 0.9603463959178711
0 1.0647205840885532 0.9255474839221515 0.9336819586150193 -0.0068407926798992325 0.8564750901514662 0.004009924960449163 0.987513715625 0.9363982015624999
0 0.9376484419546287 0.9448420379831939 0.8308434887057695 -0.006218746948741127 0.7754677203125 0 0.8822726735613591 0.9510607849319349
0 0.5376513663136986 0.9992923917363161 0.4073270750817971 0.07198687139845489 0.3452248878629097 0.08071476458548513 0.47554917909481126 1.0080202849233462
0 0.9861392287798842 0.9379150993302859 0.8831290871490914 -0.005216034059726249 0.8319643623462492 0.0003722509219146186 0.9349745039770421 0.9435033843119269
0 0.25876385625000003 0.9999999999999998 0.12494050796578923 0.047797387548042344 0.06619594843750001 0.056053396874999994 0.2000192967217108 1.0082560093269577
0 0.472710029502654 0.9999999998063833 0.3347427233597788 0.018311608821984675 0.27935579218750006 0.026095734374999985 0.41732309833037534 1.0077841253593989
0 0.3236672628447409 0.9997712499714584 0.18412314863433318 0.039223443300257906 0.12874857083559527 0.047268015735938085 0.26829268504600295 1.0078158224071385
0 0.16633938906250006 0.9999999999999998 0.0343062220127662 0.06053520612539688 -0.02275952337322313 0.06855527366011664 0.10927364367651071 1.0080200675347197
0 0.19714701874999996 1 0.0804159222551804 0.16941508695820234 0.046848928124999994 0.17413262031250004 0.16358002461981955 1.0047175333542977
0 0.7404197260691501 0.9722404731438026 0.6280133539501283 0.05350123143084771 0.560954921629038 0.061705730329957284 0.6733612937480599 0.9804449720429123
0 0.6772984184467873 0.9807085026881831 0.5503185537549389 -0.008290696014843224 0.4857453890625001 -1.1102230246251566e-17 0.6127252537543486 0.9889991987030262
0 0.6162210737127083 0.989027850274326 0.4865459326604837 0.003889400479173022 0.4299652124306406 0.011337199190275028 0.5596403534828652 0.9964756489854281
0 0.5658804485130619 0.995732426730577 0.45071863748600355 0.1614262030962809 0.418574372109247 0.16586317325191077 0.5337361831363052 1.0001693968862069
0 0.41023799375000003 1 0.27348071704254606 0.02692142240609919 0.225313459375 0.03369088906249999 0.36207073608245394 1.0067694666564009
0 0.3609284734375001 0.9999999999999998 0.2231233163894611 0.03392714478408527 0.18741391610242397 0.03902090089997015 0.325219073150463 1.0050937561158846
0 0.1143872859375 0.9999999999999998 0.002023254862470353 0.2575966425052575 -0.045909390160586774 0.264851331160026 0.06645464091444286 1.0072546886547684