0 0.4291469236388533 0.999734889414996 0.32086809184038934 0.06715244548206843 0.24515837039458294 0.07594283205568554 0.3534372021930469 1.0085252759886132
0 0.3586024123747162 0.9997008248848962 0.24588641856386798 0.08093212761166658 0.17832093129198862 0.08922116822413674 0.2910369251028368 1.0079898654973665
0 0.6790340460150723 0.9776524770215562 0.5846317787599844 0.07947488951606284 0.528689921948587 0.08535461552005101 0.6230921892036749 0.9835322030255444
0 0.29571478772958254 0.9996973643717292 0.17680312936074938 0.058545902373172753 0.12658131755370056 0.06489127734138672 0.24549297592253372 1.0060427393399431
0 0.9292184633763669 0.9513570352029441 0.828694653240319 -0.00506309750347016 0.7727527945607678 0.000816628976824485 0.8732766046968157 0.9572367616832388
0 0.8715593355977767 0.9558461465373413 0.7705637064233037 -0.005063097230674473 0.7177297315508858 0.0004899771815396025 0.8187253607253588 0.9613992209495553
0 0.09567137499999998 1 0.01189814413348032 0.3409681945093169 -0.03169967639888184 0.3465101581206412 0.052073554467637825 1.0055419636113243
0 0.13606825978065337 0.9998272971382537 0.011435556585568085 0.10433295775296465 -0.023769426341479487 0.10923270082799814 0.10086327685360578 1.0047270402132873
0 0.20585820024904694 0.9995217685150086 0.08153905647371713 0.07527820420583531 0.0075149618221869025 0.08523511645407013 0.13183410559751674 1.0094786807632432
0 0.25220125982818187 0.9994570000658085 0.13089204126631265 0.0944269065963246 0.0825303821313726 0.10090924913979152 0.20383960069324183 1.0059393426092753
0 0.2960902914649678 0.9999058916991521 0.18658485197855063 0.06099641405042435 0.12946531793530747 0.06765829128946192 0.23897075742172458 1.0065677689381896
0 0.4877268448002153 0.9997754278432524 0.3893249419636692 0.12024000053064485 0.3285771631910105 0.12703642605109017 0.42697906602755664 1.0065718533636976
0 0.5441483320161521 0.9946128115114211 0.44090084549040975 0.03137445623334437 0.38233506554819513 0.03765199859066438 0.4855825520739375 1.000890353868741
0 0.5926922592286167 0.9895207923350888 0.4932450225247219 0.043343537728139966 0.4427419567528836 0.04865162383106655 0.5421891934567784 0.9948288784380154
0 0.6237909011351144 0.9862401333621875 0.5368797058246148 0.17834664135958717 0.5077425425577765 0.18148114573738694 0.5946537378682761 0.9893746377399874
0 0.7344893239651684 0.9746173199950802 0.6314627738954929 -0.005614853384404516 0.5770748571488994 0.00010154685224531557 0.6801014072185749 0.9803337202317299
0 0.7785035066702695 0.9702445367360731 0.6826900385388804 -0.00447888550143537 0.6343183673650908 0.00027595825089070657 0.7301318354964799 0.9749993804883992
0 0.8122357363056846 0.9700038129892041 0.7164702999322197 -0.0007960105612215274 0.6832957071916401 0.002476527477253465 0.7790611435651049 0.9732763510276792
0 0.9561083223348426 0.9550140051354274 0.8733581982476565 0.09422549575961164 0.8402371230268264 0.0974095218642493 0.9229872471140125 0.9581980312400653
0 1.002234348373089 0.947094137224165 0.9157667836886787 -0.004521032590682816 0.8645291793510088 0.00013462129953806246 0.950996744035419 0.951749791114386
0 1.0438498332230286 0.8914252898604765 0.9489561862803442 -0.0029512126971031004 0.9051063530573156 0.0017012693174205062 1.0000000000000002 0.896077771875