0 0.0683944908893863 0.04886884207533428 0.01568809709258575 0.04848464253151928 0.008887488464625854 0.9814257721435016 0.06159388226142641 0.9818099716873168
0 0.13035619580385252 0.0791508376120151 0.06380720377054902 0.07831967613748421 0.05250949663905049 0.9828984432333083 0.119058488672354 0.9837296047078391
0 0.5203544593674707 0.040937946844658915 0.46676644240949294 0.03918636478206827 0.4355231542681123 0.9950455794322799 0.48911117122609005 0.9967971614948705
0 0.4613298483878894 0.12280298442034143 0.4036407092395449 0.1214252431222435 0.382771891673234 0.9952497572791493 0.44046103082157845 0.9966274985772474
0 0.651177751565894 0.0659491155278122 0.6043313059521008 0.0643132015520972 0.5716675573407799 0.9996805531232994 0.618514002954573 1.0013164670990142
0 0.7091731552744032 0.06172054984831894 0.6607651608294391 0.06003010544562224 0.6279406890625003 1.0000000000000002 0.6763486835074644 1.0016904444026968
0 0.9784045234139465 0.0649274125876508 0.9235482007627447 0.06210155984878172 0.8752494156521285 0.9996924340106679 0.9301057383033303 1.002518286749537
0 0.7967327966284552 0.011629326587276112 0.745857733819683 0.009539525066587257 0.7051819467672433 0.9997690758647849 0.7560570095760155 1.0018588773854735
0 0.40448018255918033 0.21185587818797513 0.3712397431726466 0.21097946444715832 0.3506415567310958 0.9922232263771573 0.3838819961176296 0.993099640117974
0 0.7378213515625001 0.1815433500000001 0.7097134843750001 0.18056180156250007 0.6810980694146823 0.9999999999140838 0.7092059366021823 1.0009815483515838
0 0.018833675462307232 0.08353318276435598 0.0013845020245507682 0.08347600946730911 -0.0015634742578554937 0.9831923473222837 0.01588569917990097 0.9832495206193306
0 0.20511084505533766 0.07188580591134852 0.1298841522959024 0.07064035258691184 0.11475091932924845 0.9847035651559961 0.18997761208868374 0.9859490184804327
0 0.26626195325398433 0.12989693612811687 0.20259067842862127 0.12882330899326408 0.18807680776631933 0.9895659427437717 0.25174808259168235 0.9906395698786244
0 0.3298949120090809 0.05234865752077607 0.2690777772888094 0.050739782384218036 0.24418456644494269 0.9917287523240619 0.3050017011652142 0.99333762746062
0 0.3838829826808728 0.0755499481397642 0.3292287969049535 0.07364138193438033 0.2972375736927747 0.9897501612395537 0.351891759468694 0.9916587274449375
0 0.5666247339423133 0.04718839154781514 0.521730223350934 0.04562064064234667 0.4885272228670213 0.9964301421333843 0.5334217334584006 0.9979978930388528
0 0.5993229109943494 0.06222776554824594 0.5680919464083782 0.06113715624123992 0.5353151231346657 0.9997425764646526 0.566546087720637 1.0008331857716586
0 0.861442261604117 0.012352462977747053 0.7999165580449347 0.009559643373176224 0.7549769913514336 0.99957649012449 0.8165026949106158 1.002369309729061
0 0.9198518122062305 0.07009249631550521 0.8607365403453768 0.06724748416535067 0.8158619946569317 0.9996761797196537 0.8749772665177854 1.0025211918698083
0 1.016539852075385 0.035136936584661424 0.9687000895127404 0.033418477979684426 0.9339817187063393 0.9999349894218209 0.9818214812689838 1.001653448026798