0 0.10935555112005454 0.01296863248684246 0.05688320555832321 0.00799223006376721 -0.031202700328376198 0.9367905264741999 0.021269645233355138 0.9417669288972752
0 0.16844222312178878 0.04853571594662493 0.10221891136378478 0.0419075905964404 0.01212496184667139 0.9420595025115601 0.07834827360467539 0.9486876278617447
0 0.5602868984983018 0.044458825647010834 0.5070554612082709 0.03804340555049991 0.3926224436175309 0.9875422549093076 0.4458538809075618 0.9939576750058186
0 0.49435188643619765 0.12086800762152117 0.43700234804403715 0.11446756915156668 0.3400541194519581 0.9831480796811742 0.39740365784411863 0.9895485181511287
0 0.6884325015625002 0.08077681875000012 0.6419069000733444 0.07506419315265887 0.5283390622211135 0.9999999999657572 0.5748646637102693 1.0057126255630984
0 0.746575759375 0.08161897656250008 0.6984993052321331 0.07571592927009957 0.585011472894626 0.9999999976311328 0.6330879270374927 1.0059030449235333
0 1.0144777846110151 0.10846018236539874 0.9600764940225355 0.10086403885096487 0.8346339814045894 0.9992455094104379 0.889035271993069 1.0068416529248718
0 0.8382027497334184 0.03935440513113777 0.787720691909902 0.032832719632068866 0.662841368917741 0.9994793334793439 0.7133234267412574 1.0060010189784125
0 0.4299570795725941 0.20462725423502706 0.39691951590982855 0.20085708040506117 0.30830982988014527 0.9773327219459222 0.3413473935429108 0.981102895775888
0 0.7646716953125001 0.2034826703125001 0.7367563344384304 0.20005509479590183 0.6385354451800749 0.9999999992163369 0.6664508060541445 1.003427574732935
0 0.05696213456818383 0.0431815563141557 0.03921925821966734 0.04157065828141078 -0.01763934715073367 0.6678270593256779 0.00010352919778282566 0.6694379573584228
0 0.24354559714716117 0.04781362703212952 0.1687137131775156 0.04001647479322566 0.07397220896957693 0.9492824520078564 0.14880409293922253 0.9570796042467602
0 0.2994080041617695 0.11093367767160349 0.23607259194759694 0.10431481886699041 0.14659528681941664 0.9605170995617923 0.20993069903358919 0.9671359583664054
0 0.36955759873794464 0.03922647094475161 0.3091121138897777 0.03232315541396491 0.2023010357763725 0.967561791823863 0.26274652062453946 0.9744651073546498
0 0.4213181021433184 0.06704484373254177 0.36703823530459173 0.0603801141558032 0.25532460772502663 0.9702146032030337 0.30960447456375323 0.9768793327797723
0 0.6058363378512663 0.05471820456417821 0.5612493039076996 0.04924360520506811 0.4453041440128153 0.9935411584539373 0.48989117795638215 0.9990157578130473
0 0.637099321126499 0.07255018386272341 0.6060822533160983 0.06874176682195512 0.4918288177036027 0.9992613296818844 0.5228458855140034 1.0030697467226528
0 0.9025681480394734 0.04570987800915135 0.8415199784637963 0.03756536745482856 0.7132426632710404 0.9990835874101707 0.7742908328467175 1.0072280979644934
0 0.955723055867252 0.1083209206579278 0.897080696527164 0.10033449948341108 0.7746739057568474 0.9991379626571749 0.8333162650969352 1.0071243838316917
0 1.0413834638438453 0.19263942249234647 0.9940855774530002 0.18678399811032118 0.8934103640625001 1.0000000000000002 0.940708250453345 1.0058554243820255