0 0.12881339732641792 0.9996520574522822 0.01296199797231182 0.22889230417143658 -0.030782251644114533 0.23546741724679682 0.08506914770999158 1.0062271705276424
0 0.20640628544599288 0.9986527274025961 0.08513822282482085 0.21527273591567359 0.006935882190220849 0.22737854209435646 0.12820394481139288 1.010758533581279
0 0.31329584846270087 0.9959226637593659 0.20142296774356844 0.19990571600738516 0.08537593118555606 0.21621506258012718 0.19724881190468851 1.012232010332108
0 0.3158030151932021 0.9997281757784403 0.2319560520213484 0.403126211678363 0.19907606190569535 0.4077471943204108 0.2829230250775491 1.0043491584204882
0 0.3631768734375 1 0.2702403115301705 0.21962680574709284 0.20726659631889133 0.22712650028474357 0.3002031582262209 1.0074996945376506
0 0.4064914990491454 0.9994563544945464 0.30354885090242967 0.26698147724428256 0.2609982687538178 0.27296157259308984 0.36394091690053354 1.0054364498433537
0 0.4552444430343587 0.9990528427424797 0.36476769135965087 0.25645058966536116 0.30329872024024557 0.2639398112676724 0.3937754719149534 1.0065420643447909
0 0.5135849221162433 0.9755738573579065 0.42851200230136977 0.3702486147815358 0.3724225987437447 0.3781314668347771 0.4574955185586182 0.9834567094111477
0 0.5658053202419411 0.9524277133038591 0.46366778737801495 0.24168941972306124 0.4094327865883572 0.24948332814977664 0.5115703194522833 0.9602216217305747
0 0.6488490791951784 0.969697368684798 0.5424174316105576 0.2123968499760649 0.46505273726203883 0.22326974875399425 0.5714843848466596 0.9805702674627274
0 0.7036144769233488 0.938360026858569 0.5964588170223719 0.17590780357348482 0.5423035316018139 0.18351883173910916 0.6494591915027906 0.9459710550241933
0 0.8380561343351223 0.9250108623616562 0.7501024883869399 0.24106047729190458 0.6088499141840988 0.25922506813344504 0.6968035601322813 0.9431754532031966
0 0.9440449874867897 0.9229568313002396 0.8408714692861228 0.18883897847818082 0.7209561956199175 0.20569196825710803 0.8241297138205844 0.9398098210791668
0 0.9897397640039338 0.9112813914740473 0.8804120491096326 0.13337405062457755 0.8204544118074889 0.14180054454292343 0.9297821267017902 0.919707885392393
0 0.9952759789024886 0.8926546428919669 0.9071700466434531 0.13762156874568937 0.8800180591627509 0.14078997454351203 0.9681239914217864 0.8958230486897897
0 1.0449639937179165 0.889152463216093 0.9751620200888322 0.2307562084468247 0.9172919435554242 0.2368914887234624 0.9870939171845083 0.8952877434927308