0 0.05273437500000007 0.13005832343749998 1.6007188678938264e-17 0.13005832343749998 6.060433141553625e-17 0.8583849359375 0.05273437500000011 0.8583849359375
0 0.06858086664796761 0.8479313163064377 0.05936642882404786 0.25479611315034545 0.04553625367935332 0.25501096684354496 0.05475069150327307 0.8481461699996373
0 0.142578125 0.1378618234375 0.05273437500000002 0.1378618234375 0.05273437500000007 0.8713907687500001 0.14257812500000006 0.8713907687500001
0 0.275390625 0.17948048750000004 0.13867187500000003 0.1794804875 0.13867187500000006 0.8505814375 0.27539062500000006 0.8505814375
0 0.2890625 0.2835271453125 0.201171875 0.2835271453125 0.20117187500000006 0.8375756046875 0.28906250000000006 0.8375756046875
0 0.2942856809912387 0.8270993519180484 0.29096804406670407 0.35874686457605154 0.2545238232343938 0.35900502204502394 0.25784146015892845 0.8273575093870209
0 0.34179687500000006 0.2783248125 0.291015625 0.2783248125 0.29101562500000006 0.824569771875 0.3417968750000001 0.824569771875
0 0.36132812500000006 0.2731224796875 0.33984375 0.2731224796875 0.33984375000000006 0.8297721046875 0.3613281250000001 0.8297721046875
0 0.39453125000000006 0.27572364687500006 0.361328125 0.275723646875 0.36132812500000006 0.8297721046875 0.3945312500000001 0.8297721046875
0 0.458984375 0.2679201468750001 0.39453125 0.2679201468750001 0.39453125000000006 0.8375756046875 0.4589843750000001 0.8375756046875
0 0.5481116058310617 0.8580087790385935 0.5389697908578097 0.13968118928155446 0.45645534806527754 0.1407313115090544 0.4655971630385295 0.8590589012660933
0 0.5917454778384099 0.8505130957547274 0.5870039369486916 0.24429507604300324 0.5404573053244086 0.244659141032741 0.545198846214127 0.8508771607444652
0 0.6777343750000001 0.1404629890625001 0.5859375 0.1404629890625001 0.5859375000000001 0.8765931015625 0.6777343750000002 0.8765931015625
0 0.7021815847828695 0.8245528238927357 0.6975416865668891 0.28076530524021315 0.6723526468648977 0.28098023216730617 0.6769925450808782 0.8247677508198288
0 0.7505511885565175 0.8271310357314517 0.7442551363963259 0.2779092880913268 0.6946135206871005 0.2784783591508112 0.700909572847292 0.8277001067909362
0 0.8485125778145826 0.8382747925874254 0.8256546925481221 0.22943342238525571 0.721017022663657 0.233361860842016 0.7438749079301173 0.8422032310441857
0 0.904296875 0.1482664890625001 0.830078125 0.1482664890625001 0.830078125 0.853182603125 0.904296875 0.853182603125
0 0.9649578094832856 0.8505367413586299 0.9628469609997419 0.15335364198122575 0.9056319486859394 0.15352687082467645 0.9077427971694831 0.8507099702020806