0 0.9366906192343325 0.07492945917295817 0.9236459489173277 -0.02421884854576496 0.23150275299060113 0.06684452924416524 0.2445474233076061 0.16599283696288836
0 0.7464370142385178 0.00572087946600881 0.7424609230162312 -0.019655479939225097 0.2392691290226021 0.05918705390398811 0.24324522024488865 0.08456341330922201
0 0.9418021725725183 0.6973499693129569 0.8317410482115912 0.17662926295788564 0.7494336502221908 0.19402600684645807 0.8594947745831177 0.7147467132015294
0 0.8311865061076302 0.08963321491379521 0.827425077792984 0.06756001811154892 0.25374409356687083 0.16531930132614164 0.2575055218815171 0.18739249812838793
0 0.8493448801266525 0.1130905987941397 0.8447782180539833 0.0848278019818538 0.2468245474429455 0.1814442963411726 0.2513912095156147 0.2097070931534585
0 0.8507288531143729 0.17841315988978884 0.8407922251841932 0.11334385471044468 0.2553231021639969 0.2027498937641258 0.2652597300941767 0.26781919894346995
0 0.7318124851033726 0.20526738473214698 0.7284934360497369 0.18298521073059892 0.25082869883997216 0.25413592941186647 0.25414774789360783 0.2764181034134145
0 0.7378876371076959 0.21943503403578263 0.7351420299282816 0.20131912802153015 0.24772577089388723 0.2751908725048199 0.25047137807330166 0.29330677851907233
0 0.7981934254668533 0.28918530280592364 0.7884879431779112 0.2110511889006484 0.23126445568606088 0.2802670847306202 0.24096993797500293 0.3584011986358954
0 0.7923422313205187 0.331103502195811 0.7875840868080595 0.28928817299501686 0.23337754603697852 0.3523510463751659 0.23813569054943776 0.39416637557596
0 0.7639297803743023 0.3683983420022481 0.7601066712350935 0.3335747540172508 0.2371649230797528 0.3909859368484917 0.24098803221896156 0.42580952483348905
0 0.7713437660527858 0.39626536198975526 0.7682440447814949 0.3666075918408517 0.2504111591246412 0.42072958424235624 0.25351088039593217 0.4503873543912598
0 0.8103723296522878 0.4297130558289634 0.8067975826190661 0.388853507405306 0.26781378505979625 0.4360084762097083 0.2713885320930179 0.47686802463336575
0 0.7217691267020736 0.45901745866539423 0.7190854440940863 0.43123942796439696 0.2243567794128158 0.479036002436115 0.22704046202080308 0.5068140331371123
0 0.7531184475454148 0.49157910416076067 0.7502246042862049 0.45850232630957677 0.21642334476398525 0.5052038878575629 0.21931718802319516 0.5382806657087468
0 0.7986641646411019 0.5346484248880659 0.7938978348309266 0.4801690273684436 0.2497315027575568 0.5277774138106933 0.25449783256773223 0.5822568113303156
0 0.8860293429966642 0.6975759119376501 0.8713899072265097 0.5302463335571889 0.24171171662640592 0.5853360165431695 0.25635115239656053 0.7526655949236306
0 0.8011709438288172 0.7776425722206126 0.7990464558143628 0.7019418318366762 0.2457244477675796 0.7174704246650578 0.24784893578203387 0.7931711650489943
0 0.8733856104625106 0.825472098483508 0.8719781104006771 0.7837031939931643 0.27415792276289375 0.803848131030238 0.2755654228247273 0.8456170355205817
0 0.9593399594391373 0.8586122675444102 0.9551778164881537 0.6973101557282562 0.28220885558764525 0.7146750431764465 0.28637099853862896 0.8759771549926004
0 0.7553613749370992 0.9471001411432513 0.7536039932057007 0.8941908722094405 0.3422860424636111 0.9078528007712334 0.3440434241950096 0.9607620697050441
0 0.8394956936604018 0.9741502215432188 0.8388137335210495 0.8928892486255527 0.5360265769366002 0.8954303057170998 0.5367085370759527 0.9766912786347659
0 0.7446318671736067 0.9636585998223497 0.7438196756316804 0.9433029549650065 0.35819824921926635 0.9586892747358945 0.3590104407611926 0.9790449195932377