0 0.7339139256087459 0.014658416639487745 0.08245016549670182 0.004965587045571119 0.08179104774933443 0.04926548130204674 0.7332548078613785 0.05895831089596337
0 0.7512158431204526 0.1835325162825602 0.05101325156586929 0.1584637963881074 0.048173222019263946 0.2377895879322019 0.7483758135738473 0.2628583078266547
0 0.7185159851805263 0.05798579270516139 0.0698295996129539 0.043472987737972334 0.06704371398818201 0.1679951652648972 0.7157300995557544 0.18250797023208626
0 0.8016940759161756 0.265732394803741 0.04971479441574137 0.23325854680460562 0.04737766986288454 0.2873780722172115 0.7993569513633187 0.3198519202163469
0 0.7962876181734406 0.31994724045239165 0.06291905415208657 0.28151301976277854 0.05637705916657022 0.4063417110248759 0.7897456231879243 0.44477593171448904
0 0.6931021715702192 0.3476268586236161 0.04270728536234218 0.3177930110342513 0.03921933298738016 0.3938323613465662 0.6896142191952572 0.423666208935931
0 0.6466208301396292 0.38424845989784584 0.035419061436219076 0.3571839230005972 0.03306481803862554 0.4103500914826367 0.6442665867420356 0.4374146283798853
0 0.7962006575632774 0.5169679824420829 0.03643643523640509 0.48411523617985497 0.033718005948435784 0.5469825927606115 0.7934822282753081 0.5798353390228395
0 0.7218326561698715 0.44221029113342325 0.01956562341719801 0.40926001476759133 0.016123917363418727 0.48261286532215664 0.7183909501160921 0.5155631416879886
0 0.7876892947566512 0.5835303445430629 0.04651893500989969 0.544687268866269 0.04232797161422073 0.6246556491641403 0.7834983313609721 0.6634987248409342
0 0.8121049051791391 0.664997931971387 0.03972737304637399 0.6245193406311861 0.03625193837408409 0.6908345844772831 0.8086294705068491 0.731313175817484
0 0.7808558497640368 0.727679725451303 0.05290049505084624 0.6776175901366047 0.04948099470979202 0.7273406706258057 0.7774363494229826 0.7774028059405038
0 0.7338516357562087 0.7743771042569747 0.053097604981512836 0.7221642367418698 0.05087226228028181 0.7511783684265512 0.7316262930549777 0.8033912359416562
0 0.7817453696122151 0.8005642216024876 0.052190563634136086 0.7497053888784038 0.046711465282731235 0.8283014226564477 0.7762662712608102 0.8791602553805316
0 0.7754250934732057 0.8793677963979214 0.038360774089447734 0.8188069117235355 0.03155981288496059 0.9015789165958618 0.7686241322687185 0.9621398012702477