0 0.7584944360904651 0.024817225357047733 0.7514779495576832 -0.025715622666786543 0.18851177173411787 0.05245223763761679 0.19552825826689973 0.10298508566145108
0 0.7551482038203788 0.05060291667392471 0.7508495894633411 0.021115664525963716 0.20763866359070676 0.10030426687992382 0.21193727794774447 0.12979151902788483
0 0.7580549564493412 0.08997338536634518 0.7524213045482593 0.04960520237980841 0.20600556417032548 0.1258612002182015 0.21163921607140734 0.16622938320473826
0 0.7592898785677994 0.17252138197570668 0.7535676690927962 0.09068995554559245 0.2034636742263783 0.12915696545834326 0.20918588370138153 0.21098839188845747
0 0.7230800558302884 0.1926946356507159 0.7167967718399055 0.13748202582589714 0.20162059858416104 0.19610990470927328 0.20790388257454398 0.25132251453409205
0 0.6398669362349619 0.20440056414928315 0.6373612252459037 0.18815673465305438 0.22425386283485732 0.2518810958262962 0.2267595738239156 0.26812492532252497
0 0.8399133579083253 0.22977394309206617 0.8322018021525395 0.17361280017020292 0.20068951355829528 0.2603265308849422 0.20840106931408114 0.3164876738068054
0 0.6772259151919583 0.25372222315509446 0.6745609226946628 0.23424319824454948 0.20166988877127096 0.2989410495606024 0.20433488126856636 0.3184200744711474
0 0.8274465220579913 0.2738044811706376 0.8232995993420132 0.2318012561807025 0.18818943826024326 0.29450484036428665 0.19233636097622125 0.3365080653542218
0 0.7453323243275112 0.29752412720575966 0.7416634756948176 0.26705346985468614 0.19578642389990106 0.3327803182131456 0.19945527253259465 0.36325097556421904
0 0.8652209036195243 0.3310578707179722 0.8614676225327994 0.2962255881842289 0.1938245452460877 0.3681660971714184 0.19757782633281268 0.4029983797051617
0 0.7612974893022699 0.37958203261577045 0.7578258868394988 0.3395468905018085 0.21855637611482193 0.3863090415190328 0.22202797857759293 0.42634418363299476
0 0.7174548102552387 0.4239909808553818 0.7139980410210459 0.38348610009009937 0.22624057075523601 0.4251123185878902 0.22969733998942893 0.4656171993531727
0 0.7085759883935145 0.4540886371758857 0.7065323417222861 0.4248631276224944 0.2212991001060231 0.4587939406058168 0.22334274677725147 0.4880194501592081
0 0.7653773436633617 0.5206008949415909 0.7604725925430996 0.4504596721724711 0.2077737665332709 0.4891081313668944 0.21267851765353302 0.5592493541360142
0 0.8013439323858739 0.5558141720431271 0.7994952429695451 0.5183034343496754 0.2044754620983306 0.547628551343972 0.20632415151465935 0.5851392890374238
0 0.8432773067233397 0.6369297181069494 0.8417305849183586 0.5807732633002507 0.2008423964163777 0.5984252988342424 0.20238911822135877 0.6545817536409412
0 0.7624857745082424 0.7408643107388053 0.7611770945462544 0.6565904032130249 0.21813564159204643 0.6650232324109899 0.21944432155403443 0.7492971399367704
0 0.599881612253901 0.7805097417715843 0.5996389575376785 0.7473723145972482 0.22138657070912354 0.7501421351117836 0.22162922542534616 0.7832795622861198
0 0.7227235281168535 0.808934003156001 0.7215997804281178 0.7397066946915358 0.23073192405619875 0.7476748163953542 0.23185567174493454 0.8169021248598194
0 0.743881586478746 0.8471144840191893 0.7384318642771234 0.7691797932531381 0.2246554891609424 0.8051065222953417 0.23010521136256507 0.8830412130613929
0 0.6360686890387076 0.8482556094778213 0.1089516000333148 0.8479832959055804 0.10887576644024355 0.9947743004801819 0.6359928554456363 0.9950466140524228