0 0.752412627981567 0.13677319099488394 0.7521654765056405 0.07980647281426279 0.12957618584994585 0.0825075914146672 0.12982333732587248 0.13947430959528834
0 0.7244203607963924 0.1372387169112647 0.7222492432576864 0.09951688191089492 0.10472302505663222 0.1350592144335285 0.10689414259533817 0.17278104943389833
0 0.762274660297888 0.2021071265412513 0.7611029456356271 0.13497975266863774 0.10693529095539464 0.14639831097571943 0.10810700561765563 0.21352568484833298
0 0.7029242724468237 0.2168155253801725 0.7011251479198958 0.17689514454388436 0.101096469228218 0.2039371288656629 0.1028955937551459 0.24385750970195103
0 0.7078348482427053 0.2774094694343564 0.7048728744245526 0.2116868782325211 0.09123303748003783 0.2393422870891695 0.09419501129819048 0.30506487829100476
0 0.7447733487637718 0.3213476174497128 0.7431360594886904 0.27484010901217537 0.09086070324680393 0.29780335690598836 0.09249799252188537 0.3443108653435258
0 0.7067407802926403 0.3649531532247875 0.7051015103146077 0.3190643618881367 0.08791778913252649 0.3411118099815503 0.0895570591105592 0.3870006013182011
0 0.7031541808732901 0.40029562105758815 0.7021563147554447 0.36641206808488896 0.08839797177665201 0.38448716946215394 0.08939583789449738 0.41837072243485307
0 0.6928568766786889 0.43633193243375673 0.6920095183897806 0.3982291121623621 0.12352743250768136 0.41087143113342484 0.12437479079658961 0.4489742514048194
0 0.74179906073063 0.48704751417611875 0.7403589543018472 0.43516273541034733 0.09621576876324842 0.453041480672778 0.09765587519203126 0.5049262594385494
0 0.7533124296469075 0.523780171428307 0.7524530531477361 0.4844691468700836 0.10128422651682585 0.49870431862885634 0.1021436030159973 0.5380153431870798
0 0.7556193901918598 0.5802307039160629 0.7548282268683374 0.5235336811143131 0.0928662730847292 0.5327708507842634 0.09365743640825158 0.5894678735860134
0 0.7435222152494549 0.6388225245193303 0.7428378186973428 0.5807903091050823 0.08195601171795558 0.5885843460347733 0.08264040827006786 0.6466165614490212
0 0.7633599606129319 0.6881105031873409 0.7630183535366009 0.6312424174728892 0.09649030574180169 0.635246257145691 0.09683191281813272 0.6921143428601426
0 0.665928701931765 0.6876853730516269 0.06767458641454221 0.6820874115672021 0.06706916953086303 0.7467883108628497 0.6653232850480858 0.7523862723472745
0 0.7073524573529884 0.7263095166418412 0.07016373067619296 0.7151873513148229 0.06897069562082811 0.7835363162382307 0.7061594222976235 0.794658481565249
0 0.7433201118663761 0.7523318266940535 0.07232137278032107 0.7406195135959125 0.07092381837363461 0.8206854439405875 0.7419225574596897 0.8323977570387285
0 0.7866439542495173 0.8312728059077893 0.07383036060614823 0.813940607107655 0.07205642597516053 0.8868964238383615 0.7848700196185295 0.9042286226384958
0 0.7371255612513463 0.9043836747591291 0.07102679778647777 0.8742181493046772 0.06817746004381879 0.9371356791168038 0.7342762235086873 0.9673012045712557
0 0.7017935127026587 0.9667842167156231 0.06936968461749264 0.9311590857554497 0.06736553100700092 0.9667371865022188 0.6997893590921669 1.0023623174623921