0 0.9008313458701572 0.06285646485961273 0.10518005911783976 -0.0405159292331637 0.09951151144457458 0.0031145515139728588 0.895162798196892 0.10648694560674929
0 0.8973676884895525 0.1061865296594094 0.07202621392973833 -0.00367838954595187 0.06162777509437064 0.07443810936540961 0.8869692496541848 0.18430302857077088
0 0.8871353081155423 0.18166066789716334 0.05799546077279562 0.06103394214181516 0.04127491363696587 0.17596429288189083 0.8704147609797126 0.296591018637239
0 0.6716769705929335 0.23519562080323625 0.053011987219027744 0.15122525582862828 0.048595941050080894 0.1837611764539115 0.6672609244239867 0.2677315414285194
0 0.8425020286201159 0.2937206545719614 0.04728829932423312 0.17495339510308455 0.038000130712145516 0.23714291798487414 0.8332138600080283 0.355910177453751
0 0.7841211469504681 0.33283707737855117 0.04742744609625499 0.22930152960260014 0.0414473517163874 0.27185211203343396 0.7781410525706005 0.37538765980938493
0 0.7807782513053614 0.37578312420050936 0.0365858730782952 0.2691578492258663 0.027969962485339377 0.32929269995697485 0.7721623407124055 0.435917974931618
0 0.6523126503802852 0.4109562552382586 0.04698740754806517 0.32588334108880745 0.039104556034111435 0.38197274456817754 0.6444297988663314 0.4670456587176287
0 0.7657848975458135 0.48184583983283336 0.05397489126512821 0.38654251395180406 0.04668846684133776 0.4409640125397608 0.758498473122023 0.5362673384207901
0 0.7756429618282513 0.5426837307047986 0.01834244400867365 0.436252083208331 0.0074695452608891325 0.5136167773156014 0.7647700630804668 0.6200484248120691
0 0.792560790641495 0.6278987952442012 0.03010856903578295 0.520743120244508 0.022497539803386313 0.5748984055055402 0.7849497614090983 0.6820540805052333
0 0.6999466433403315 0.6701076700846934 0.017345835844085 0.5741743817897299 -0.002497204134485864 0.7153649461213384 0.6801036033617607 0.8112982344163019
0 0.7220032524858718 0.793519012012791 0.002900561586440575 0.6924557285243483 -0.013952429785186071 0.8123710036541885 0.7051502611142452 0.9134342871426311
0 0.7559942080400095 0.9067737012091881 8.881784197001253e-17 0.8005256437500001 -0.008426496473056554 0.8604832813769037 0.7475677115669529 0.9667313388360915
0 0.740529629542375 0.9642825743118898 0.00011540313184146278 0.8432109250553449 -0.00429609744226751 0.8701894770528262 0.736118128968266 0.9912611263093712
0 0.6385664551680653 0.9573291687850591 1.1102230246251565e-16 0.86758450625 -0.00924196381315987 0.9333444958054307 0.6293244913549054 1.0230891583404897