0 0.6873276298230817 0.03332297282655891 0.18670537701494316 0.009391139410929176 0.18304651060620988 0.08592977781996128 0.6836687634143485 0.10986161123559102
0 0.6451737446033168 0.2499825845287722 0.17356292290476177 0.2087219764152431 0.16692410535826946 0.284603994188544 0.6385349270568245 0.32586460230207315
0 0.577668422561345 0.2754460025911559 0.19156945315903476 0.24166672011666543 0.19003741853102468 0.25917795622447903 0.576136387933335 0.29295723869896956
0 0.6151756377845066 0.2944121438862889 0.17206876618591643 0.2556453161610148 0.16832379279856305 0.29845055814908394 0.6114306643971532 0.337217385874358
0 0.611601622165898 0.3372509567100018 0.17110236048945177 0.29669153805789633 0.1673395809591022 0.3375575479774982 0.6078388426355483 0.3781169666296037
0 0.5440955667067647 0.3607351118668499 0.17872674215027856 0.3287694818830465 0.1761733512159704 0.35795487396742204 0.5415421757724566 0.38992050395122546
0 0.5933675410647152 0.3944546350088497 0.1658082783953534 0.3570480453607376 0.16189307880603324 0.4017989800318861 0.5894523414753949 0.43920556967999824
0 0.5870444797836709 0.441009934953974 0.16744810199259486 0.3989131347169313 0.16353245261828758 0.43794204629471645 0.5831288304093636 0.48003884653175916
0 0.5119732416968815 0.5204191332502057 0.18321097645796075 0.4870441526799099 0.18063586480956356 0.5124104457624494 0.5093981300484842 0.5457854263327453
0 0.5837763072922326 0.47917930156924493 0.1641773306412213 0.4365828398824664 0.15914033852088352 0.4862000300292467 0.5787393151718948 0.5287964917160253
0 0.5686656009451181 0.5275739039962856 0.16961029208035347 0.4926610829567399 0.16399283120830205 0.5568689446128654 0.5630481400730667 0.5917817656524111
0 0.5426204442684238 0.5871002808588233 0.16197658237733595 0.5504074043871373 0.15946102485715916 0.5765032469964823 0.5401048867482471 0.6131961234681682
0 0.5469621853992018 0.5961175716907093 0.15391236716878204 0.5758472622053756 0.15152840880391552 0.6220732166071887 0.5445782270343353 0.6423435260925225
0 0.5618565589254979 0.6054016145426416 0.15761871305026542 0.5700353695513108 0.15166079784701553 0.6381346209210674 0.5558986437222481 0.6735008659123983
0 0.501517245142854 0.6687973752949518 0.15185470986544397 0.6361216467904521 0.14766792009181745 0.6809244283632696 0.4973304553692276 0.7136001568677692
0 0.5538180568044923 0.6674370768102367 0.14698894055210668 0.6318441397838066 0.13881808935952855 0.7252373926990672 0.5456472056119142 0.7608303297254972
0 0.62364995237126 0.704915946097277 0.11576137566891424 0.6604814436987982 0.10469667941853848 0.7869514732234124 0.6125852561208842 0.8313859756218911
0 0.5457014576401765 0.82419180698057 0.12421212505958903 0.7741298651237718 0.12047114320438293 0.8056265247990453 0.5419604757849704 0.8556884666558437
0 0.5581485609563164 0.8264128434111682 0.1289411668266241 0.802854476325586 0.12637812920082497 0.8495501872986461 0.5555855233305173 0.8731085543842282
0 0.528607962300151 0.8699956492220258 0.12349315675095796 0.8168018742035794 0.11839291419325601 0.8556444600381182 0.523507719742449 0.9088382350565645
0 0.5547015159103317 0.8654518436097709 0.11527783230012398 0.8561132842520018 0.11359469963966284 0.9353126902127485 0.5530183832498705 0.9446512495705175
0 0.5775186520137445 0.8955901359542228 0.1007749335168548 0.8880202256572366 0.09909245173830478 0.993980876172283 0.5758361702351945 1.0015507864692692