0 0.751806669760521 0.024245286957616553 0.09125483857277496 -0.010372721219045571 0.08604169363711944 0.08910014319075218 0.7465935248248655 0.1237181513674143
0 0.7332251167322147 0.0744845616186697 0.07113114948787072 0.0706553528681774 0.0707758809752154 0.1320834844503801 0.7328698482195593 0.13591269320087243
0 0.8032955762727217 0.13646880770477515 0.09853358708785084 0.09953378517960151 0.09577368222656277 0.1521958903313363 0.8005356714114337 0.1891309128565099
0 0.7500601021694544 0.1545682750531488 0.07243475890465223 0.14423490096374764 0.07190379338367081 0.1790537017062706 0.749529136648473 0.18938707579567177
0 0.836819036131122 0.1887656411749275 0.05547186387395843 0.165079955672856 0.05322358353961045 0.23924658604251756 0.8345707557967741 0.26293227154458904
0 0.8152867693666227 0.25245976385834823 0.05465952043953454 0.23299823771324943 0.053475259931019335 0.2792834470996556 0.8141025088581074 0.29874497324475435
0 0.8475521952889224 0.2984387843156306 0.01973390052519122 0.2741142782259373 0.016636316410747348 0.3795321144628124 0.8444546111744785 0.4038566205525057
0 0.8491576291384633 0.40458559963695045 0.011201131526572785 0.3711665068279326 0.009255483864983594 0.4199520351906926 0.847211981476874 0.4533711279997104
0 0.8180460459055625 0.4468243333937833 0.006144242621871338 0.41557352511274565 0.003762831215591947 0.47744303574206864 0.8156646344992833 0.5086938440231062
0 0.7367188440410957 0.5034974436062395 0.04695051631210032 0.4814807147984464 0.04581557696216521 0.517037550889441 0.7355839046911605 0.5390542796972342
0 0.8417398178203275 0.5399063152500404 0.011299864159403362 0.516505753025054 0.010082806764209732 0.559696727547371 0.8405227604251339 0.5830972897723574
0 0.8082729617584918 0.5816819246826805 0.011698513047598644 0.5538543997255937 0.010095525750022335 0.5997405762657835 0.8066699744609156 0.6275681012228702
0 0.8112133075975896 0.6281357942649233 0.004298206368342919 0.5999470346736949 0.0033167534335378527 0.6280415377921085 0.8102318546627846 0.6562302973833368
0 0.8148548973306495 0.6590562106440278 0.005427519271946427 0.6291341394719817 0.0031891020497617608 0.6896859700166216 0.8126164801084647 0.7196080411886676
0 0.8065125387338699 0.7159824649752355 0.006940983279044513 0.6895383518034806 0.004696513073957654 0.7574027767285012 0.8042680685287829 0.7838468899002563
0 0.8005661526776029 0.7856531445241397 0.004783241821804363 0.7439479304470766 0.002636649895785559 0.7849073454533236 0.7984195607515842 0.8266125595303867
0 0.7047980420382829 0.8217060638988819 0.02084083339713866 0.7858613851588406 0.018694241445044703 0.8268207992546814 0.7026514500861889 0.8626654779947227
0 0.6974057495592005 0.8643916400873 0.005982597947401519 0.8233834022305215 0.003597785411166332 0.8635927524973119 0.6950209370229654 0.9046009903540904
0 0.7845570159019949 0.8354373574745153 0.039282963020506004 0.8003667726591936 0.034338511628142214 0.9054397661056164 0.779612564509631 0.940510350920938
0 0.8302775323265571 0.9318330807051736 0.0012245028855186301 0.8905339516077471 -0.0030127847242838513 0.9755947314908422 0.8260402447167546 1.0168938605882687