0 0.6251705159499625 0.08855984404958826 0.6208618940209731 0.012455952373562035 0.12201175760492917 0.04069835351372121 0.12632037953391864 0.11680224518974744
0 0.6129517529903478 0.30827893958039654 0.6089652250699944 0.23221145606085605 0.13620172052104546 0.2569879416681958 0.1401882484413987 0.33305542518773634
0 0.5465806498077187 0.28437602764917685 0.5456606818093775 0.2668219917464435 0.15861803342783337 0.28710603653689487 0.15953800142617452 0.3046600724396282
0 0.5876912670718216 0.32329342411217105 0.585442456392541 0.2803835606551815 0.14125257159512267 0.3036625663682173 0.14350138227440323 0.3465724298252069
0 0.5897631598945714 0.3645062964861022 0.588745874152761 0.32337517291178314 0.14582654496344288 0.3343297853609753 0.14684383070525325 0.3754609089352944
0 0.5258177846074746 0.3852102370523953 0.5242845050998797 0.355953512237562 0.15802266867296505 0.37514847584889416 0.15955594818056001 0.4044052006637274
0 0.580120848157198 0.4273478571761672 0.577769818893839 0.38248754492154624 0.1491655423676626 0.40494974248259935 0.15151657163102156 0.44981005473722024
0 0.5795241055480559 0.4686932248671315 0.5780361998214497 0.4294752305781059 0.1565995583345954 0.44546426835624253 0.1580874640612016 0.48468226264526815
0 0.5156854815818755 0.5437113478367176 0.5146755587716181 0.5182434920380213 0.18448939926847546 0.5313369592207042 0.18549932207873293 0.5568048150194005
0 0.58198388699681 0.5175160069840847 0.5800532411290046 0.46766456130777245 0.1586195361614454 0.48398583805333634 0.1605501820292508 0.5338372837296487
0 0.5752081132423547 0.5821139461328331 0.5718348970018312 0.5177491511833493 0.1718042413226438 0.5387138711906656 0.17517745756316722 0.6030786661401495
0 0.5553722057311112 0.6080841577806745 0.5544024275846379 0.5811860633320103 0.17223456101392962 0.5949646618863411 0.173204339160403 0.6218627563350053
0 0.5623824091444535 0.6355928557571682 0.5599291593933652 0.5887820980066772 0.16769130721835768 0.6093384286335973 0.170144556969446 0.6561491863840883
0 0.5795012980586545 0.6640327741681782 0.5759236441356719 0.5957670835849986 0.17069778355294765 0.6170040750725645 0.17427543747593027 0.685269765655744
0 0.5264515981882678 0.7122802878443432 0.5251132271299734 0.6670940009662705 0.17406728119310683 0.6774916186205207 0.17540565225140115 0.7226779054985933
0 0.5815035372714318 0.7519390834784291 0.5765970406000426 0.658317563760958 0.168773577620925 0.6796906889746908 0.17368007429231422 0.7733122086921618
0 0.6576095983707487 0.8124921108842544 0.6509653845788252 0.6857129703123422 0.14183545722197652 0.712395341481333 0.14847967101390008 0.8391744820532452
0 0.5908696186674611 0.8467211907771286 0.5904938766584885 0.8148661884933046 0.16601078930633645 0.8198731298394557 0.1663865313153091 0.8517281321232797
0 0.6055132134474583 0.8621616944026028 0.6030599640800378 0.8153509353104234 0.174455688331336 0.8378131467495427 0.17690893769875654 0.8846239058417222
0 0.5801117008619421 0.901832615079984 0.5798406213700035 0.8624566870487772 0.17126784758403465 0.8652694639273342 0.1715389270759734 0.904645391958541
0 0.6094628138662919 0.9342940799798451 0.6051021011511261 0.8543572385546071 0.16864333173451643 0.8781669271976178 0.17300404444968226 0.9581037686228558
0 0.6384400967443243 0.9934308356864199 0.6326136332228021 0.8822552809077987 0.15985012993446612 0.9070317644765247 0.16567659345598829 1.0182073192551457