0 0.7665695054664311 0.06948251192224439 0.07445220640563247 0.03726831396863417 0.0710691047508929 0.10995375481364085 0.7631864038116916 0.14216795276725108
0 0.726410003400073 0.11169019085453376 0.07856240321904484 0.08821312292508478 0.077388458488968 0.12060802327682099 0.7252360586699962 0.14408509120626994
0 0.7651769893310696 0.1436697132974766 0.060076537531927 0.11664576821283054 0.058208989405106215 0.16537325873478761 0.7633094412042488 0.19239720381943365
0 0.6653039444382977 0.18469597041915747 0.05649467081105378 0.165100726004038 0.05513717349933487 0.20727713038003256 0.6639464471265788 0.22687237479515207
0 0.7710343814173798 0.22745933733099397 0.04270113872584418 0.2059210356252137 0.040959043880017816 0.2648312322353956 0.7692922865715534 0.2863695339411759
0 0.7180688720514087 0.27355463538693725 0.06798309543638896 0.2526308582118595 0.06692370553764797 0.2855452932729176 0.7170094821526677 0.30646907044799543
0 0.7645759552413585 0.30446895430183996 0.041444388735554255 0.28385775792790235 0.03990028637451714 0.33803167092763403 0.7630318528803215 0.3586428673015717
0 0.7766621194726204 0.35703575936436527 0.0378890183245557 0.33613572304474654 0.036412174840475084 0.3883390888169097 0.7751852759885398 0.40923912513652844
0 0.7599968203592393 0.40743131564594337 0.03697218508158572 0.38475178247404174 0.03517500736032201 0.44204589680156675 0.7581996426379756 0.46472542997346833
0 0.7540814796056667 0.46288029768926336 0.04119306610289704 0.4410954733057496 0.039853331166226545 0.48493707132386554 0.7527417446689963 0.5067218957073794
0 0.7507713154726777 0.5058133413028689 0.037948757328377526 0.482135791170682 0.03667885851279967 0.520366626592886 0.7495014166570999 0.544044176725073
0 0.7576806882235374 0.5417749468805058 0.03203987759093409 0.51809532950325 0.03085027018732258 0.5545497901872445 0.7564910808199259 0.5782294075645001
0 0.7521118340578246 0.578093511294369 0.026368734324186894 0.5516558782116073 0.024406241348976322 0.6055285426281313 0.7501493410826141 0.631966175710893
0 0.7513766727935469 0.6302026615099475 0.020187929106807733 0.6066684874493592 0.018379574976490013 0.6628526637575499 0.7495683186632293 0.6863868378181383
0 0.7531244578215728 0.6846188052872982 0.01933808637432507 0.6591367578241188 0.017449739868818752 0.7135139789760996 0.7512361113160664 0.7389960264392791
0 0.712417653748764 0.7342116375518015 0.10643816964135482 0.7236341656541875 0.10558599648568986 0.7724548530772857 0.7115654805930991 0.7830323249748996
0 0.7377780694672009 0.7835327272603848 0.10052423080258104 0.7683354558323288 0.09971579939642035 0.8022347001349521 0.7369696380610402 0.8174319715630081
0 0.7424333939144583 0.817220058653524 0.09232294659113786 0.801392038744692 0.0913150779045745 0.8427886231841182 0.7414255252278948 0.8586166430929503
0 0.510196613334717 0.8519819059369406 0.0759628394233269 0.8407371765808558 0.074877819305714 0.8826370183219014 0.509111593217104 0.8938817476779862
0 0.6310778946493556 0.9418372152897196 0.08480744409229432 0.9225299242521204 0.08395016071172763 0.9467854543337493 0.6302206112687888 0.9660927453713486
0 0.7240341235772847 0.9629647900005931 0.06864000565228787 0.9515248759524925 0.06792418599233958 0.9925342745067656 0.7233183039173363 1.0039741885548663