0 0.1593111152091874 0.9885899840556108 0.10658518964117054 0.2973555195081666 0.033522072089652424 0.30292862197248127 0.08624799765766927 0.9941630865199256
0 0.18988104031587205 0.9770347357755371 0.11384546648441626 0.33315681655552004 0.08179205106162028 0.33694200589371437 0.15782762489307606 0.9808199251137315
0 0.23862770876964995 0.9886893718827668 0.15488352391401505 0.2880634143414422 0.10646422048808446 0.29385086062863325 0.19020840534371938 0.9944768181699579
0 0.28047291325354723 0.9851777733021658 0.20458815379412781 0.3807985788300884 0.16271865133467137 0.3860556378947982 0.2386034107940908 0.9904348323668757
0 0.3275736911656718 0.9924376206055534 0.24758410679357964 0.2679066393434707 0.1885261596737305 0.2744267478911505 0.2685157440458227 0.9989577291532331
0 0.35626104082778653 0.9612209879824356 0.27438403014801144 0.31597859838527037 0.24169017390352804 0.320127233471945 0.3235671845833031 0.9653696230691102
0 0.4107399090844508 0.9800070187520056 0.3193350855751521 0.2623361901480915 0.2656581932702567 0.2691726486916286 0.3570630167795554 0.9868434772955427
0 0.4612502515460162 0.97552967941378 0.3673297158513342 0.24241593653792223 0.31559370809504095 0.24904393063896596 0.4095142437897229 0.9821576735148237
0 0.5155063607981801 0.9681377639689893 0.4244452300953941 0.25051870637263446 0.36760289570798965 0.2577316241265751 0.4586640264107758 0.97535068172293
0 0.5562722872859078 0.9569910850186556 0.4671357504609174 0.24932060173607531 0.42371691434784386 0.25478953788011083 0.5128534511728343 0.962460021162691
0 0.5910587341753751 0.9547251044455232 0.5055187158452108 0.2465669216865622 0.4670128207058816 0.25121813529424103 0.552552839036046 0.9593763180532019
0 0.6247368659898743 0.9552800741190899 0.5375453892366749 0.23445455929631426 0.5015067149052383 0.23881381846593194 0.5886981916584378 0.9596393332887075
0 0.6787593364091684 0.9531290413581941 0.5899785091254607 0.23239015037914496 0.5365901412611052 0.23896654513964669 0.6253709685448128 0.9597054361186957
0 0.7333460515760286 0.9507871693594622 0.6458416211761658 0.22428824128101335 0.5895163703190417 0.23107243435121952 0.6770208007189045 0.9575713624296684
0 0.7857284344869693 0.9433245525864772 0.6967627750280623 0.21447485379107145 0.6427685213856406 0.22106556020177406 0.7317341808445476 0.9499152589971798
0 0.8281643971726153 0.8475574601130367 0.7474001708034721 0.24672450312941674 0.6990236476690338 0.25322729632670865 0.779787874038177 0.8540602533103285
0 0.8612321981798555 0.8480515124624111 0.7762532878063725 0.21631666869840083 0.7425545707160237 0.220849710191347 0.8275334810895065 0.8525845539553571
0 0.902011841339472 0.850099031699999 0.8165467169474198 0.2054372845888083 0.7754443986920462 0.21088636662018145 0.8609095230840984 0.8555481137313722
0 0.946961383475324 0.8595054474754745 0.8865053509541845 0.4293381419446539 0.8439547802121569 0.43531823075079573 0.9044108127332964 0.8654855362816164
0 1.0062019863940226 0.841064713412891 0.9400517439309224 0.298463837862161 0.9159866546372013 0.3013976913876646 0.9821368971003015 0.8439985669383946
0 1.0328799943340583 0.6989899118785033 0.9628347608887976 0.2005921810815005 0.9299547663150974 0.20521316298667655 0.9999999997603581 0.7036108937836794