0 0.9502876840147818 0.0662773843466509 0.10655865072036741 0.0643605446043995 0.10630894853087794 0.17427113457474716 0.9500379818252924 0.17618797431699856
0 0.8012529215084907 0.0883878318566686 0.10196538568489774 0.06396817668741651 0.0995115151820043 0.1342378445146353 0.7987990510055972 0.15865749968388737
0 0.7807855992351437 0.14952887885917215 0.11485918774360708 0.13628158294245687 0.11420431978973329 0.16920104584761644 0.7801307312812699 0.18244834176433172
0 0.5540626884419307 0.15692393113745012 0.09321749286012321 0.1516486985490894 0.09292485354513574 0.17721371773855302 0.5537700491269433 0.1824889503269137
0 0.9242699986327384 0.21775987699278515 0.11839960442715265 0.18961825186774833 0.11703634228850582 0.22865695671139602 0.9229067364940917 0.25679858183643284
0 0.8402926407666236 0.23528838104078495 0.12473681179578906 0.22422745724878004 0.12442326603681639 0.24451143168897546 0.8399790950076509 0.2555723554809804
0 0.9592937058540987 0.25612809303211165 0.11629538821140717 0.2396696477012153 0.11568842944762958 0.2707579556462232 0.9586867470903211 0.28721640097711953
0 0.9531321993197144 0.28477916996611374 0.12092998612717185 0.2632533970245593 0.11932552589926244 0.3252830094464211 0.9515277390918051 0.34680878238797547
0 0.7881468409068797 0.3146307576316033 0.09925763306463066 0.2905742161334154 0.09837151298287812 0.31594937495321496 0.7872607208251272 0.3400059164514029
0 0.750934738030727 0.3367830698610838 0.10363883987712072 0.3141789898564343 0.10254823018887078 0.3454099524767034 0.749844128342477 0.36801403248135295
0 0.7005883969710427 0.3623853521496703 0.1078837204104458 0.3416876489701731 0.1074065788093248 0.3553511968485757 0.7001112553699217 0.3760489000280729
0 0.6585861094454443 0.37264449443680026 0.12307223450716301 0.3539439364194082 0.12259509287628365 0.3676074839675051 0.6581089678145648 0.3863080419848971
0 0.6217829834637552 0.38308519112612827 0.10966534533568999 0.36520165141230604 0.10905187767605921 0.3827690689339747 0.6211695158041245 0.40065260864779695
0 0.660231407122142 0.40006236597763734 0.09092296727699149 0.38018167633739103 0.08942337941525277 0.4231242523458668 0.6587318192604033 0.4430049419861131
0 0.6562004008210389 0.44096222573559435 0.09209112413732037 0.4212631126632381 0.09086418976795384 0.45639794625191443 0.6549734664516724 0.4760970593242707
0 0.7045117857427299 0.4719022589081906 0.10640000194122405 0.4551024791694184 0.10514324855715382 0.4998458639061858 0.7032550323586597 0.516645643644958
0 0.7677485544453648 0.5806596981997088 0.7638110465163874 0.46790457486807746 0.1246462427074548 0.49022477113551355 0.1285837506364322 0.602979894467145
0 0.8268907068144097 0.5728531022802622 0.05758131684587851 0.5344151169744791 0.05418602282779106 0.6023695518658848 0.8234954127963222 0.6408075371716679
0 0.8944264247192472 0.6251696601476865 0.13794808792060226 0.5987528271339804 0.13672115122533807 0.6338876606739869 0.8931994880239829 0.660304493687693
0 0.6207733404146865 0.6423453138389951 0.1091244517629713 0.6138594864008342 0.10748126026711016 0.6433737107822199 0.6191301489188252 0.6718595382203807
0 0.8365637277905786 0.6570932826558824 0.6491332836333114 0.6456848232561612 0.6477752565308605 0.6679959534510214 0.8352057006881278 0.6794044128507426
0 0.646443695892249 0.6458246442823983 0.11612898519219114 0.6273056273115185 0.11462939588420581 0.6702482020326083 0.6449441065842637 0.688767219003488
0 0.617003328674624 0.6846986033916569 0.10278339356188115 0.6488778473298338 0.10114521829454852 0.6723944469855534 0.6153651534072914 0.7082152030473765
0 0.8524016256986646 0.6796021129400901 0.11202868747862156 0.6314604198706039 0.10822338821419386 0.6899822627385819 0.848596326434237 0.7381239558080682
0 0.7561519966460102 0.7320195548854533 0.10135239771990294 0.6904411805237529 0.09938854310900583 0.7213690662649797 0.7541881420351131 0.76294744062668
0 0.1633398228109053 0.6914923816940346 0.12174651191260384 0.690039910259037 0.12161018565326229 0.6939437808287223 0.16320349655156377 0.6953962522637199
0 0.7452214966005221 0.727960283983309 0.16618311106109865 0.6893260440826066 0.16567974219460332 0.6968703854889702 0.7447181277340267 0.7355046253896728
0 0.895126640284845 0.7660128817380273 0.2117788698856718 0.725010616365588 0.2101884248367499 0.7515171293167894 0.8935361952359232 0.7925193946892287
0 0.933711578257666 0.7672522460165376 0.19283073171612686 0.7413800439845784 0.1913993030346052 0.7823706829730802 0.9322801495761445 0.8082428850050393
0 0.7251729337321994 0.7916709680805443 0.170850367173807 0.743521596973249 0.16543165528602755 0.8059048475120971 0.71975422184442 0.8540542186193922
0 0.8969146920808757 0.8067332517380386 0.14043551154566808 0.7423362554105201 0.12866594490596536 0.8805947555674937 0.885145125441173 0.9449917518950122