0 0.08292985881131797 0.15449223275666396 0.031986631357886805 0.15173768471193919 0.001240193914184179 0.7203691736695903 0.052183421367615335 0.723123721714315
0 0.10754417995862406 0.16379058208101413 0.07777847803449692 0.16238378586375476 0.051862631869391884 0.7107242936061258 0.08162833379351904 0.7121310898233852
0 0.14674593481615425 0.1684494725869842 0.1060444782191482 0.16627700630653933 0.07663840384593214 0.7172038817030537 0.11733986044293818 0.7193763479834987
0 0.22801292697309003 0.1829881376152498 0.14659312473938166 0.17299104464430576 0.07938861632470384 0.7203279355024839 0.16080841855841221 0.730325028473428
0 0.2409063827181824 0.222381925500785 0.1855092760731544 0.21801470509523768 0.1447597467933299 0.7349123675951008 0.2001568534383579 0.7392795880006482
0 0.23651942955816815 0.3062997820623654 0.22009593142633518 0.30565998677742734 0.20382488394557208 0.7233365845803525 0.22024838207740505 0.7239763798652905
0 0.2995972845309641 0.11477024553094442 0.24299654535013918 0.11162406652285747 0.2076188699106008 0.7480794542265496 0.2642196090914258 0.7512256332346365
0 0.29206333706166404 0.2790382090500796 0.27243369346049645 0.27793746515951856 0.24571100310725913 0.7544850909937763 0.2653406467084267 0.7555858348843373
0 0.34044007096808454 0.1354094533788283 0.2984172941651318 0.13146559241176867 0.23878410593076235 0.7668713990950925 0.2808068827337151 0.7708152600621522
0 0.34805579298539396 0.22054090280560917 0.31744491884977133 0.2183282690213349 0.2778059302238661 0.7667172976598657 0.30841680435948876 0.76892993144414
0 0.40384924735852745 0.10925355520986046 0.3689407720813188 0.10629156568987086 0.3121672375000185 0.7753950567575987 0.3470757127772272 0.7783570462775883
0 0.4316523615519795 0.22052645097018297 0.391690364154742 0.21629520494149648 0.3346958884308885 0.7545794538582614 0.37465788582812604 0.7588106998869478
0 0.46687981547645013 0.27203724353162256 0.42645954214220383 0.26770180652171316 0.3742524546529594 0.7544404539699127 0.4146727279872057 0.758775890979822
0 0.4947303330301628 0.286495839806696 0.4656518316446018 0.2829254487169862 0.4063723723153677 0.7657178927179987 0.4354508737009287 0.7692882838077086
0 0.5708587834847896 0.24342922156234334 0.5010703815736077 0.23486028293949496 0.43354885686046823 0.7847789498525305 0.5033372587716501 0.7933478884753788
0 0.6122878429026272 0.21484245190290246 0.5751135355935351 0.20949978921458134 0.49036473876233916 0.7991828744607345 0.5275390460714313 0.8045255371490556
0 0.6999143321168717 0.18915708645447316 0.6444945008921977 0.17996023374835599 0.539534986115491 0.8124416684547935 0.5949548173401651 0.8216385211609106
0 0.786523601890432 0.28829590494503954 0.7035483367219819 0.2735003214174844 0.6082090372630397 0.8081736338182438 0.6911843024314898 0.822969217345799
0 0.7944142985973087 0.4554772753775129 0.7618393972943094 0.4493925525860856 0.6923843721940713 0.8212238857776601 0.7249592734970707 0.8273086085690874
0 0.8457556689977755 0.3403159174042594 0.7775858397627432 0.32820982429462914 0.6917455539403827 0.8115794442872032 0.7599153831754151 0.8236855373968336
0 0.8872718132046483 0.32683177002061 0.8097291448369933 0.3173107303006832 0.7469626777639771 0.8285027307568746 0.8245053461316318 0.8380237704768015
0 1.0113745917759538 0.46126988382052136 0.8680763067676243 0.4328561940380727 0.7656207945584164 0.9495683599567158 0.9089190795667459 0.9779820497391644