0 0.7876868166462089 0.05198174851540828 0.7828961704955715 -0.020894926470710257 0.06850421535468963 0.026066588590094884 0.07329486150532706 0.09894326357621343
0 0.7199193569708773 0.06082221818420448 0.7131237954736702 0.012469285266490871 0.10264684566376965 0.09826622466043511 0.10944240716097664 0.14661915757814872
0 0.7394518036175316 0.08766188510604137 0.7353744658701655 0.058650125948802326 0.10686655391667568 0.14698117199248212 0.1109438916640418 0.17599293114972117
0 0.8773932600320432 0.1456008477059445 0.8637600555694729 0.05750154240769194 0.08698627399515835 0.17770584764614197 0.10061947845772864 0.2658051529443945
0 0.7426665780354076 0.21327393011270876 0.7330798365662039 0.15772622327788183 0.1171722542225289 0.2640230822716928 0.12675899569173268 0.3195707891065197
0 0.8427886058859695 0.2804837443500783 0.828301162333528 0.19766240571052146 0.11523179491365934 0.3223953836985937 0.12971923846610084 0.40521672233815054
0 0.7448627535933092 0.3394192774286805 0.7372520562902611 0.2975547529475485 0.15019664608278024 0.4042775948424671 0.1578073433858282 0.44614211932359904
0 0.8054944754483309 0.37529216668851356 0.7957744442230763 0.3239948959231318 0.14453256865707856 0.447395054864272 0.15425259988233306 0.49869232562965377
0 0.6698666658912147 0.4272081330088051 0.6649146383304887 0.40096729766258754 0.16823651437150305 0.49469768871925457 0.17318854193222905 0.520938524065472
0 0.7788789765084783 0.463616282962907 0.7680135891041204 0.40573701330215545 0.14743445404545868 0.5222352475921787 0.15829984144981651 0.5801145172529302
0 0.7862827593384847 0.5191151191694642 0.7761998480163583 0.4642066808564696 0.15288224785316115 0.5786673408399229 0.16296515917528742 0.6335757791529175
0 0.7176835257006342 0.6347222449443344 0.708786653001025 0.5820346272155084 0.16952070041458364 0.673095501443842 0.17841757311419304 0.725783119172668
0 0.7919286910839465 0.5671402376484744 0.7832096064191018 0.5195808224417137 0.16306307216894161 0.6332725092135163 0.17178215683378628 0.680831924420277
0 0.9510197787728453 0.7234405613380709 0.92139742036992 0.538918718460296 0.14505723600126558 0.6635490973103186 0.1746795944041909 0.8480709401880935
0 0.9620568097575763 0.8267450166726462 0.9471751163633308 0.7285133359247158 0.5564879462948555 0.7877008264955407 0.5713696396891008 0.8859325072434714
0 0.8310488263504572 0.8693011234495585 0.8275535277739433 0.8455474443540897 0.19953111995160683 0.9379594795280033 0.20302641852812084 0.961713158623472
0 0.8196850692333728 0.8996217144513647 0.8147779009404312 0.8670156377033758 0.22036436994457248 0.9564740308349032 0.22527153823751406 0.9890801075828921
0 0.9694140572224651 0.9389419425879636 0.9612593832570958 0.8809184224232658 0.18868300836990723 0.9894969511417795 0.1968376823352765 1.0475204713064774