0 0.6422447819110826 0.027028627098507185 0.6354454644824462 -0.016375466265286354 0.0025049433021041233 0.08277563178625488 0.009304260730740579 0.12617972515004844
0 0.7032462319970599 0.22367164537998502 0.6924822642282226 0.14490113772904256 -0.0016509919702214159 0.23975425242658086 0.009112975798615919 0.3185247600775233
0 0.6572288064559875 0.1499081315698922 0.638767972022552 0.026888226094993105 -0.002880138497284093 0.12317637952110987 0.015580695936151473 0.24619628499600893
0 0.7635128763374985 0.2700205872359096 0.7563211228214223 0.21612795333885523 0.010249083574326384 0.31568824244535476 0.017440837090402627 0.36958087634240916
0 0.7757541769034197 0.3953011106115435 0.7605205102730516 0.27123284007383763 0.03161942916201728 0.36073063050838683 0.0468530957923856 0.48479890104609263
0 0.67304449918161 0.3921699330761105 0.6637614850470636 0.31656583049651943 0.017572581660116826 0.3959078307194993 0.026855595794663296 0.47151193329909036
0 0.6311912732150715 0.41312796102839744 0.624252453278997 0.36033912603881885 0.017679628844683458 0.44006999351669895 0.024618448780757862 0.49285882850627755
0 0.8028868359471835 0.5276598064986235 0.7946471639664614 0.46527549545431823 0.04072064848218744 0.564853531681204 0.048960320462909435 0.6272378427255092
0 0.7177075520697769 0.47661985405178964 0.708296161470161 0.40396033459269853 0.011101589264462076 0.4942660576666625 0.020512979864078018 0.5669255771257535
0 0.8075826095051013 0.611785844616118 0.7978235408271688 0.5323046086742528 0.06116819288118008 0.6227545123198055 0.07092726155911258 0.7022357482616707
0 0.8441078056963027 0.6742060627844038 0.8360149188947578 0.6082947914974656 0.06834250496367575 0.7025531152303928 0.0764353917652207 0.768464386517331
0 0.8214153615665903 0.7253452258689967 0.8162591036308491 0.6758883766402737 0.09046957306708066 0.7515575323792504 0.09562583100282188 0.8010143816079734
0 0.7807895705255359 0.7586206198701708 0.777966862771179 0.7296654077794144 0.09842626628117015 0.7959106317860772 0.10124897403552695 0.8248658438768338
0 0.8377484101279599 0.8255829914690427 0.8296943110866575 0.7471084754172023 0.1022780595501657 0.8217656103558554 0.11033215859146794 0.9002401264076957
0 0.8444791066080901 0.8960627481198967 0.8355907792327111 0.8151871015178409 0.10036983577261804 0.8959887360427906 0.10925816314799701 0.9768643826448464