0 0.15503929324494053 0.026376391032982595 0.04820588545713943 0.015147746393206263 -0.0428792605484467 0.8817649436420487 0.06395414723935441 0.892993588281825
0 0.1947056722024521 0.1534737167726637 0.10341166664432153 0.14387834693117418 0.024833876507261998 0.8914973890341674 0.1161278820653926 0.901092758875657
0 0.22914397077173349 0.17679515456012024 0.1662147741643277 0.1715300912562737 0.10368305272388105 0.918923002914242 0.16661224933128685 0.9241880662180886
0 0.3033640441672206 0.10996880360297887 0.23537914829926235 0.10282330399938786 0.15245089843508683 0.8918329946156573 0.22043579430304514 0.8989784942192482
0 0.30006886302382274 0.16659598821103466 0.25747520231272664 0.1627780590121241 0.18915761980669768 0.924944086264398 0.23175128051779378 0.9287620154633085
0 0.385411402261085 0.07674441821673209 0.3077143787804952 0.06857813200655274 0.21608544919951816 0.9403691652770052 0.293782472680108 0.9485354514871844
0 0.43708035872153905 0.10832998638042293 0.37880759191750135 0.1022052727795012 0.2901695312934098 0.9455402225039281 0.3484422980974474 0.9516649361048499
0 0.5615670731683415 0.08558578252799093 0.4439087267135943 0.0713554640295039 0.3338554274371667 0.9812921752936011 0.4515137738919138 0.9955224937920881
0 0.6113352803771215 0.08755139744742427 0.5633249335970123 0.08140154136305491 0.4462024038792897 0.9957470464234612 0.4942127506593989 1.0018969025078306
0 0.6764747667712177 0.13178541167258223 0.6067340436936345 0.12248871608775683 0.489973296555778 0.9983890677959927 0.5597140196333612 1.007685763380818
0 0.690635725045764 0.22930959012440294 0.6557669494646096 0.22488671157105702 0.5617532698660284 0.9660650767336223 0.5966220454471828 0.9704879552869683
0 0.7564146878215419 0.11573843431762187 0.6787176660731269 0.10757214717574545 0.5851479714104223 0.9978282053934382 0.6628449931588373 1.0059944925353146
0 0.8026317398323467 0.1598890217112636 0.7526122791936456 0.15351232014107657 0.6448041434187254 0.9991697097132866 0.6948236040574266 1.0055464112834736
0 0.8348131314689103 0.15813988239741 0.8045621826790148 0.15428335788435407 0.6968111378560604 0.9994929054865963 0.727062086645956 1.0033494299996524
0 0.9028073428333849 0.16307986416929957 0.8354309579962245 0.15428884140683774 0.7251063281021197 0.9998417334438182 0.7924827129392803 1.0086327562062798
0 0.9670168442852715 0.18265545457690185 0.8999751375054738 0.17305423642675485 0.7816991662911099 0.9989310009420759 0.8487408730709077 1.0085322190922228
0 1.0105498188164792 0.1952651808509546 0.9668984090257039 0.18858284631502395 0.8427619911471638 0.9994865234115254 0.8864134009379392 1.0061688579474561
0 1.0298718252613244 0.30292943231189445 0.9924807230131087 0.29709707233900173 0.8829474283233676 0.9993120659887799 0.9203385305715832 1.0051444259616724