0 0.8785944921875 6.300088282483527e-17 0.150276546875 1.8404270800408762e-17 0.150276546875 0.05070160625000003 0.8785944921875 0.05070160625000007
0 0.7528902763599395 0.053948409114267834 0.15975150168572852 0.0487150841320774 0.15963009025177938 0.062475710389587526 0.7527688649259904 0.06770903537177794
0 0.8697610224100867 0.05891322349495313 0.13577101751265042 0.05683046731732968 0.13551696983626477 0.14636012865641274 0.8695069747337009 0.14844288483403617
0 0.8267767410268615 0.14432074332104414 0.15577800294764912 0.13260841756582772 0.1533919319027399 0.26930634533549985 0.8243906699819522 0.2810186710907162
0 0.7216551544487777 0.2049953602934657 0.1676910795264564 0.19532588162565473 0.16615717664472648 0.2832031209360723 0.7201212515670476 0.29287259960388334
0 0.6452586774786779 0.25785572410800833 0.17696598324449087 0.25215839969036996 0.17652659161351894 0.28827428069141975 0.644819285847706 0.2939716051090581
0 0.7252698774832224 0.29406909661754 0.17883040205279932 0.2877370953551075 0.1782441331088534 0.33833097253760974 0.7246836085392765 0.3446629738000423
0 0.7296380777895692 0.3438277011796569 0.17307323326232332 0.3341128256998037 0.17269827920443961 0.3555939293293535 0.7292631237316856 0.3653088048092067
0 0.7266623529403131 0.3652634076933865 0.17269827869505955 0.35559392853716704 0.17211880425627116 0.38879199596624264 0.7260828785015248 0.3984614751224621
0 0.7338851902991093 0.3985976647294448 0.16431649295992362 0.38865580611657813 0.16319163080876775 0.45309911546829584 0.7327603281479533 0.46304097408116257
0 0.8598874225501932 0.46254611394843426 0.14137691195618757 0.4621011104436386 0.14132570701610453 0.5447775101742441 0.8598362176101102 0.5452225136790398
0 0.7545762200383586 0.5445222311807622 0.14833923031801374 0.5394098269753456 0.14794460361394365 0.5862052867093854 0.7541815933342885 0.5913176909148021
0 0.8579824353595112 0.5921991964524118 0.12196443847145097 0.5793519612521845 0.12036236292750757 0.6711348557301906 0.8563803598155679 0.683982090930418
0 0.7159728489188414 0.6795778383707632 0.17241185541177245 0.6700899579798105 0.1719687284860209 0.6954767147775588 0.7155297219930898 0.7049645951685115
0 0.7181058735482021 0.699006396113856 0.16890887525084014 0.6949560450409054 0.1685417372223064 0.7447371873665906 0.7177387355196684 0.7487875384395413
0 0.7648419103717151 0.8303271316032619 0.7627402491782885 0.7256368372174014 0.15359268438876153 0.7378654951412188 0.15569434558218806 0.8425557895270794
0 0.8459192821771481 0.836166451769597 0.1411105304931022 0.8238639661513787 0.13981523437636464 0.8980714123073857 0.8446239860604106 0.9103738979256042
0 0.8393245224390651 0.9114107032147316 0.14217783538270012 0.9020569378934647 0.14140766671995988 0.9594584776224178 0.8385543537763249 0.9688122429436847