0 0.23554566539815341 0.94726593338457 0.19653901965793125 0.20297485808382515 0.11384001138181517 0.2073089298279888 0.15284665712203732 0.9516000051287337
0 0.6986846141900952 0.8894911675870218 0.671767796358455 0.12175417269284057 0.6103090943863837 0.12390891148510016 0.6372259122180239 0.8916459063792814
0 0.8351816679853588 0.871633743173464 0.8219014713590832 0.13749778622199538 0.7497503202817465 0.1388029688166445 0.763030516908022 0.872938925768113
0 0.15063209834011032 0.9391989103167677 0.11432402964349811 0.24639967037966456 -0.010504662542599536 0.2529416647554271 0.025803406154012654 0.9457409046925302
0 0.7561396622858768 0.8793020055618589 0.717541896213028 0.14281272350599378 0.6613689839607775 0.1457566209659687 0.6999667500336264 0.8822459030218338
0 0.5637182662088851 0.9097267604600662 0.5230761250719054 0.1342285117350988 0.4591014191071802 0.13758128401187703 0.4997435602441599 0.9130795327368444
0 0.29311538533409853 0.9411195425009664 0.2516554952643121 0.1500177081634492 0.19548258289834672 0.15296160573833342 0.23694247296813317 0.9440634400758506
0 0.48939347499999986 0.9245744671875 0.45226765625 0.21617164062500005 0.38829295080714055 0.2195244128469594 0.4254187695571404 0.9279272394094594
0 0.6195348982412003 0.9009117120485106 0.5904321586601153 0.14481714514485114 0.5529418373587464 0.1462601803224653 0.5820445769398314 0.9023547472261247
0 0.3711333152326134 0.9370307973271327 0.3353976730769931 0.2551540671245063 0.29326798907313756 0.257361990118511 0.3290036312287579 0.9392387203211374
0 0.42262515257485667 0.9343322239121544 0.3895880814540942 0.3039473302948884 0.33809624493211604 0.30664590299632766 0.3711333160528785 0.9370307966135936
0 0.7838990131899842 0.8715886233792066 0.7469367510365462 0.16630651400501512 0.7094881434196718 0.16826911199753242 0.7464504055731098 0.8735512213717239
0 0.6434754541584412 0.8791467912346066 0.6116593633602465 0.15463273021198318 0.5852027597892033 0.15579453747938124 0.6170188505873979 0.8803085985020047
0 0.5873003437501785 0.882031384834885 0.5527993231025703 0.14519342710623184 0.525301151909484 0.14648097610143915 0.5598021725570922 0.8833189338300922
0 0.49975019535249743 0.8833509429506952 0.4613159784496352 0.1499823781079866 0.4441520330971379 0.15088190234479135 0.4825862500000001 0.8842504671875
0 0.42409282510312546 0.9175543519351852 0.3836608718131863 0.14606665491119322 0.2529808341302186 0.1529153048636252 0.2934127874201578 0.9244030018876173
0 0.9146468328385635 0.8771995337069326 0.8950692175186734 0.1378627417427622 0.8155170935721954 0.13996927951747073 0.8350947088920855 0.8793060714816411