0 0.763764545364798 0.03968126900543889 0.7474673569911137 -0.04687143200421854 -0.00834673043383698 0.09544237697644345 0.00795045793984735 0.18199507798610087
0 0.7544457847226619 0.09629131198141497 0.7439578956910353 0.04069248960756189 0.027967590760517202 0.17575338739670704 0.03845547979214386 0.23135220977056012
0 0.9391088894590146 0.22962700258018645 0.9188766589112104 0.06484885048659594 0.02299977664573059 0.174848795225315 0.04323200719353475 0.33962694731890547
0 0.7551107839156131 0.16304893064824 0.745920343598298 0.11400568567215055 0.029552691695561684 0.24824913047840505 0.038743132012876824 0.2972923754544945
0 0.7600094034124195 0.2021472671233146 0.7512069484869796 0.15751197898062363 0.03352247890995012 0.2990454036993024 0.04232493383539008 0.34368069184199335
0 0.7671009583433575 0.28165340010036155 0.7520401020488692 0.20181217788155692 0.044934919906966936 0.33519702893183173 0.05999577620145522 0.4150382511506364
0 0.8031712804530737 0.36045002684330296 0.7931741808004829 0.2790302288655183 0.04704040827086594 0.3706439869858388 0.05703750792345678 0.4520637849636234
0 0.7326809349886145 0.3733861973812294 0.7222886039028162 0.3175515212318622 0.010121921743929696 0.4501048457907908 0.02051425282972814 0.505939521940158
0 0.806433453123721 0.39636859269126223 0.799644651172452 0.3590332150425157 0.026949752064779432 0.4995346099433373 0.03373855401604853 0.5368699875920838
0 0.20446388281249997 0.521528828125 0.20266070483724502 0.5204918875832764 0.20188210273669654 0.5218458303627367 0.2036852807119515 0.5228827709044602
0 0.8429724108027848 0.44201489509710223 0.8334734551418045 0.38977488124756754 0.028672330569952574 0.5361142413448727 0.03817128623093309 0.5883542551944074
0 0.8405640291163881 0.4835998987778115 0.8333125632010308 0.44380771917433554 0.02290202566476538 0.591491622115839 0.030153491580122704 0.6312838017193152
0 0.9791379272259156 0.5428275950946498 0.9650072177287594 0.45736623218617556 0.032153585807619865 0.6116100123861472 0.04628429530477609 0.6970713752946216
0 0.6710058785990695 0.625265441549674 0.6658155179990703 0.5929146138818773 0.053903986395547464 0.6910895829099988 0.059094346995546575 0.7234404105777955
0 0.5497985796875 0.6660673578125 0.5479954015705019 0.6650304191876052 0.5472168011741976 0.6663843616127361 0.5490199792911957 0.6674213002376309
0 0.6886377937036248 0.6573892627047854 0.6808939721902958 0.607393173001259 0.06030911289274536 0.7035146579568256 0.06805293440607443 0.753510747660352
0 0.8158969331870797 0.6715914420679933 0.8015290618081595 0.5740290091987292 0.05967206148595068 0.6832811634214935 0.07403993286487069 0.7808435962907575
0 0.7716536079560845 0.6987506953325149 0.7683347315943667 0.6759032895345619 0.07820412317989087 0.7761535403954247 0.08152299954160866 0.7990009461933776
0 0.8756535002478956 0.7311513346918852 0.8620415341705779 0.6393454894608317 0.06392443818594637 0.7576815584652413 0.07753640426326402 0.8494874036962949
0 0.8733557301725193 0.758680886936647 0.8695395640483433 0.7312320027329106 0.08604726342452568 0.8401594459761741 0.0898634295487018 0.8676083301799105
0 0.8821614498989359 0.8504983097814396 0.8699146702071371 0.7585821940263558 0.09370381505685835 0.8620034848339204 0.10595059474865724 0.953919600589004
0 0.8466555922145236 0.9493842015680117 0.8357063932125364 0.8602101326424929 0.11280861595687841 0.948970819652048 0.1237578149588657 1.0381448885775668