0 0.8040289642667151 0.01957493967935897 0.8008437425749326 -0.0052701105879884415 0.05623302624608932 0.09019156809902926 0.0594182479378718 0.11503661836637666
0 0.8042439032350579 0.050311314965039086 0.8005948601569232 0.019186913709010912 0.060806475148527994 0.1059201383385606 0.06445551822666269 0.1370445395945888
0 0.8052449069783044 0.06892223773754486 0.8022327307714405 0.0443856102731203 0.062216623675800185 0.13523179171029726 0.06522879988266408 0.15976841917472182
0 0.8069351213825087 0.09397348121083621 0.8037521168061407 0.06648694137027399 0.06082301454910395 0.15251984133214602 0.06400601912547192 0.18000638117270823
0 0.8081478834792719 0.11422310462355482 0.8053687476893575 0.0895332887669065 0.0675421589725584 0.1725845472841353 0.07032129476247276 0.19727436314078364
0 0.8079134574512601 0.14397085313461 0.8046097337939822 0.11331068322334756 0.06624142827838032 0.19287204396518845 0.06954515193565822 0.2235322138764509
0 0.7043710824542507 0.2820879713162156 0.6972864415618235 0.18077287181759535 0.09528584315962176 0.2228688484075798 0.10237048405204892 0.32418394790620003
0 0.6326932391789559 0.28987122828057166 0.6287829749304319 0.24608327053066675 0.05548591234696605 0.2972786932632755 0.059396176595490124 0.3410666510131804
0 0.7124413830296097 0.3146723922169749 0.7094661114503222 0.2812932255287808 0.058638878658580286 0.3393050922371381 0.061614150237867725 0.37268425892533225
0 0.7561935137173362 0.3468257359369678 0.7532588155725032 0.31068296931887485 0.06597037900894184 0.3664889932755081 0.06890507715377492 0.40263175989360106
0 0.7173203907071193 0.42998243706370065 0.7118706661459455 0.352047744795047 0.06835278475011532 0.3970468985956186 0.0738025093112891 0.4749815908642723
0 0.6269038528105889 0.47937865244536493 0.6239065042295294 0.4365145710628111 0.11531979297534423 0.4720784186516195 0.11831714155640367 0.5149425000341733
0 0.7361425925696266 0.5133531808267562 0.733906218609494 0.4739120112420836 0.07129327743201408 0.5114831670394494 0.07352965139214648 0.550924336624122
0 0.7196964148459687 0.614863799771315 0.7160184632382677 0.5202641475471406 0.09704012602916405 0.5443294830631258 0.10071807763686498 0.6389291352873002
0 0.682237932715553 0.6380248383416929 0.681253483082742 0.6135385224475225 0.12951029461089775 0.635720845898897 0.13049474424370866 0.6602071617930674
0 0.681887295444708 0.670818077037563 0.6803819031744461 0.6347065398343974 0.12842307344048196 0.6577162098772302 0.12992846571074387 0.6938277470803959
0 0.6548924239658503 0.6955337216962201 0.653850536900674 0.6700999201046328 0.13596637535238476 0.6913148693222643 0.13700826241756106 0.7167486709138514
0 0.6880463543735515 0.7198399430696496 0.6846402764913984 0.6711307607744745 0.1293466212922082 0.7099606763664142 0.13275269917436155 0.7586698586615893
0 0.6920731224329548 0.742471064677919 0.6913474999378455 0.7197835895949484 0.12900306576786685 0.7377692742046716 0.1297286882629762 0.7604567492876423
0 0.7227266373760239 0.768320115288458 0.7167319422815241 0.6825919544081083 0.11213651180602173 0.7248693720502173 0.11813120690052151 0.8105975329305671
0 0.7363017639564451 0.8158875258239038 0.7347207672725753 0.7618483171952636 0.1119189221270532 0.7800693029733796 0.1134999188109231 0.8341085116020199
0 0.7736679370236268 0.8709130296609379 0.7721310341360346 0.7932910777967562 0.10994959482878044 0.806402169978025 0.11148649771637267 0.8840241218422067
0 0.6196084086105369 0.9346184057654492 0.6189189708229641 0.8718862206409627 0.13355683703990445 0.8772204361640309 0.1342462748274773 0.9399526212885174