0 0.21250000000000005 0.18750000000000003 0.12968750000000004 0.1875 0.1296875000000001 0.9328125 0.21250000000000008 0.9328125
0 0.6913282523371491 0.1312621775296477 0.6298410071285384 0.13019746332690116 0.6165406858291023 0.8982910183693351 0.678027931037713 0.8993557325720817
0 0.8404322164149898 0.15484160456279977 0.7683116377482797 0.15236889900851253 0.7431519275300871 0.8861937803724604 0.8152725061967973 0.8886664859267477
0 0.1281250000000001 0.2265625 0.003125000000000028 0.2265625 0.00312500000000007 0.9203125 0.12812500000000013 0.9203125
0 0.7359375 0.1546875000000001 0.6796875 0.1546875000000001 0.6796875000000001 0.8921875 0.7359375000000001 0.8921875
0 0.5421875 0.13593750000000004 0.478125 0.13593750000000004 0.4781250000000001 0.9125 0.5421875000000002 0.9125
0 0.27031250000000007 0.13750000000000004 0.2140625 0.13750000000000004 0.21406250000000004 0.9296875 0.27031250000000007 0.9296875
0 0.4671875000000001 0.2140625000000001 0.403125 0.2140625000000001 0.40312500000000007 0.9234375 0.4671875000000002 0.9234375
0 0.6088970588235296 0.15003676470588242 0.571382594021215 0.14951573047251693 0.5608745178399228 0.9060972155255544 0.5983889826422374 0.9066182497589199
0 0.3484375 0.246875 0.30625 0.246875 0.30625 0.9296875 0.34843750000000007 0.9296875
0 0.4000000000000001 0.2984375 0.3484375 0.2984375 0.34843750000000007 0.9296875 0.4000000000000002 0.9296875
0 0.7640625 0.17968750000000008 0.7265625 0.17968750000000008 0.7265625000000001 0.8859375 0.7640625000000001 0.8859375
0 0.6295814631956914 0.16094984290843814 0.6031003141831239 0.1607254263913825 0.5969546678635547 0.8859116921005388 0.6234358168761223 0.8861361086175945
0 0.5712961045699656 0.14844297969119766 0.5437682333087637 0.14828962107692914 0.5396588528533188 0.8859234128292665 0.5671867241145209 0.8860767714435351
0 0.4796875000000001 0.14843750000000006 0.4625 0.14843750000000006 0.4625000000000001 0.8828125 0.47968750000000016 0.8828125
0 0.40234375 0.14046298906250004 0.271484375 0.14046298906250004 0.27148437500000006 0.9130094328125 0.4023437500000001 0.9130094328125
0 0.9134806021610625 0.15903536410068253 0.8339272529332392 0.1569755768795817 0.8147841253607918 0.8963237471579542 0.8943374745886151 0.8983835343790549