0 0.8230906116059744 0.04346716121388786 0.8214511332787089 0.005112243167746655 0.05907345465723718 0.037700024473582505 0.0607129329845027 0.07605494251972371
0 0.8280102191715686 0.10546817041632713 0.8253415320427118 0.0422486926840676 0.06031858934255715 0.07454264628347111 0.06298727647141403 0.13776212401573065
0 0.8364640201582679 0.2107376158248305 0.8327832155969146 0.10533311230653619 0.0442013898796252 0.13287098293078972 0.04788219444097844 0.23827548644908406
0 0.6413386624728419 0.21950585792257526 0.6403162162895137 0.19022682907897726 0.057338232930258415 0.2105848681804118 0.05836067911358654 0.23986389702400981
0 0.8154946662997489 0.28182524027405675 0.8131089619420309 0.21350750682007988 0.05315551789126344 0.24004562732661183 0.0555412222489815 0.30836336078058874
0 0.7665227845454696 0.29721558769411344 0.765159523155447 0.2581768823930567 0.05986026671994153 0.2828064708308717 0.06122352810996414 0.3218451761319284
0 0.7723971907111316 0.3908175924049516 0.769057203722227 0.29517278653889395 0.053347625221153674 0.32016589158398734 0.056687612210058226 0.415810697450045
0 0.6558945489418282 0.41247478694072115 0.653849656083855 0.3539167300135392 0.06566651236319673 0.37445654251569 0.06771140522116993 0.4330145994428719
0 0.7748510688438882 0.46108724658071354 0.7728743339433433 0.4044811343718858 0.08058798097864853 0.42865637873468215 0.08256471587919345 0.4852624909435099
0 0.7981617387891459 0.5325576495515942 0.7961398474651379 0.46162437514224397 0.05126538820341449 0.48285637407641274 0.05328727952742248 0.5537896484857631
0 0.8013416246344889 0.5481063848053789 0.8006599938821954 0.5285870324448324 0.10316847860288034 0.552943971010025 0.10385010935517384 0.5724633233705714
0 0.8316162679211108 0.5953855462605445 0.8304310794256283 0.5494865497812947 0.06744752521903333 0.5691880552618522 0.06863271371451586 0.6150870517411021
0 0.7533363009280012 0.7418027977718311 0.7503697257321027 0.5989012585834049 0.05738260273470911 0.6132873766184981 0.060349177930607664 0.7561889158069242
0 0.7994510725925188 0.8415890501117769 0.798580653678201 0.7328874809353236 0.04382731879840728 0.7389311064625448 0.044697737712725075 0.847632675638998
0 0.8549631982902393 0.8911692601279398 0.8542222702618048 0.8093034353029831 0.04587018907056991 0.8166194394485278 0.046611117099004264 0.8984852642734845
0 0.848170147268856 0.9234587482267139 0.8480992625878121 0.8899202759173648 0.06091284777507777 0.8915840206884859 0.06098373245612164 0.9251224929978351
0 0.7461522877369144 0.9229264088074232 0.04199256153217023 0.9214381437148582 0.04186070928208672 0.9838228927640179 0.746020435486831 0.9853111578565829