0 0.8718185512702554 0.04893607743497138 0.18512986064960385 0.001177468432323961 0.17992635836859489 0.07599510325476083 0.8666150489892465 0.12375371225740825
0 0.8508806938527659 0.12839130857718034 0.1886299386785647 0.05878594768300216 0.17556388040864596 0.1831011849757025 0.8378146355828472 0.25270654586988067
0 0.7360206923033997 0.19884038196353734 0.183221725181042 0.15469092263799292 0.17937191683169082 0.20289468575653696 0.7321708839540486 0.24704414508208142
0 0.7988067239068901 0.25057053231141535 0.1831204750523568 0.18585930336576414 0.17536250356116895 0.2596714754408991 0.7910487524157022 0.32438270438655026
0 0.75603437448605 0.28253520316031516 0.17611537678122965 0.23986694020320445 0.17177024444180772 0.2989231242739093 0.7516892421466281 0.34159138723102
0 0.7448933582104516 0.33936807923672485 0.17621572806310215 0.29383215712466265 0.17255527254412573 0.3395459380967164 0.741232902691475 0.38508186020877855
0 0.7790476446876415 0.3867068538370372 0.17702792939273243 0.336687352564418 0.17333274636794146 0.3811614671786912 0.7753524616628507 0.4311809684513103
0 0.7693003302780489 0.4312997491091003 0.18038563753977604 0.3772349906913415 0.17299978313331352 0.4576873649492974 0.7619144758715863 0.5117521233670563
0 0.7970362458254371 0.5154943071155118 0.17488014752051145 0.4574739108509428 0.16937468299843578 0.51650932851324 0.7915307813033614 0.5745297247778091
0 0.7569517284882986 0.5741399150109686 0.16454773214631616 0.5118757451871123 0.16128121748472823 0.542954555763222 0.7536852138267107 0.6052187255870783
0 0.7226422097555211 0.6019559742217937 0.1586942992843663 0.5426826597348676 0.155836099009573 0.5698766185446674 0.7197840094807277 0.6291499330315935
0 0.7613788384948933 0.6315578405502544 0.15604025501913035 0.5679341984232816 0.15154879809386584 0.6106675610851685 0.7568873815696288 0.6742912032121413
0 0.7935125329455346 0.6742128949996113 0.14678327826847737 0.6062389202072526 0.14025025010841968 0.6683965392908034 0.7869795047854768 0.7363705140831623
0 0.746095461521801 0.732183532798798 0.1463948956776455 0.6622461949233525 0.1404924443628889 0.7128586932090483 0.7401930102070443 0.7827960310844937
0 0.7673748600118457 0.7735876497027597 0.1361671093567484 0.707245029241997 0.12942992189263972 0.7713450740612526 0.7606376725477372 0.8376876945220152
0 0.7040127126277944 0.8318365433452117 0.12848154262196212 0.757484578068312 0.12636300648486887 0.7738833857815997 0.7018941764907012 0.8482353510584992
0 0.7425292540874147 0.8357844217166402 0.121669171354621 0.7705293956959978 0.11309457050306486 0.8521112709742911 0.7339546532358585 0.9173662969949335
0 0.7065375771549448 0.9148539775356713 0.10241230832243142 0.8337616026461212 0.09629936936698716 0.8793020236147321 0.7004246381995005 0.9603943985042822
0 0.7395524972483025 0.918736411002015 0.09312507602397044 0.8739753349492905 0.08661343511589728 0.9680147015450897 0.7330408563402294 1.0127757775978143