0 0.09188851210325129 0.9465189637368043 0.039646843477085705 0.04977052397865431 -0.030729879541681347 0.05387044462522207 0.02151178908448423 0.950618884383372
0 0.12940758685903261 0.9198823537559979 0.08153266214206935 0.039998599278011894 0.03843674233587456 0.04234347029742731 0.08631166705283784 0.9222272247754134
0 0.15893527473563257 0.9487674983169361 0.12650295588377147 -0.0014844992300688264 0.07728826766423816 0.0001952093784383418 0.10972058651609926 0.9504472069254433
0 0.21403780664777336 0.9617013535715664 0.1757805149061335 0.03184642355786201 0.11835418002621707 0.03420913195058053 0.15661147176785692 0.9640640619642848
0 0.26171875 0.03641633125000003 0.177734375 0.036416331250000024 0.17773437500000006 0.9520269296875 0.26171875000000006 0.9520269296875
0 0.314453125 0.08843965937500003 0.212890625 0.08843965937500002 0.21289062500000006 0.975437428125 0.31445312500000006 0.975437428125
0 0.33870967573733035 0.9615385179793854 0.31510268950555836 0.2429163696329429 0.24568297455799076 0.24519683128967257 0.2692899607897627 0.963818979636115
0 0.427734375 0.020809331250000042 0.314453125 0.02080933125000004 0.31445312500000006 0.918211765625 0.4277343750000001 0.918211765625
0 0.45703125 0.2028909843750001 0.396484375 0.2028909843750001 0.39648437500000006 0.9208129312500001 0.4570312500000001 0.9208129312500001
0 0.5385165826735546 0.04962488597321833 0.4571590258241464 0.04826736271700183 0.44343288732451913 0.8708868561160747 0.5247904441739274 0.8722443793722912
0 0.7331525805486384 0.25033427308364253 0.7025951559013797 0.24891794578941084 0.672692569991821 0.8940696839582408 0.7032499946390798 0.8954860112524724
0 0.7783512306436846 0.023586700673756636 0.7378823057230579 0.02177557277429152 0.697354505671029 0.9273529745624904 0.7378234305916557 0.9291641024619555
0 0.8349072458404679 0.17918099297812087 0.7700825547965634 0.1757042362124806 0.7294786542994529 0.9327705144506439 0.7943033453433574 0.9362472712162841
0 0.8702542144437132 0.19345084172024135 0.8333250071062863 0.19087141368932797 0.7811877271908373 0.9373114759558829 0.8181169345282641 0.9398909039867963
0 0.8806668372277029 0.43851601837845555 0.8493850376026331 0.4363807083715958 0.8147861627129638 0.9432462539244743 0.8460679623380336 0.9453815639313341
0 0.9780272190183208 0.000814732393921469 0.9451009789987417 -0.0013828820724233414 0.8839490606941437 0.914839126196323 0.9168753007137228 0.9170367406626678
0 1.0054079217818124 0.005796206592866749 0.9759440166677779 0.0036975425606477264 0.9115733174633538 0.9074211230700187 0.9410372225773884 0.9095197871022375
0 1.0087850423564646 0.304534576718283 0.9592910674634638 0.30353016331019606 0.9464602232345809 0.9357892281607161 0.9959541981275818 0.9367936415688028