0 0.8699416765624999 6.201962395703449e-17 0.1416150640625 1.7422481220436508e-17 0.1416150640625 0.052734375000000035 0.8699416765624999 0.052734375000000076
0 0.7452038868496544 0.05936642882404786 0.744989033156455 0.045536253679353315 0.15185383000036268 0.054750691503273066 0.15206868369356213 0.0685808666479676
0 0.8628404223926702 0.1422666059389007 0.8620606593257408 0.05261062230668556 0.12826446973247532 0.05899265219601937 0.12904423279940483 0.14864863582823454
0 0.8205195125 0.13867187500000006 0.14941856250000002 0.138671875 0.14941856250000002 0.27539062500000006 0.8205195125 0.2753906250000001
0 0.7164728546875 0.20117187500000006 0.16242439531250003 0.201171875 0.16242439531250003 0.28906250000000006 0.7164728546875 0.2890625000000001
0 0.6412531354239486 0.29096804406670407 0.6409949779549761 0.2545238232343939 0.1726424906129792 0.2578414601589285 0.17290064808195166 0.2942856809912387
0 0.7216751875 0.2910156250000001 0.17543022812500003 0.29101562500000006 0.17543022812500003 0.34179687500000006 0.7216751875 0.3417968750000001
0 0.7268775203125 0.3398437500000001 0.17022789531250004 0.33984375000000006 0.17022789531250004 0.36132812500000006 0.7268775203125 0.3613281250000001
0 0.7242763531249999 0.36132812500000006 0.17022789531250004 0.361328125 0.17022789531250004 0.39453125000000006 0.7242763531249999 0.3945312500000001
0 0.732079853125 0.39453125000000006 0.16242439531250003 0.39453125 0.16242439531250003 0.458984375 0.732079853125 0.4589843750000001
0 0.8603188107184456 0.5389697908578097 0.8592686884909456 0.45645534806527743 0.1409410987339067 0.46559716303852927 0.14199122096140662 0.5481116058310616
0 0.755704923956997 0.5870039369486916 0.7553408589672592 0.5404573053244086 0.14912283925553477 0.5451988462141268 0.1494869042452725 0.5917454778384099
0 0.8595370109375 0.5859375000000002 0.12340689843750008 0.5859375000000001 0.12340689843750008 0.6777343750000001 0.8595370109375 0.6777343750000002
0 0.719234694759787 0.6975416865668891 0.719019767832694 0.6723526468648977 0.1752322491801714 0.6769925450808782 0.17544717610726446 0.7021815847828695
0 0.7220907119086732 0.7442551363963259 0.7215216408491888 0.6946135206871005 0.17229989320906383 0.7009095728472919 0.17286896426854828 0.7505511885565174
0 0.7705665776147442 0.8256546925481223 0.7666381391579838 0.721017022663657 0.15779676895581435 0.7438749079301173 0.16172520741257468 0.8485125778145826
0 0.8517335109375 0.830078125 0.1468173968750001 0.830078125 0.1468173968750001 0.904296875 0.8517335109375 0.904296875
0 0.8466463580187741 0.9628469609997419 0.8464731291753234 0.9056319486859394 0.14929002979791922 0.9077427971694831 0.14946325864136992 0.9649578094832856