0 0.14452606356493067 0.976183261152555 0.11379814611742249 0.2836223252800243 0.04063744146882614 0.2868683589160556 0.07136535891633432 0.9794292947885864
0 0.17342168442452155 0.965921143252275 0.11990344389441084 0.3197818540602967 0.08773745398566182 0.32244608948696196 0.14125569451577255 0.96858537867894
0 0.2217319177899187 0.9792699141817909 0.1624902396846139 0.2761481301003462 0.11389845235371912 0.28024224165938283 0.17314013045902388 0.9833640257408275
0 0.2636741817992668 0.9772208303181333 0.2089281800869439 0.37056146848377847 0.16690071487479843 0.374354100440387 0.22164671658712135 0.981013462274742
0 0.31049290324900125 0.9861200502826802 0.25583781358445223 0.25923883636634454 0.19658829360175745 0.2636938804165109 0.2512433832663064 0.9905750943328467
0 0.34025222002400274 0.9559236063362133 0.2809437243967892 0.30821681449251626 0.2481250001423912 0.3112219229589447 0.3074334957696047 0.9589287148026416
0 0.394042278891502 0.9765994804434948 0.3277394902074972 0.25617585370728535 0.2738567062270095 0.2611348510352176 0.34015949491101427 0.9815584777714271
0 0.44467811054697304 0.9738876529683191 0.3764000889727449 0.23794272370192834 0.324464284179375 0.24276111956164495 0.39274230575360314 0.9787060488280357
0 0.49915914222602975 0.968393751872395 0.4331980278026285 0.24803385990368784 0.37613859276332834 0.2532586148706474 0.4420997071867296 0.9736185068393544
0 0.5402892487210986 0.9586765734192749 0.4759043564005186 0.2483263624449063 0.4323211058876937 0.25227667152892846 0.49670599820827366 0.9626268825032971
0 0.5751335868418119 0.9576260013259112 0.5143600394147517 0.24691390699941945 0.4757152782818518 0.25021845076934557 0.536488825708912 0.9609305450958372
0 0.6087718331184988 0.9593559846268397 0.5467899201360635 0.23592663722849633 0.5106210638660664 0.23902550916403964 0.5726029768485017 0.9624548565623829
0 0.6628364660109987 0.9590916191706313 0.5992631452184302 0.23569337664225323 0.5456777867376728 0.24040253818593546 0.6092511075302413 0.9638007807143134
0 0.717471658473485 0.9586562222028403 0.6553749799048256 0.22954599680284837 0.598847276422622 0.23436033421175412 0.6609439549912816 0.9634705596117461
0 0.7700825726712182 0.9530262698605296 0.7066075967801753 0.22151570999352313 0.6524162228809973 0.2262180291950097 0.7158911987720403 0.9577285890620162
0 0.815834907992979 0.858798508250674 0.7560886468172342 0.2555129345535478 0.7075146516118637 0.26032345005469654 0.7672609127876086 0.8636090237518228
0 0.8488653233496771 0.8604463113209715 0.7859854079302961 0.22613058168432792 0.7521490177417458 0.22948479355981144 0.8150289331611269 0.8638005231964551
0 0.8895486675983021 0.8639157714487153 0.8266339760827461 0.2166640452579859 0.785366526054138 0.22067535767806037 0.8482812175696939 0.8679270838687897
0 0.9341425515652846 0.8748851732893803 0.8887359625017742 0.4428700293799812 0.8460026087412494 0.4473614826562503 0.8914091978047598 0.8793766265656495
0 0.9939906373832514 0.8585231399674951 0.9468171860353284 0.31394419362252746 0.9226643671813901 0.3160364005151526 0.9698378185293132 0.8606153468601201
0 1.0369060867071986 0.8249340686650456 0.9730019973524696 0.21692727281228005 0.9360959106452708 0.2208062588347345 0.9999999999999998 0.8288130546875001