0 0.6263698754665392 0.03557548418902643 0.6181348677896231 -0.01053566301991633 0.07579970537957284 0.08632018412851752 0.08403471305648891 0.13243133133746027
0 0.6543314182667636 0.07427479275499616 0.6475270003299534 0.033580123894504176 0.07658696817572215 0.12904507555565076 0.08339138611253234 0.16973974441614273
0 0.8419998172655921 0.24973608362774766 0.813671837179845 0.04597865497931419 0.03480647836892072 0.15426271863396118 0.06313445845466785 0.3580201472823946
0 0.7355217958222184 0.2939066498997202 0.72442921486085 0.2104784019989304 0.09215306129770648 0.29454554472116684 0.10324564225907495 0.37797379262195663
0 0.752084791397893 0.4139496853492101 0.7375652002432546 0.2956971156225749 0.09986609137909544 0.3739967277307029 0.11438568253373393 0.49224929745733814
0 0.6218422801515125 0.44174821184191926 0.6170817595207744 0.40297687755442596 0.11879864816356611 0.4641583425505777 0.12355916879430422 0.502929676838071
0 0.5071149038306613 0.46552901316041667 0.5038100063927099 0.4416442915441827 0.11967226228965262 0.49479692470879605 0.12297715972760392 0.5186816463250299
0 0.5884130731906222 0.5087527579960616 0.5804897777588724 0.45198338395605936 0.15258033791359174 0.5117066584726963 0.16050363334534143 0.5684760325126984
0 0.5910207678664728 0.5705913078160615 0.5825067517361096 0.5085314877108634 0.15679156166420496 0.5669355563831355 0.1653055777945682 0.6289953764883336
0 0.7061811687434357 0.5921876851621417 0.6968067336506778 0.5221907402649447 0.15766666113293012 0.5943958004021458 0.1670410962256881 0.6643927452993428
0 0.768385295388199 0.6086209429046876 0.7607726956143632 0.5537331968522272 0.16027870187631085 0.6370180968470439 0.16789130165014665 0.6919058428995043
0 0.7612896903442822 0.6370608220072362 0.7574515845768242 0.608042202787857 0.1848586645801257 0.6837753785130941 0.18869677034758375 0.7127939977324733
0 0.42348349976939764 0.725852237954054 0.4211032390349046 0.7064665666563751 0.19390679316855763 0.7343627777706527 0.1962870539030507 0.7537484490683316
0 0.7124045846238876 0.6884093937998006 0.7100243239589068 0.6690237256637463 0.44410121277400477 0.7016749769397075 0.4464814734389854 0.7210606450757617
0 0.7310260976532954 0.7333499807117319 0.7250754459283881 0.6848858135707788 0.16482966864298296 0.7536753481413256 0.17078032036789012 0.8021395152822788
0 0.8466015453830232 0.7781928790350254 0.8316059025407364 0.656063176182274 0.15001657204467284 0.7397518278901676 0.16501221488695977 0.861881530742919
0 0.779548342144035 0.829717424407623 0.7738357182697053 0.7831918272352552 0.17744504956742868 0.8564193789383336 0.1831576734417585 0.9029449761107013
0 0.7074715452776494 0.8624385260791592 0.7049109359463267 0.8390399647651877 0.19277635547265476 0.8950851449819254 0.19533696480397747 0.9184837062958968