0 0.7499351525222229 0.06836735539598379 0.07429892094661841 0.013164711855606007 0.07122186976384917 0.05082535874058377 0.7468581013394537 0.10602800228096157
0 0.7457027368014817 0.10385663364445112 0.07365021824683925 0.042600136818826344 0.06894696771339195 0.09420007364502889 0.7409994862680345 0.1554565704706537
0 0.7229685231847576 0.1393707220556187 0.07444318515627593 0.07944103165084507 0.07102284094361928 0.11645406929053603 0.719548178972101 0.1763837596953097
0 0.6983025913586793 0.1695706470333941 0.0762139840892231 0.10950780700142718 0.07055890089309177 0.1680791770465648 0.692647508162548 0.22814201707853177
0 0.6706469120107315 0.22101446927036966 0.08692945650759064 0.16948134566575884 0.08374589968141719 0.2055416028370777 0.667463355184558 0.2570747264416885
0 0.6924126606276507 0.25840207828614775 0.060783040297251366 0.21199574484645667 0.058129745129701496 0.24810934605311066 0.6897593654601009 0.2945156794928018
0 0.6778622150564556 0.2931233947469033 0.0757397843277107 0.24065948600871137 0.07356333206149321 0.2656383859881169 0.6756857627902382 0.3181022947263088
0 0.7163681164034463 0.3193780237788716 0.057619186532615566 0.26122079554480904 0.05452926382901514 0.29622045657040424 0.7132781936998459 0.35437768480446674
0 0.7149399624679311 0.3541242579074982 0.05681730857126469 0.29058231995767275 0.05312932114758393 0.32877989700870414 0.7112519750442504 0.39232183495852957
0 0.6694875229285133 0.3831506198089741 0.0763922359720505 0.32320941321329955 0.073374101073128 0.35307270235301025 0.6664693880295908 0.4130139089486848
0 0.4898607235713839 0.3939424011647451 0.08053775070013877 0.35238812345116 0.07671466025027374 0.3900467914535356 0.4860376331215188 0.4316010691671207
0 0.5221023121234205 0.43027890642009065 0.09717575491919579 0.3915475400702034 0.0954184964307305 0.4108266378659267 0.5203450536349552 0.44955800421581393
0 0.6282683511712636 0.4568661567248474 0.10449175673709073 0.4094759515197179 0.10116451394529388 0.44625004630997145 0.6249411083794667 0.493640251515101
0 0.587844959000878 0.4888248525439554 0.09076916660304753 0.44195006106019274 0.08813429142191904 0.46989114894711176 0.5852100838197496 0.5167659404308744
0 0.695998406590461 0.5481090235218422 0.04598173292175854 0.4835447663048883 0.04241249048558119 0.5194789998249163 0.6924291641542836 0.5840432570418703
0 0.580404927584601 0.5745000845236065 0.04438564791840048 0.5186273753033876 0.04043529377958571 0.556525411920299 0.5764545734457863 0.6123981211405177
0 0.6883636303969337 0.589648422236133 0.042184361438179906 0.5582448629206013 0.03866149442549257 0.6307335769553616 0.6848407633842463 0.6621371362708933
0 0.6437548513690029 0.6565586475865974 0.04866442600292605 0.5925454182336487 0.04606194422296498 0.6167390420376502 0.6411523695890418 0.6807522713905988
0 0.6408759862007403 0.6801568506712262 0.05144053580666179 0.6132558921683344 0.04801581818800178 0.6434295999477252 0.6374512685820802 0.710330558450617
0 0.6813891426709133 0.7130310774026343 0.037631407711130674 0.6404784833749426 0.034779292536301944 0.6657852450338212 0.6785370274960846 0.7383378390615128
0 0.6757675425749827 0.7380387288933049 0.035486654336898814 0.6594221213121733 0.030012054780108065 0.7040091567340768 0.670292943018192 0.7826257643152085
0 0.5411996401468879 0.7896374505437309 0.06414277455041362 0.7253726987840051 0.06078175094472778 0.7503226027767734 0.5378386165412021 0.8145873545364992
0 0.6646168261289584 0.8075101278498475 0.03466305047312257 0.7301615294912268 0.02204766902150159 0.8329055655232838 0.6520014446773376 0.9102541638819046
0 0.6191485458118937 0.9069416424035621 0.02618063656224654 0.8229218354838483 0.019449600239842168 0.870425973871044 0.6124175094894893 0.9544457807907578
0 0.5411808879145747 0.9431132214045931 0.021127366073208708 0.8642488304654679 0.016924356794580465 0.8919646316230493 0.5369778786359466 0.9708290225621745