0 0.10796497065863755 0.5368964524410614 0.040848493074203004 0.028977935902590936 -0.00031906318160639867 0.03441782690219324 0.06679741440282816 0.5423363434406638
0 0.12689142491194447 0.5311968354476195 0.07698444083708361 0.043345613441214126 0.05323677928092988 0.04577498968060087 0.10314376335579074 0.5336262116870063
0 0.19344152050506022 0.5334512764144511 0.14186607693110348 0.027028358660559377 0.07405672077825662 0.03393424206243789 0.1256321643522134 0.5403571598163297
0 0.20449334697542226 0.5153427436692011 0.1606965378904047 0.056142722188133876 0.1436620332416238 0.057767410587655776 0.18745884232664137 0.516967432068723
0 0.2237477569575121 0.5113438393820322 0.18484494282134425 0.09871265471315155 0.16270918408205629 0.10079961115268629 0.20161199821822412 0.5134307958215669
0 0.27046579241747154 0.5107664194235066 0.23628635397157954 0.08975643903078205 0.1833505035488082 0.09405400375696335 0.21752994199470016 0.515063984149688
0 0.29523974558076327 0.5117077075313852 0.2659929258707172 0.09345819484733094 0.23676741350276304 0.09550183928740218 0.26601423321280915 0.5137513519714565
0 0.29134301708998434 0.5119801912627429 0.2644577365516655 0.1275023799805481 0.25081916511196023 0.12845608084061994 0.2777044456502791 0.5129338921228147
0 0.29446328231638746 0.472604115017611 0.27157444030090133 0.145278410055649 0.26183260279979453 0.14595962566482118 0.2847214448152807 0.4732853306267832
0 0.31082671598399997 0.5106177590771088 0.2813982039615505 0.08977042439814532 0.26581126471584154 0.09086036935249664 0.29523977673829094 0.5117077040314602
0 0.3322587615526621 0.5091190842047095 0.3026485864545697 0.08567392861277681 0.2812165412072225 0.08717260348035696 0.3108267163053149 0.5106177590722897
0 0.34191190396431825 0.5087197609515148 0.324398238338763 0.11054795067301834 0.30260548197318177 0.1115065093609853 0.320119147598737 0.5096783196394818
0 0.36587469853227367 0.5279639574375109 0.3469827744217372 0.12707131637941188 0.3233999854370392 0.12818264698063672 0.3422919095475757 0.5290752880387357
0 0.4284394942733001 0.5262803530466378 0.41121847083934926 0.1422974920026998 0.3424939419174422 0.1453796783269378 0.359714965351393 0.5293625393708759
0 0.44939370087761193 0.5224280098193185 0.4335911694869384 0.10577453031237012 0.4091863091662703 0.10670014017829213 0.42498884055694386 0.5233536196852404
0 0.4711419725697513 0.520953325745 0.4577430990434963 0.10666636477774508 0.4341392296215144 0.10742976138664864 0.4475381031477694 0.5217167223539035
0 0.49287031338748016 0.5196495501589319 0.4822575073462204 0.10717806277000716 0.45724416842619486 0.10782165080583235 0.46785697446745467 0.5202931381947571
0 0.5134084328404831 0.5182260670102324 0.5039317030184263 0.10577319873488114 0.48186702877707327 0.10628016806999896 0.4913437585991301 0.5187330363453502
0 0.5301613797477807 0.5193640010903221 0.525294138207163 0.11993018509848621 0.5039970009123768 0.12018969820726003 0.5088642424529946 0.5196235141990959
0 0.5510872734156095 0.5184363731716887 0.5488263841092846 0.11584649114051788 0.524045339000075 0.11598565807537549 0.5263062283063998 0.5185755401065463
0 0.5666433587195006 0.10427446853755926 0.5470689942210434 0.10424521839256103 0.5464556422947059 0.514703839116913 0.566030006793163 0.5147330892619111
0 0.5880265774543203 0.10560181387419076 0.5663184502922497 0.10535153643903308 0.5616120878948061 0.513563780304036 0.5833202150568766 0.5138140577391938
0 0.6078936723263294 0.10154252671286931 0.5876463100332641 0.10116604111655754 0.579956194590126 0.5147397740244426 0.6002035568831914 0.5151162596207544
0 0.632911986107621 0.14926150017349388 0.6056952343723679 0.14861733484031642 0.5970555587142339 0.5136539106222875 0.6242723104494868 0.514298075955465
0 0.6470960021139135 0.13553544645110197 0.6298425264800704 0.13512709079396143 0.6209219680411079 0.512030495891025 0.6381754436749509 0.5124388515481655
0 0.6694057917627838 0.13674535938538662 0.6459716946410431 0.1359654558689606 0.6334107909986672 0.5133883417679391 0.6568448881204078 0.5141682452843652
0 0.691943010606759 0.13549370446983394 0.6665957442592074 0.13463209371570328 0.6542944175995116 0.49651824912489345 0.6796416839470633 0.497379859879024
0 0.7400683808494131 0.14496699055130996 0.6901650125012363 0.14312359769419825 0.6767406752414955 0.5065402424525207 0.7266440435896722 0.5083836353096325
0 0.7783742356537071 0.14463858747124508 0.7379685078239987 0.14281653279188083 0.7217145701184663 0.5032624571260165 0.7621202979481747 0.5050845118053806
0 0.8009256341861486 0.15435729200496295 0.7773281142047468 0.15286102217524852 0.7553412590356706 0.4996134887938428 0.7789387790170723 0.5011097586235572
0 0.852272590843579 0.245937712466559 0.835474968847147 0.2454135696546021 0.827600951799494 0.49775846295979403 0.844398573795926 0.4982826057717508
0 0.8476726061204138 0.11042214845925866 0.8113540457622591 0.10908056726394229 0.7970080022849271 0.49744889543607157 0.8333265626430819 0.49879047663138804
0 0.8699778134709973 0.20051218387174088 0.8426927657595197 0.1992817929190921 0.8291853588635225 0.4988209278763266 0.8564704065750002 0.5000513188289755
0 0.8865050457878649 0.22922558796763653 0.8652320259795783 0.2283658133631743 0.8543269821552617 0.4981844519702225 0.8756000019635483 0.49904422657468483
0 0.9404662946581592 0.16256199165534915 0.9172135823112019 0.16163729397160714 0.9039638678415646 0.4948184024124097 0.9272165801885219 0.4957431000961517
0 0.9139649006737358 0.27339198142295895 0.8886922060043361 0.2727938260466828 0.883338523034112 0.49899257043572903 0.9086112177035117 0.49959072581200525
0 0.8939036907980829 0.2928009011173532 0.8821248990915812 0.2922697486372756 0.8728936037603703 0.4969821597920851 0.8846723954668718 0.4975133122721627
0 0.8999182322999072 0.9317449923535183 0.7716373785214529 0.5922459940275366 0.7233375194196737 0.6104962604304024 0.8516183731981279 0.9499952587563841
0 0.8340594745018262 0.9465270998521884 0.739290966919876 0.6666791914945117 0.7154931582302412 0.6747381504714534 0.8102616658121914 0.9545860588291302
0 0.7957367267289012 0.972435277608491 0.6844447237669465 0.6408492218281976 0.6654887434856803 0.6472115189659496 0.776780746447635 0.9787975747462431
0 0.8563978587013708 0.9362199219350991 0.7422898758299965 0.5992632355335558 0.7032829426736837 0.6124726557353001 0.817390925545058 0.9494293421368436
0 0.8133558706980966 0.9631895532254655 0.7124491113860624 0.6637121600976046 0.6918142921267487 0.6706649144230635 0.7927210514387829 0.9701423075509243
0 0.7707546006599796 0.9511600003872267 0.6504842837430419 0.5971112371658374 0.6387395828967384 0.6011009104527238 0.7590098998136761 0.9551496736741132
0 0.7461740174063545 0.9096042640582132 0.6381494314870857 0.5912565923569769 0.6207022841658525 0.5971769147980892 0.7287268700851213 0.9155245864993257
0 0.7333054263922317 0.9225231810476441 0.615429592355509 0.5735029088182058 0.6019823852297489 0.578044480989038 0.7198582192664718 0.9270647532184764
0 0.7512540164026587 0.9571269646795418 0.6041705735153627 0.5465338578182839 0.5645660091438651 0.5607210801180965 0.711649452031161 0.9713141869793546
0 0.6758516385975671 0.8814445757436035 0.5588100095484634 0.5480427872059501 0.5364002087332611 0.555909810372147 0.6534418377823649 0.8893115989098004
0 0.7158729770675997 0.9587127599483969 0.5731091073698686 0.5601780258135397 0.5598338331635787 0.5649335197634023 0.7025977028613097 0.9634682538982595
0 0.7191041421028415 0.9459511200871156 0.5896465533180486 0.5753478842051358 0.5781645910304247 0.5793587157585524 0.7076221798152176 0.9499619516405321
0 0.6834896706842493 0.9432104339868339 0.5640120806704536 0.6011773394135476 0.53926926038506 0.609820399353497 0.6587468503988556 0.9518534939267834
0 0.6643018124063494 0.9593588463269 0.5336644532327426 0.5823044584800862 0.4864138739090246 0.5986752821629054 0.6170512330826314 0.9757296700097193
0 0.6165788132560767 0.9575008463532393 0.4915291450312768 0.6084165045207838 0.4682974188088297 0.6167386184292922 0.5933470870336295 0.9658229602617479
0 0.5847899264938583 0.9384524174447648 0.4648833192720991 0.5831293004157524 0.42950835086840866 0.595066864392253 0.5494149580901678 0.9503899814212655
0 0.5620951617922071 0.9654734246350187 0.4430129963913615 0.6340231005517258 0.41514684112384137 0.6440347429292985 0.534229006524687 0.9754850670125913
0 0.49721512046636196 0.9851018276190301 0.4402996587040728 0.6635080154124612 0.39307455775039823 0.6718658827765964 0.4499900195126874 0.9934596949831654
0 0.5355156396303119 0.978069560945011 0.4437890397399836 0.7116018225951615 0.4221275849838323 0.7190583785210848 0.5138541848741606 0.9855261168709342
0 0.4435046876024093 0.968415062043201 0.4124177732229296 0.6491992782950712 0.374012953122972 0.6529393419604341 0.4050998675024517 0.972155125708564
0 0.4180731542566976 0.975462650150954 0.3869366177760331 0.62007396612479 0.35828798672988604 0.622583947972225 0.38942452321055054 0.9779726319983888
0 0.4054132369379449 0.9868513666302456 0.3740661331112503 0.6313769926701924 0.3434283730352222 0.6340787487360982 0.37477547686191676 0.9895531226961515
0 0.36586059386411474 0.9898772842071212 0.34455505555081267 0.6283546153420414 0.3079675630446784 0.6305108182319575 0.3292731013579805 0.9920334870970373
0 0.3501885784988918 0.9911504092805059 0.33405039729720987 0.6163706757074058 0.2906491658132097 0.6182395519440882 0.3067873470148917 0.9930192855171883
0 0.33409998380515343 0.9875049605301738 0.32240735383587277 0.6097597473767726 0.26530196435860964 0.6115273731868662 0.2769945943278903 0.9892725863402674
0 0.30879778941480784 0.9922087138441678 0.2690172539170367 0.6817533267984097 0.2182851146891335 0.6882539441162082 0.25806565018690464 0.9987093311619661
0 0.2997927263798842 0.9968056675776429 0.2698290742454934 0.5683056328085768 0.16851397447853853 0.5753902772871105 0.19847762661292936 1.0038903120561766
0 0.2214156651970179 0.5696191089913317 0.14446211070016274 0.5693199268846507 0.14278862750502713 0.9997617126085341 0.21974218200188228 1.0000608947152152