0 0.2915437746692126 0.925351081050341 0.1890942326619039 0.19638493976766297 -0.008185733198817696 0.22411083951121621 0.09426380880849101 0.9530769807938944
0 0.2245014179391649 0.9237742547638484 0.12782557435258685 0.3118431438733621 0.0671962088434106 0.3214216649722306 0.16387205242998865 0.933352775862717
0 0.28187508000571304 0.8974784406037026 0.19278134977849545 0.31335145134549897 0.12783265766345264 0.32325772405728836 0.21692638789067026 0.9073847133154921
0 0.31558977600538507 0.8904089284724247 0.2280895233581865 0.3090064485345562 0.19174629018561454 0.3144760538326897 0.279246542832813 0.8958785337705581
0 0.4187094719083738 0.9179860299246233 0.3097436871277401 0.14265455107722297 0.2033672351350123 0.15760479350875517 0.312333019915646 0.9329362723561555
0 0.45727789490291954 0.8836715681342667 0.37039489020563876 0.26546706596140357 0.3259101919173465 0.2717189846011971 0.41279319661462727 0.8899234867740603
0 0.5889117484170902 0.8940656636044284 0.4835661379452498 0.1444927004443542 0.394596741995735 0.15699653368041364 0.49994235246757535 0.9065694968404878
0 0.50152460890839 0.8616927196382502 0.4200718187670799 0.2821259974756769 0.3736530031380407 0.28864973650943687 0.45510579327935086 0.8682164586720102
0 0.6686966142576571 0.8723457143180152 0.5774695000922138 0.22323098032910088 0.49817068970231215 0.2343756998213978 0.5893978038677555 0.8834904338103122
0 0.7119144854176597 0.8457933457594725 0.6362881805689331 0.2623416365698169 0.5820574953492113 0.2693709523949058 0.6576838001979377 0.8528226615845614
0 0.7484747108434867 0.8511069339459013 0.6745012017160336 0.251710310774794 0.6356079472398374 0.25651025525858195 0.7095814563672904 0.855906878429689
0 0.7781088257762221 0.8390332321453954 0.7038998215504357 0.22918257657986985 0.6640291395033899 0.2340341965388096 0.7382381437291764 0.8438848521043353
0 0.852095313927655 0.8504560643573613 0.7767245797030482 0.2085215416434088 0.7023848150335998 0.21724991260176202 0.7777555492582066 0.8591844353157146
0 0.954423019652406 0.8606882855398965 0.8731234339193573 0.04651353163051408 0.7754800869254591 0.05626372791463492 0.8567796726585077 0.8704384818240172
0 0.9923433788233972 0.8253858103858127 0.9238554192828774 0.14647266976933707 0.88150038776801 0.1507453955588153 0.9499883473085298 0.8296585361752908