0 0.14499967620047083 0.7253698597770224 0.11454961901814642 0.02660527176636125 0.0067395573854251555 0.03130330970055632 0.037189614567749565 0.7300678977112175
0 0.06376662063480272 0.7195700660954656 0.01794296223187119 0.048264028263413014 -0.0076833707451334915 0.05001329351991266 0.03814028765779803 0.7213193313519652
0 0.7457431157835765 0.15341458652455003 0.733481171261986 0.0670983441642937 0.2061684292942258 0.1420075317138389 0.2184303738158163 0.22832377407409524
0 0.1674472781762651 0.7143261742981564 0.12005958950747615 0.1343079361379523 0.09774255714843505 0.1361312453235325 0.14513024581722397 0.7161494834837365
0 0.1891440614380528 0.7223620654879057 0.145010318982757 0.11826310599418396 0.11645705888220322 0.1203491255241514 0.16059080133749898 0.7244480850178732
0 0.2482437612223308 0.7136111211409727 0.21020492790482131 0.12257763605097156 0.14451719764167067 0.12680528928132115 0.18255603095918016 0.7178387743713223
0 0.25584146451018197 0.7254302642570847 0.2265927209787947 0.2433819912047325 0.20410606279839824 0.2447463908608743 0.23335480632978553 0.7267946639132266
0 0.272345456194686 0.7305645890325199 0.24123594172154433 0.23856474934255084 0.22294967758021372 0.23972100337572874 0.25405919205335536 0.7317208430656978
0 0.3363640670473872 0.7457032251939192 0.3159767858657733 0.1845675796895156 0.23729410680161794 0.18742629293479812 0.25768138798323176 0.7485619384392017
0 0.3717461256939466 0.7516438284149544 0.35722550907457745 0.194049919864468 0.3151545999661955 0.19514551207346328 0.32967521658556465 0.7527394206239497
0 0.4035174630696682 0.7515602236814056 0.3919021214884796 0.22560471186610612 0.35687784308571846 0.22637819735707207 0.36849318466690717 0.7523337091723716
0 0.42909320187858224 0.7412271278093878 0.42030927170649857 0.2206477099480316 0.3904941999951001 0.22115079074416544 0.3992781301671837 0.7417302086055216
0 0.45703125 0.18468282031250005 0.416015625 0.18468282031250005 0.4160156250000001 0.7257254468750001 0.4570312500000001 0.7257254468750001
0 0.4829981129332867 0.7725147271610243 0.47850186226095337 0.27550290793085325 0.4505956370808474 0.27575536346384777 0.45509188775318077 0.7727671826940189
0 0.5136718750000001 0.2471108156250001 0.48046875 0.2471108156250001 0.4804687500000001 0.782951109375 0.5136718750000002 0.782951109375
0 0.5605468750000001 0.20549215156250006 0.505859375 0.20549215156250006 0.5058593750000001 0.7517371109375001 0.5605468750000002 0.7517371109375001
0 0.73046875 0.1326594906250001 0.5625 0.1326594906250001 0.5625000000000001 0.76474294375 0.7304687500000001 0.7647429437500001
0 0.802834835300313 0.22417324721283602 0.7272369976253261 0.21969189660966476 0.6944813086244548 0.7722617531765443 0.7700791462994416 0.7767431037797156
0 0.8567762781622239 0.15640199695429696 0.8150436444936993 0.15416374150448486 0.783008467004873 0.7514647898542623 0.8247411006733977 0.7537030453040744
0 0.8972817541529896 0.07366308639941369 0.7362306905528013 0.06375098677381931 0.6948763939377093 0.7356725478829137 0.8559274575378975 0.7455846475085081
0 0.9676550004501637 0.28457769686794254 0.9147939021332194 0.2817170445141684 0.8925551204359193 0.6926605218643916 0.9454162187528636 0.6955211742181657
0 1.0019349367749952 0.20312110469891254 0.9209237497977909 0.19671810788286453 0.897065492533665 0.4985745347563226 0.9780766795108693 0.5049775315723706
0 0.9832153111433973 0.29670954002643524 0.9628663380301381 0.29574452953275976 0.9445849857237508 0.6812395567835099 0.96493395883701 0.6822045672771854