0 0.09894326357621343 0.9267051384946731 0.051981748515408266 0.21231318335379107 -0.020894926470710264 0.21710382950442847 0.02606658859009489 0.9314957846453105
0 0.1466191575781487 0.8905575928390232 0.060822218184204434 0.2800806430291226 0.012469285266490864 0.2868762045263296 0.09826622466043512 0.8973531543362302
0 0.17599293114972117 0.8890561083359584 0.08766188510604149 0.2605481963824684 0.05865012594880246 0.2646255341298345 0.14698117199248212 0.8931334460833245
0 0.2658051529443946 0.8993805215422712 0.14560084770594442 0.1226067399679569 0.05750154240769181 0.13623994443052723 0.17770584764614197 0.9130137260048417
0 0.3195707891065197 0.8732410043082675 0.2132739301127086 0.2573334219645925 0.15772622327788172 0.26692016343379626 0.2640230822716928 0.8828277457774713
0 0.4052167223381504 0.8702807615338994 0.2804837443500784 0.15721139411403068 0.19766240571052157 0.17169883766647215 0.32239538369859366 0.8847682050863408
0 0.44614211932359904 0.8421926566141718 0.33941927742868055 0.25513724640669083 0.2975547529475485 0.2627479437097388 0.4042775948424671 0.8498033539172198
0 0.49869232562965377 0.8457474001176669 0.3752921666885135 0.19450552455166908 0.3239948959231318 0.2042255557769236 0.447395054864272 0.8554674313429216
0 0.520938524065472 0.8268114580677711 0.427208133008805 0.33013333410878537 0.40096729766258754 0.33508536166951136 0.49469768871925446 0.8317634856284972
0 0.5801145172529303 0.8417001585501834 0.4636162829629069 0.22112102349152174 0.4057370133021553 0.23198641089587962 0.5222352475921787 0.8525655459545414
0 0.6335757791529174 0.8370348408247125 0.5191151191694641 0.2137172406615154 0.4642066808564696 0.22380015198364173 0.578667340839923 0.8471177521468387
0 0.725783119172668 0.8215824268858072 0.6347222449443343 0.2823164742993659 0.5820346272155082 0.2912133469989752 0.673095501443842 0.8304792995854164
0 0.680831924420277 0.8282178431662137 0.5671402376484742 0.20807130891605344 0.5195808224417136 0.21679039358089813 0.6332725092135163 0.8369369278310584
0 0.8480709401880935 0.825320405595809 0.7234405613380708 0.04898022122715466 0.538918718460296 0.07860257963008002 0.6635490973103189 0.8549427639987345
0 0.8859325072434713 0.4286303603108993 0.8267450166726462 0.037943190242423944 0.7285133359247158 0.05282488363666926 0.7877008264955409 0.4435120537051446
0 0.9617131586234722 0.7969735814718792 0.8693011234495588 0.16895117364954276 0.84554744435409 0.17244647222605677 0.9379594795280035 0.8004688800483933
0 0.989080107582892 0.7747284617624859 0.8996217144513643 0.18031493076662736 0.8670156377033754 0.185222099059569 0.956474030834903 0.7796356300554275
0 1.0475204713064774 0.8031623176647236 0.9389419425879637 0.030585942777534725 0.8809184224232658 0.038740616742903966 0.9894969511417795 0.8113169916300927