0 0.203641515625 0.019233365625000012 2.3554079649486984e-18 0.019233365625000002 6.241004393984202e-17 1 0.20364151562500005 1
0 0.2547635812499999 1 0.2011715766294128 0.10357365967370873 0.12259650917527154 0.10827119608984362 0.1761885137958587 1.004697536416135
0 0.41044521308334386 0.9972039942188827 0.38114752145613306 0.01808918892848181 0.20249492859462143 0.023434944651689167 0.23179262022183225 1.0025497499420901
0 0.4543112186669182 0.9977485429965419 0.4325306439245821 0.10996179925522295 0.34240303263051824 0.11217295096251918 0.3641836073728543 0.9999596947038383
0 0.5145314819014194 0.9977301228926638 0.5072050241709627 0.10981306028496882 0.432728351559169 0.11042758861962305 0.44005480928962576 0.9983446512273181
0 0.6239144124378523 0.5486260433147072 0.6170288635933846 0.15415488290251025 0.5096233261555322 0.15602966146280312 0.5165088749999999 0.550500821875
0 0.682885686281749 0.10980232869194248 0.6093913041963788 0.10912390022147553 0.6012145244246606 0.9949171753134722 0.6747089065100308 0.9955956037839393
0 0.8535776872274237 0.9891009646898142 0.7404988199373318 0.02024220953911927 0.630605536107362 0.033068236028758344 0.7436844033974539 1.0019269911794535
0 0.8728155507823132 0.9489611643690374 0.798382217764835 0.1626175100051172 0.7561296478196529 0.1666170331043632 0.8305629808371311 0.9529606874682834
0 0.9135002796327137 0.9856728413897639 0.842705497158369 0.15997108635380144 0.7980515034275049 0.16379967186122793 0.8688462859018495 0.9895014268971902
0 0.8756524609375 1.1102230246251565e-16 0.8203670284146984 -0.0036368188108226174 0.8021926706021982 0.27264233743917743 0.857478103125 0.2762791562500001
0 0.9115212203125 1.2212453270876723e-16 0.8194601207977404 -0.007432591020896939 0.7790897536102406 0.4926003558541031 0.8711508531250003 0.5000329468750002