0 0.8168081602879201 0.006861170137305872 0.8155051760602978 -0.01794721749174999 0.11719725118136068 0.018729257648264608 0.11850023540898298 0.04353764527732047
0 0.8250701832798126 0.06614210365354943 0.8216474139289562 -0.00004648622996872298 0.1169043845891092 0.03639745139280286 0.12032715393996565 0.10258604127632101
0 0.8704793265197652 0.10338995943167775 0.8680884726429609 0.059828302200959346 0.11473244901316411 0.1011757688542499 0.11712330288996844 0.14473742608496828
0 0.8423648072290133 0.1538882278670042 0.838432208804973 0.09560644743033024 0.11831019999997372 0.14419711600162208 0.12224279842401393 0.20247889643829606
0 0.8738426353385726 0.2002965495114816 0.870598380408057 0.15103392112054254 0.1206659584315312 0.20042170323893305 0.12391021336204693 0.2496843316298721
0 0.8558399449540586 0.239990744010391 0.8519625067423682 0.19123816436198435 0.1256063049965657 0.24900744164451383 0.129483743208256 0.29776002129292045
0 0.8767981924290309 0.26208900044652506 0.8748481359444025 0.23727176977904813 0.12672127388399487 0.29605712170783616 0.1286713303686232 0.32087435237531314
0 0.9011496749801469 0.2828384139119761 0.8989628113593175 0.25648678619623866 0.1255444843688282 0.32067107193461164 0.12773134798965746 0.3470226996503491
0 0.9085485237949866 0.317877528970289 0.9054712245122103 0.2806567968638337 0.1244617406763979 0.34522833504786266 0.12753903995917426 0.3824490671543179
0 0.900899282018097 0.3490240339494528 0.8977348584019916 0.3139594630774588 0.1284182851087171 0.3833869071399453 0.13158270872482242 0.4184514780119393
0 0.890251256154319 0.3890501410036741 0.8863174630013205 0.34783308311546157 0.13592748425959644 0.4194509789987337 0.13986127741259485 0.4606680368869462
0 0.8784882224492103 0.4198302902568325 0.8754739603896813 0.38838608328529584 0.13637028884998784 0.4592370402579866 0.1393845509095169 0.4906812472295233
0 0.9043354720024551 0.45183727822510616 0.900765416285425 0.41587108852675725 0.13974550627264756 0.4914110193145772 0.1433155619896777 0.5273772090129262
0 0.8742036535845618 0.48423621278953644 0.8707329819888742 0.45121497776647895 0.1435296160010215 0.5276471301332845 0.14700028759670905 0.560668365156342
0 0.8921057803793249 0.511782868081389 0.8888357995128897 0.4815974069621983 0.14709216408672326 0.5619502459023163 0.1503621449531583 0.5921357070215069
0 0.9000102494307376 0.5522236314609623 0.8959271062298866 0.513375118409388 0.15026680131657472 0.5917471734764426 0.1543499445174256 0.6305956865280169
0 0.8769034752230918 0.6094523958243634 0.8694443902964755 0.546740842151668 0.15376184340599014 0.6318660955557687 0.16122092833260623 0.694577649228464
0 0.9181275958776165 0.6488743097808554 0.9126798250157447 0.6053695333486127 0.1572452017041607 0.6999668411944673 0.1626929725660325 0.74347161762671
0 0.9115888504867435 0.7185106631649638 0.9020277565457929 0.6462053632730115 0.1644368867411115 0.7437386783512746 0.17399798068206224 0.816043978243227
0 0.9084132781434955 0.7637021763221827 0.9021138399888955 0.7178734720495383 0.17635743445125254 0.8176331677369884 0.18265687260585248 0.8634618720096328
0 0.8968163421354527 0.823574865985041 0.8878741120764589 0.7617658002225886 0.18061752066584644 0.8640881872885877 0.18955975072484021 0.9258972530510402
0 0.9005430057149615 0.893492878249505 0.8908187413531851 0.8240921535930286 0.18648803812434217 0.9227812953882365 0.19621230248611868 0.9921820200447129
0 0.9092524489133057 0.9597399739461006 0.9025152627728616 0.8956399297710428 0.19746022328206103 0.9697442007031375 0.20419740942250514 1.0338442448781953