0 0.12856886302716666 0.05934896257821939 0.09209825662425297 0.04953563653614907 -0.036067568201001335 0.5258558292483542 0.00040303820191236463 0.5356691552904245
0 0.1814626381963421 0.09653592711877053 0.12065826608331062 0.08011022839942655 -0.05627823490940367 0.7350907580294291 0.0045261372036278 0.7515164567487731
0 0.3047640589322003 0.12316256793759513 0.18324700228939372 0.08646280520967471 -0.030841619221840987 0.7953343949153246 0.0906754374209656 0.8320341576432451
0 0.3300178046596614 0.16355494855538244 0.29287944669764243 0.1522928439055588 0.08924034534426886 0.8238211306937556 0.1263787033062878 0.8350832353435791
0 0.3548099009452207 0.18524254440657784 0.3243961084170114 0.17601160173646307 0.1260850503866982 0.8294000573391932 0.1564988429149075 0.8386310000093079
0 0.38770875909256247 0.16664696919004904 0.3594742002339987 0.15814667156315382 0.15664633566362954 0.8318589969115328 0.1848808945221933 0.8403592945384281
0 0.42889693529359063 0.21786505063957776 0.37040443568823506 0.20089930485000324 0.18819022500519952 0.8291159938573962 0.2466827246105551 0.8460817396469708
0 0.4606073486045236 0.20589629611783575 0.42399178500345613 0.1960604538614293 0.2507905457966607 0.8408309599997793 0.2874061093977282 0.8506668022561857
0 0.5004783777332631 0.22408839950288179 0.45037300026527216 0.21206048639578706 0.2975171672310732 0.8488209239022012 0.3476225446990641 0.860848837009296
0 0.5285325364602005 0.20633028612849244 0.5008015319403667 0.19991901026775175 0.34775209744784685 0.8619112021276314 0.3754831019676806 0.8683224779883719
0 0.558544790032295 0.24695664948894058 0.5113891020115056 0.23691064521497526 0.3782006532148712 0.8620938293097113 0.42535634123566063 0.8721398335836767
0 0.581785997504716 0.25369837343521173 0.5539045352985236 0.2484389652185476 0.4363106279559565 0.871834212018744 0.4641920901621489 0.877093620235408
0 0.6096246920995687 0.26706137544138037 0.5690529761476844 0.2602321059231901 0.4652768631330718 0.8767511887628554 0.5058485790849563 0.8835804582810457
0 0.651591326529977 0.2648977518226626 0.6106395307927575 0.258041197356844 0.5066760939020447 0.8789783536081689 0.5476278896392642 0.8858349080739878
0 0.7192411423376193 0.2394393618537925 0.6555815398494091 0.2293566706721871 0.550173778259013 0.8948750408329833 0.613833380747223 0.9049577320145887
0 0.8024288828696291 0.24693314781569323 0.7104931225068967 0.23394060982919776 0.6148046854123148 0.9110361266062703 0.7067404457750472 0.9240286645927658
0 0.8343535324972795 0.27509024163842416 0.7944787713212002 0.26965021182880344 0.7057221021581002 0.9202258721687271 0.7455968633341795 0.9256659019783477
0 0.8712208193730545 0.276438664728021 0.8324266636215757 0.27116728022768033 0.7434272342189576 0.9261484764987514 0.7822213899704364 0.9314198609990921
0 0.9190209620727469 0.292554360487717 0.8666882866500387 0.28541472330664375 0.7790844177568544 0.9275404672749602 0.8314170931795626 0.9346801044560336
0 0.9686973379911656 0.28210415202059935 0.9135375673718537 0.27525774373912404 0.8319986530334168 0.9321960428507131 0.8871584236527287 0.9390424511321885
0 0.9908161372725329 0.35794230287770445 0.958830538154879 0.3538101033872442 0.8843131418371641 0.930617581199578 0.9162987409548181 0.9347497806900382
0 1.0354741429528427 0.3144830201558073 0.9680584328412142 0.3038478194417285 0.8696634610835596 0.9275658921692809 0.9370791711951882 0.9382010928833597