0 0.06198493170357653 0.08786286783035957 0.02102551737304856 0.0857162755065459 -0.010293045055605698 0.6833099408340804 0.030666369274922268 0.685456533157894
0 0.12233579387439195 0.11106164206814981 0.05642665695535846 0.1040880950292145 -0.017824188025580844 0.8058556576310194 0.04808494889345265 0.8128292046699548
0 0.1662286211298802 0.07203840854728985 0.12282926943628121 0.067585282705561 0.04581683505510029 0.8181344123011224 0.0892161867486993 0.8225875381428512
0 0.21170709296168636 0.1077064605288085 0.1535276640814293 0.10247336307275609 0.08886820036250125 0.8213307324343994 0.1470476292427583 0.8265638298904519
0 0.2624682697268273 0.08387603814737724 0.2133046334488476 0.07937397799002463 0.14476909152170614 0.8277994404790876 0.19393272779968584 0.8323015006364403
0 0.2988575190282093 0.10786662649033633 0.25009859958562186 0.1040697434524199 0.19352949979439873 0.8305204010353678 0.24228841923698616 0.8343172840732842
0 0.32396230471994714 0.09062333945717105 0.2991455586074887 0.08866711718135911 0.24017433778735456 0.8367793501982211 0.26499108389981296 0.838735572474033
0 0.34826566706599815 0.06981758727173519 0.32189637019398265 0.06785522417875549 0.26430115969952295 0.8417921216713264 0.2906704565715385 0.8437544847643063
0 0.3840308246633831 0.06799115442842855 0.34678694847803754 0.06520796216352898 0.28838670795037336 0.846703137627164 0.32563058413571894 0.8494863298920636
0 0.4135972640944141 0.08041860927716715 0.3784693717835528 0.07805876617097611 0.32669442096328327 0.8487646203199637 0.3618223132741446 0.8511244634261548
0 0.45146486209161435 0.09719700131697911 0.41013987306022026 0.09463459474594095 0.36348918326871094 0.8469895354999487 0.404814172300105 0.8495519420709868
0 0.4800259178439522 0.1136302913701754 0.44849730707251706 0.11168848501741169 0.40285467984023093 0.8527760947805044 0.4343832906116661 0.8547179011332681
0 0.5156822453005692 0.09310825891585259 0.4796003797037722 0.09100800965323601 0.43516054503793977 0.85447555138624 0.47124241063473676 0.8565758006488565
0 0.5429686389256512 0.12793741522843088 0.5098110168854928 0.12619969788180674 0.47154249418083916 0.8564066065837329 0.5047001162209976 0.8581443239303571
0 0.5729766579144832 0.11456493890727722 0.5426512943181615 0.11307261459056475 0.5059805892688508 0.858254108653214 0.5363059528651724 0.8597464329699266
0 0.6141560575525119 0.11308411554908578 0.5751470912268161 0.11103974239743634 0.535907289177733 0.8597798222232098 0.5749162555034288 0.8618241953748594
0 0.6670655476576897 0.1448589592119287 0.6039592188995837 0.14241596208338186 0.5760790230656452 0.8626037934884142 0.6391853518237512 0.865046790616961
0 0.7124509865655245 0.11030932288623581 0.6686296066429139 0.1088843762107943 0.6438862535092162 0.8698166250580293 0.6877076334318268 0.8712415717334707
0 0.7802071160893678 0.12766108916237143 0.7072963297272721 0.12579342925951179 0.6882442146944425 0.8695609036148927 0.7611550010565382 0.8714285635177521
0 0.8243454770099085 0.13786707542568066 0.7780955507835523 0.13691976823853677 0.7630937245642868 0.8693467626895519 0.8093436507906429 0.8702940698766957
0 0.8816668730165119 0.158687385107899 0.8192199056635732 0.15785045348193807 0.8096432295635572 0.8724062919959057 0.8720901969164959 0.8732432236218666
0 0.9513070585508696 0.16594419169504437 0.8812395620155874 0.1646920690278247 0.8685320803260479 0.8757896735708937 0.9385995768613302 0.8770417962381133
0 1 0.16612091562500014 0.9385737953125 0.16612091562500014 0.9385737953125 0.8756213 1 0.8756213