0 0.13442541953870682 0.00186833308425855 0.0719682341085049 -0.008060359123890916 -0.05960436547309519 0.8196069788621397 0.0028528199571067336 0.829535671070289
0 0.17466366699875177 0.012043965660849523 0.13082550722576167 0.005219876840273608 -0.0005892634549002906 0.8494324691880271 0.04324889631808981 0.856256558008603
0 0.21975449964166716 0.01833723134928214 0.17294080509793558 0.011168795130559328 0.043736573428343625 0.8549410280954044 0.09055026797207522 0.8621094643141272
0 0.2522209567359634 0.03809884292577283 0.21229334989605264 0.03210716597611452 0.08800755530877183 0.8603284442194064 0.12793516214868259 0.8663201211690644
0 0.29605456204898284 0.03808944780607626 0.2531156462986704 0.03152342519523737 0.12567045506988678 0.8649592284654973 0.16860937082019922 0.8715252510763362
0 0.33333604619728 0.020377269976192564 0.2926484141244517 0.014523330588459898 0.16950639785078886 0.870418262016788 0.2101940299236172 0.8762722014045206
0 0.3745095051268941 0.04758227714438568 0.32759608019470754 0.04103434763618946 0.21112155121308165 0.8755300557912002 0.2580349761452682 0.8820779852993965
0 0.4100043988182008 0.0684494903660816 0.3697941192703562 0.0630443391281792 0.25904083683732215 0.8869658635149664 0.2992511163851667 0.8923710147528687
0 0.44926572498976436 0.056815337614233206 0.4129747512249769 0.0518651917809392 0.2984072820390111 0.8917929754355989 0.3346982558037986 0.8967431212688928
0 0.4908458010761862 0.07831455569462502 0.44308323807703653 0.07227258067116593 0.33946719913573875 0.8913702380498887 0.38722976213488847 0.8974122130733477
0 0.5335010491926149 0.06689290856087118 0.49279117194958866 0.06189435488554 0.3895074883253045 0.9030708940718661 0.43021736556833073 0.9080694477471972
0 0.5619087695206806 0.07592546499824139 0.5347688341420507 0.07259309994831194 0.43215601122911274 0.908307477319692 0.4592959466077426 0.9116398423696215
0 0.5931132139050581 0.07960978071391538 0.5581206338182743 0.07548348779169647 0.45950284000217756 0.9118010040566338 0.4944954200889615 0.9159272969788527
0 0.6211523276362555 0.09404800382025894 0.5869485218408161 0.09028381592171617 0.49661766643190397 0.9110874312084176 0.5308214722273433 0.9148516191069603
0 0.656746058771115 0.07057193268885209 0.6232097925126376 0.06692533591431424 0.5303632488498546 0.9207972065844825 0.563899515108332 0.9244438033590203
0 0.6860217204008882 0.09620053504881546 0.6523886544320235 0.09270716842790165 0.5659098203459366 0.9252989480353451 0.5995428863148012 0.9287923146562589
0 0.7282327211060803 0.09560378915707415 0.68575388995682 0.09133015910599954 0.6013831395483142 0.9299546581166489 0.6438619706975746 0.9342282881677235
0 0.7599828163935732 0.09964240935818727 0.7253706298388715 0.09624263568873723 0.6424747383360067 0.9401835389017463 0.6770869248907083 0.9435833125711964
0 0.794700530661626 0.10360498750323766 0.7556604162666504 0.09997926414396337 0.6776935708383147 0.9394902424848084 0.7167336852332904 0.9431159658440826
0 0.828796793315522 0.10240685329709547 0.7947784370752903 0.09924750945338001 0.716318932145293 0.9440632437236959 0.7503372883855248 0.9472225875674113
0 0.8676832439710702 0.09073362727673638 0.8239066475167911 0.08696430764841966 0.7497204627357636 0.9485571132158077 0.7934970591900428 0.9523264328441245
0 0.8894297587771366 0.13204710233273648 0.8588524427660884 0.12929015618116851 0.7846449919954919 0.9523256990757336 0.81522230800654 0.9550826452273015
0 0.9203477194590504 0.13030768288887135 0.8890127435970984 0.12750609955029457 0.8149199786901983 0.9562142689394036 0.8462549545521503 0.9590158522779806
0 0.9542149387237568 0.13417653020088854 0.916810087810813 0.1311308640308359 0.8492587818128055 0.9607511798340191 0.8866636327257496 0.9637968460040718
0 0.9948901917965001 0.13900481566822442 0.9532346225963115 0.13532708837359725 0.880030664325426 0.9644675616042842 0.9216862335256145 0.9681452888989114
0 1.0339531856873219 0.14370875061926425 0.9904869079495049 0.1398897048521875 0.9176507673084562 0.9688705842507126 0.9611170450462734 0.9726896300177895