0 0.15236983288939085 0.09000457985282262 0.035289936717777276 0.08941468453196827 0.03129505803667595 0.882301091096689 0.14837495420828956 0.8828909864175433
0 0.150390625 0.04153370156250001 5.40431217228662e-18 0.041533701562500004 5.711616228348234e-17 0.886052303125 0.15039062500000006 0.886052303125
0 0.22167175731693253 0.8857391311669242 0.2146399801846584 0.09653963500147074 0.11866692498007536 0.09739475609338864 0.12569870211234951 0.8865942522588421
0 0.3082601426190107 0.8784851598957447 0.29866503056784655 0.11332575882447064 0.20371468392800876 0.11451643780460286 0.2133097959791729 0.879675838875877
0 0.36728437459867874 0.10384628928456989 0.30100286711666957 0.10310318916560739 0.2934311844149283 0.7784664825365748 0.3597126918969375 0.7792095826555373
0 0.4360083092754671 0.12480180984375497 0.3637038844181475 0.12350652594541003 0.35215855465285056 0.7679817869553979 0.42446297951017015 0.7692770708537429
0 0.5012174869505313 0.12188296876988558 0.4358937976553562 0.11964889550296083 0.41362265400439735 0.7708510246551775 0.47894634329957253 0.7730850979221022
0 0.5481406472379378 0.11931580202183119 0.4986771180965858 0.11689820056077031 0.466738613656163 0.770352117827523 0.5162021427975149 0.7727697192885838
0 0.6234184223403677 0.14584447426720598 0.5467611970735712 0.1400540692773773 0.499204941188624 0.7696353553223896 0.5758621664554205 0.7754257603122183
0 0.6616208823904998 0.17952053477080082 0.6198398405953454 0.1761841563555449 0.5734166312210608 0.7575360924138597 0.6151976730162152 0.7608724708291156
0 0.6093750000000001 0.5953163921875 0.580078125 0.5953163921875 0.5800781250000001 0.7579900562499999 0.6093750000000002 0.7579900562499999
0 0.7001133970547138 0.15791471234529894 0.6213548002139113 0.15103313241560534 0.5685470653310226 0.7554093286102179 0.647305662171825 0.7622909085399115
0 0.7421575682863926 0.23939183869569552 0.6930624244745129 0.23488181561318036 0.6438819501755689 0.7702499089171679 0.6929770939874487 0.7747599319996831
0 0.787109375 0.1626736656250001 0.68359375 0.1626736656250001 0.6835937500000001 0.7510677734375001 0.7871093750000001 0.7510677734375002
0 0.8303221971651462 0.20085508356494822 0.7871745860789163 0.19662060869272896 0.7328980459863212 0.7496769176073909 0.7760456570725511 0.7539113924796101
0 0.8801211351736582 0.20555684423346712 0.8295928598775519 0.19985421537560166 0.767716895831142 0.7481076303311812 0.8182451711272481 0.7538102591890466
0 0.936708440220148 0.20855527784915767 0.8845579573191188 0.2017640722291089 0.811305866006316 0.764275671671079 0.863456348907345 0.7710668772911279
0 0.9862194179181184 0.13700855935135445 0.6755380109284543 0.09064561615465075 0.664890449025777 0.1619956919878123 0.9755718560154409 0.208358635184516
0 0.9399102864971758 0.33706503961700085 0.9063502988816449 0.3336604684859902 0.8627968895093959 0.7629808800448198 0.8963568771249267 0.7663854511758305
0 1 0.32880847187500006 0.890625 0.32880847187500006 0.890625 0.8722077359375 1 0.8722077359375