0 0.20492688878967075 0.050695163354039896 0.08879157806762375 0.03584121473798617 -0.0118020701657087 0.8223307129994974 0.1043332405563383 0.8371846616155512
0 0.20886954669054408 0.002344374492762452 0.05959990661976381 -0.015983630689474646 -0.04332100957321476 0.8222400583113423 0.1059486304975655 0.8405680634935793
0 0.2659364603315825 0.06477032947408999 0.17057456014149286 0.05392290333338197 0.08137469900339765 0.8380967842597276 0.17673659919348733 0.8489442104004356
0 0.3472894860181421 0.09167141006570331 0.2529017788287636 0.08128167777309928 0.16917589765729102 0.8419070465144293 0.2635636048466695 0.8522967788070334
0 0.4165526100137411 0.09062519211875203 0.3508557159850299 0.08180994699244618 0.2610343884619307 0.7512164298812666 0.3267312824906419 0.7600316750075724
0 0.4822104508186674 0.11979985442981003 0.41060282748782023 0.10970253251787451 0.3206017773968594 0.7479669505984978 0.39220940072770666 0.7580642725104333
0 0.5472892869405788 0.12484977089701951 0.4827247746253419 0.11467139454374427 0.3812580583484226 0.7583053912901652 0.4458225706636595 0.7684837676434404
0 0.5941755469280116 0.12802023311605787 0.5453753431238026 0.11959256430420666 0.4340389035659924 0.7642834109136236 0.4828391073702013 0.7727110797254749
0 0.6656591816278608 0.16352521790020214 0.5902790211928151 0.1484358082066053 0.46635058500743315 0.7675286416447846 0.5417307454424789 0.7826180513383815
0 0.6994728070406879 0.20160597097686175 0.6584097967939578 0.1932026332085349 0.5414836397135229 0.7645636945717359 0.5825466499602531 0.7729670323400628
0 0.5969435871577928 0.6079353773400473 0.567865086273537 0.6043649867727114 0.5480401558078721 0.7658261062788322 0.577118656692128 0.7693964968461681
0 0.7403114913490965 0.18485225306081818 0.6629786028718364 0.16842370889616295 0.5369095584828054 0.761859332434038 0.6142424469600656 0.7782878765986933
0 0.7721127081618977 0.2708459553835363 0.7239331459232747 0.26038635648215236 0.6098742975926009 0.7857703060795173 0.6580538598312239 0.7962299049809012
0 0.8260790459194167 0.20017788145481172 0.7233350093332283 0.18756249479337778 0.6516277766106653 0.771570796723928 0.7543718131968539 0.784186183385362
0 0.8643166189734582 0.24334101359222776 0.8220066756257178 0.23387973152889802 0.7007341062169521 0.7761989972451999 0.7430440495646924 0.7856602793085297
0 0.9131713647722435 0.2540766926360948 0.8637146949901643 0.24225872108795837 0.735484646382088 0.7788847524096918 0.7849413161641672 0.7907027239578281
0 0.9689714580858709 0.26394903320993907 0.9180373373600194 0.25085290324751214 0.7767783368059702 0.8002444417001238 0.8277124575318217 0.8133405716625507
0 1.01669314540711 0.19615988781316787 0.7241173280455843 0.11508958349457424 0.7048537443140226 0.18461021503710562 0.9974295616755484 0.26568051935569925
0 0.9564880377411507 0.39189111003737886 0.9235931134485575 0.3844219823371411 0.8280433488274171 0.8052344787264378 0.8609382731200104 0.8127036064266754
0 1.017136074473052 0.3910191785752215 0.9085763386717582 0.37768971930405343 0.8423526281102116 0.917038568802645 0.9509123639115054 0.9303680280738129